-165.422,174.136,SER-2
-64.0275,149.473,SER-3
-78.0286,124.344,VAL-4
-56.765,134.428,PRO-5
-75.0136,127.75,SER-6
-90.2705,-13.1449,GLN-7
-49.6297,111.068,LYS-8
-63.963,138.103,THR-9
-155.993,151.873,TYR-10
-86.6589,-36.1913,GLN-11
67.7581,-171.52,GLY-12
-64.0127,-23.9053,SER-13
-101.216,-3.43495,TYR-14
83.3056,30.2951,GLY-15
-62.7841,121.824,PHE-16
-158.733,176.529,ARG-17
-124.8,162.275,LEU-18
-138.763,162.158,GLY-19
-136.044,153.081,PHE-20
-48.8163,122.494,LEU-21
-72.6408,140.837,HIS-22
-159.134,-15.1153,SER-23
67.0451,-137.684,GLY-24
-147.818,0.616719,THR-25
-63.2408,164.674,ALA-26
-48.0989,-38.8625,LYS-27
-65.1581,-1.80867,SER-28
-78.7245,103.184,VAL-29
-83.1966,-36.5077,THR-30
-153.527,152.017,CYS-31
-151.1,176.849,THR-32
-148.363,124.988,TYR-33
-89.2245,102.221,SER-34
-71.293,-20.1766,PRO-35
-74.3127,-25.2467,ALA-36
-95.6198,-3.59811,LEU-37
53.8734,29.8828,ASN-38
-131.001,125.508,LYS-39
-92.1772,120.862,MET-40
-95.301,89.4894,PHE-41
-89.6244,143.856,CYS-42
-83.051,140.427,GLN-43
-57.9471,140.674,LEU-44
59.1762,-1.36869,ALA-45
-87.2807,153.849,LYS-46
-77.4846,106.478,THR-47
-96.4066,121.881,CYS-48
-90.0617,142.833,PRO-49
-115.131,145.585,VAL-50
-104.318,125.957,GLN-51
-113.709,125.264,LEU-52
-96.484,132.603,TRP-53
-137.86,132.579,VAL-54
-70.0019,-22.9743,ASP-55
-152.79,132.27,SER-56
-45.2858,116.286,THR-57
-73.6135,156.837,PRO-58
-82.1892,129.453,PRO-59
-60.1691,134.097,PRO-60
104.947,-7.98533,GLY-61
-74.196,133.05,THR-62
-106.047,146.217,ARG-63
-93.8999,129.011,VAL-64
-109.852,162.151,ARG-65
-150.721,132.141,ALA-66
-147.784,150.435,MET-67
-160.821,119.485,ALA-68
-129.645,147.903,ILE-69
-95.6324,139.795,TYR-70
-100.497,116.326,LYS-71
-123.477,-167.495,GLN-72
-84.6735,-34.9943,SER-73
-125.916,22.5407,GLN-74
-168.382,124.134,HIS-75
-151.905,20.7067,MET-76
-91.7758,-12.7449,THR-77
-70.4588,154.351,GLU-78
-103.033,145.558,VAL-79
-62.9766,131.363,VAL-80
-150.975,158.574,ARG-81
-67.5619,153.756,ARG-82
-46.7406,144.307,CYS-83
-66.4885,-16.8713,PRO-84
-78.9053,-17.8389,HIS-85
-113.375,-10.5844,HIS-86
-75.9673,16.2105,GLU-87
-166.45,-28.6194,ARG-88
-56.7249,155.081,CYS-89
-54.3053,-22.6892,SER-90
-68.9577,-20.1994,ASP-91
-106.291,-17.4314,SER-92
-94.1603,133.05,ASP-93
-177.809,-139.843,GLY-94
-54.1686,-44.4096,LEU-95
-77.0158,140.719,ALA-96
-60.9658,130.959,PRO-97
-58.8818,-20.357,PRO-98
-69.0115,-25.0419,GLN-99
-63.3497,126.089,HIS-100
-82.2249,-47.3635,LEU-101
-81.8426,116.746,ILE-102
-143.323,150.539,ARG-103
-122.379,147.251,VAL-104
-169.628,-178.82,GLU-105
69.0102,23.3752,GLY-106
-152.397,142.157,ASN-107
-84.4875,-35.3343,LEU-108
-89.4626,35.9178,ARG-109
-86.5731,137.738,VAL-110
177.188,164.034,GLU-111
-110.8,146.36,TYR-112
-150.294,154.236,LEU-113
-80.2504,160.509,ASP-114
-96.2662,126.459,ASP-115
-52.3412,-31.765,ARG-116
-116.625,-26.5001,ASN-117
-123.654,-6.69627,THR-118
76.0427,-18.4886,PHE-119
-61.5521,121.072,ARG-120
-57.0548,105.099,HIS-121
-131.051,148.834,SER-122
-66.3559,134.292,VAL-123
-131.785,147.069,VAL-124
-141.409,154.721,VAL-125
-68.8085,159.431,PRO-126
-98.8136,135.388,TYR-127
-141.173,159.363,GLU-128
-51.9823,170.146,PRO-129
-49.3576,135.001,PRO-130
-70.7132,159.966,GLU-131
-35.5027,120.302,VAL-132
78.0973,-19.1384,GLY-133
-62.2793,163.121,SER-134
-92.2275,-37.8941,ASP-135
-125.325,159.074,CYS-136
-69.4165,152.997,THR-137
-114.745,126.367,THR-138
-121.843,138.047,ILE-139
-114.479,143.361,HIS-140
-133.791,153.321,TYR-141
-131.104,143.765,ASN-142
-130.094,162.441,TYR-143
-156.554,122.114,MET-144
-169.374,155.809,CYS-145
-72.2047,157.692,ASN-146
-132.63,-17.7888,SER-147
-74.5486,-32.4567,SER-148
-94.9414,169.751,CYS-149
-78.9117,-13.7786,MET-150
84.1874,-141.616,GLY-151
-87.3028,-12.0287,GLY-152
-164.735,-55.4723,ILE-153
-157.486,158.381,ASN-154
-59.8959,122.416,ARG-155
-139.113,154.466,ARG-156
-89.7225,171.486,PRO-157
-141.975,141.907,ILE-158
-99.2005,179.423,LEU-159
-150.131,157.965,THR-160
-132.169,102.232,ILE-161
-98.0258,132.253,ILE-162
-125.815,157.352,THR-163
-110.645,136.414,LEU-164
-154.824,169.842,GLU-165
-84.3239,162.696,ASP-166
-62.4187,-11.6234,SER-167
-99.2406,8.35528,SER-168
53.2217,11.6678,GLY-169
-61.6701,124.569,ASN-170
-62.017,131.863,LEU-171
-118.974,-34.019,LEU-172
-159.834,166.239,GLY-173
-155.441,142.929,ARG-174
-155.829,141.734,ASN-175
-136.504,140.489,SER-176
-148.451,170.64,PHE-177
-92.777,135.007,GLU-178
-113.854,151.172,VAL-179
-145.56,115.768,ARG-180
-76.0286,102.165,VAL-181
-86.7466,160.633,CYS-182
-84.4399,-54.261,ALA-183
-118.39,80.7205,CYS-184
-70.3182,-22.8083,PRO-185
-74.9039,-40.555,GLY-186
-69.2758,-40.2672,ARG-187
-73.782,-42.3705,ASP-188
-52.2067,-48.7967,ARG-189
-59.5696,-40.0401,ARG-190
-48.5464,-46.1277,THR-191
-98.1508,-29.0754,GLU-192
-81.1417,-25.1792,GLU-193
-77.0577,5.9335,GLU-194
-93.4705,-20.1413,ASN-195
-65.703,147.193,LEU-196
-75.8973,-37.2854,ARG-197
-81.3362,156.276,LYS-198
-53.2206,154.245,LYS-199
-110.441,-157.816,GLY-200
-94.1244,105.536,GLU-201
-79.3211,177.405,PRO-202
-133.036,-132.595,HIS-203
-65.8015,126.526,HIS-204
-72.152,-49.5241,GLU-205
-58.6703,-47.1497,LEU-206
-69.7958,147.059,PRO-207
-81.6055,176.142,PRO-208
-99.8203,-139.46,GLY-209
-156.701,176.576,SER-210
-86.0281,159.395,THR-211
-86.0454,152.295,LYS-212
65.1432,168.698,ARG-213
-76.039,165.013,ALA-214
-85.9487,-37.8709,LEU-215
-52.6276,130.419,PRO-216
-83.3609,55.1788,ASN-217
-70.46,146.611,ASN-218
-162.902,155.596,SER-2
-76.458,149.481,SER-3
-63.5393,121.129,VAL-4
-46.6143,151.5,PRO-5
-91.5495,141.44,SER-6
-79.7415,-20.2786,GLN-7
-50.0336,113.11,LYS-8
-78.1663,114.782,THR-9
-140.827,150.231,TYR-10
-98.0746,-28.8412,GLN-11
77.8663,-159.242,GLY-12
-66.2073,-18.8616,SER-13
-119.705,1.13807,TYR-14
96.7745,13.4271,GLY-15
-46.615,126.358,PHE-16
-171.353,142.351,ARG-17
-71.7242,154.858,LEU-18
-133.463,151.889,GLY-19
-138.737,121.86,PHE-20
-46.9028,152.136,LEU-21
-85.7252,151.221,HIS-22
-148.99,-26.872,SER-23
80.1411,-137.347,GLY-24
-156.031,-0.565482,THR-25
-66.7684,173.941,ALA-26
-61.2594,-13.7305,LYS-27
-78.7135,-18.4728,SER-28
-67.462,117.414,VAL-29
-94.701,-23.2481,THR-30
-160.17,142.275,CYS-31
-157.423,173.297,THR-32
-143.083,125.78,TYR-33
-108.61,109.242,SER-34
-49.1335,-47.8414,PRO-35
-66.8797,-23.6055,ALA-36
-106.807,-20.1359,LEU-37
58.5975,36.9822,ASN-38
-117.077,132.617,LYS-39
-106.908,136.93,MET-40
-114.234,125.947,PHE-41
-131.742,142.539,CYS-42
-69.1999,134.146,GLN-43
-50.3156,134.781,LEU-44
74.8689,-12.1021,ALA-45
-83.9772,153.005,LYS-46
-62.2184,131.258,THR-47
-124.04,94.6194,CYS-48
-61.6717,117.48,PRO-49
-107.662,129.166,VAL-50
-93.5428,143.627,GLN-51
-114.989,121.886,LEU-52
-94.1213,151.438,TRP-53
-137.798,155.795,VAL-54
-99.254,-31.596,ASP-55
-133.01,139.683,SER-56
-62.1217,126.526,THR-57
-50.2457,153.052,PRO-58
-67.2144,173.022,PRO-59
-64.1695,150.543,PRO-60
86.1944,-15.3263,GLY-61
-56.724,138.644,THR-62
-117.435,156.032,ARG-63
-117.572,137.865,VAL-64
-121.434,150.982,ARG-65
-122.823,128.789,ALA-66
-128.054,160.865,MET-67
-156.273,128.991,ALA-68
-125.851,124.431,ILE-69
-75.4399,147.237,TYR-70
-140.841,143.211,LYS-71
-146.532,168.747,GLN-72
-69.6228,-18.839,SER-73
-132.413,22.392,GLN-74
-153.912,126.045,HIS-75
-144.366,-5.90291,MET-76
-62.2505,-7.3977,THR-77
-76.912,153.381,GLU-78
-101.546,141.334,VAL-79
-58.9462,128.874,VAL-80
-144.073,157.358,ARG-81
-49.7312,154.592,ARG-82
-61.8766,152.779,CYS-83
-75.9806,-19.4498,PRO-84
-63.8591,-10.7965,HIS-85
-125.046,-14.7618,HIS-86
-74.7002,-4.33641,GLU-87
-127.198,-33.063,ARG-88
-41.8332,153.447,CYS-89
-57.1244,-20.2335,SER-90
-81.2896,-21.0861,ASP-91
-100.437,-29.1752,SER-92
-65.3485,151.186,ASP-93
152.104,-131.172,GLY-94
-60.2686,-45.098,LEU-95
-89.063,158.876,ALA-96
-66.6079,151.294,PRO-97
-67.726,-23.1232,PRO-98
-65.7268,-28.8331,GLN-99
-74.7085,144.257,HIS-100
-107.332,-37.0177,LEU-101
-81.4163,130.125,ILE-102
-152.361,161.62,ARG-103
-116.313,170.037,VAL-104
-169.845,169.459,GLU-105
79.8821,-16.3004,GLY-106
-99.0109,153.653,ASN-107
-92.1059,-55.5942,LEU-108
-91.6365,46.0235,ARG-109
-78.3827,137.644,VAL-110
177.306,150.853,GLU-111
-106.275,139.217,TYR-112
-146.313,148.558,LEU-113
-63.9103,152.963,ASP-114
-91.1065,134.056,ASP-115
-74.728,-6.85584,ARG-116
-131.905,-11.7365,ASN-117
-108.986,-5.05433,THR-118
63.9868,-14.5551,PHE-119
-59.4196,110.289,ARG-120
-52.8837,124.153,HIS-121
-165.99,156.946,SER-122
-72.9956,143.349,VAL-123
-131.385,149.079,VAL-124
-139.141,159.534,VAL-125
-78.8092,149.428,PRO-126
-65.8639,130.543,TYR-127
-137.922,161.501,GLU-128
-74.6385,169.595,PRO-129
-55.0979,151.942,PRO-130
-93.2982,169.439,GLU-131
-61.2985,125.29,VAL-132
79.354,2.73477,GLY-133
-111.87,151.571,SER-134
-95.5962,-42.81,ASP-135
-115.598,162.019,CYS-136
-64.4464,118.101,THR-137
-89.7153,121.413,THR-138
-116.526,123.45,ILE-139
-89.8366,127.69,HIS-140
-107.533,179.308,TYR-141
-160.685,164.048,ASN-142
-153.81,168.43,TYR-143
-162.169,122.014,MET-144
-168.761,160.411,CYS-145
-73.7954,151.123,ASN-146
-126.451,-12.2083,SER-147
-108.558,-36.267,SER-148
-74.8409,171.831,CYS-149
-75.5115,-20.982,MET-150
86.3145,-137.856,GLY-151
-49.7419,-58.9949,GLY-152
-172.743,-23.882,ILE-153
-163.212,136.751,ASN-154
-68.7535,130.3,ARG-155
-154.026,160.347,ARG-156
-76.0154,147.675,PRO-157
-129.591,127.314,ILE-158
-109.919,159.256,LEU-159
-137.57,159.918,THR-160
-126.16,115.601,ILE-161
-96.9142,134.84,ILE-162
-122.685,158.047,THR-163
-102.49,133.391,LEU-164
-136.232,152.071,GLU-165
-59.1841,163.836,ASP-166
-68.0493,-21.4947,SER-167
-75.0447,1.9401,SER-168
82.3216,-2.00287,GLY-169
-67.1231,134.797,ASN-170
-72.6485,136.932,LEU-171
-122.637,-27.0686,LEU-172
-170.795,165.44,GLY-173
-148.085,134.781,ARG-174
-135.045,136.185,ASN-175
-122.24,148.054,SER-176
-162.438,161.737,PHE-177
-98.6661,126.827,GLU-178
-92.0028,143.254,VAL-179
-136.448,121.898,ARG-180
-87.0297,125.143,VAL-181
-123.865,155.836,CYS-182
-86.7838,-42.6672,ALA-183
-120.404,72.8241,CYS-184
-55.9451,-21.0658,PRO-185
-65.628,-68.9765,GLY-186
-50.2081,-42.4214,ARG-187
-69.6098,-29.118,ASP-188
-57.8674,-46.8858,ARG-189
-67.0154,-32.2558,ARG-190
-67.4267,-48.5918,THR-191
-95.8322,-19.3793,GLU-192
-74.1219,-35.179,GLU-193
-58.6967,-5.62155,GLU-194
-63.3737,-42.2525,ASN-195
-68.5362,136.986,LEU-196
-68.5062,-28.0718,ARG-197
-69.5273,150.195,LYS-198
-60.8622,160.469,LYS-199
-131.063,-178.807,GLY-200
-68.2057,127.213,GLU-201
-95.2191,157.533,PRO-202
-130.156,-36.412,HIS-203
-174.784,123.918,HIS-204
-68.3262,-39.5017,GLU-205
-74.6672,-21.1498,LEU-206
-71.3213,156.764,PRO-207
-56.4543,169.727,PRO-208
-104.859,-137.012,GLY-209
-149.017,-158.38,SER-210
-96.8478,157.839,THR-211
-96.0288,156.913,LYS-212
66.5024,166.677,ARG-213
-70.4236,172.104,ALA-214
-93.6649,-32.0389,LEU-215
-57.942,133.968,PRO-216
-75.3291,30.1202,ASN-217
-62.8853,122.791,ASN-218
-101.578,169.578,SER-2
-70.6511,170.11,SER-3
-95.9842,131.237,VAL-4
-52.2566,131.475,PRO-5
-89.8545,160.747,SER-6
-103.384,0.519265,GLN-7
-61.8988,114.307,LYS-8
-80.5838,130.334,THR-9
-155.375,145.364,TYR-10
-91.3673,-41.0286,GLN-11
56.4768,-158.91,GLY-12
-75.4853,-21.5462,SER-13
-85.7542,-16.6245,TYR-14
71.1958,32.0934,GLY-15
-50.1378,117.258,PHE-16
-146.971,169.322,ARG-17
-84.2551,130.68,LEU-18
-105.821,127.027,GLY-19
-115.154,150.3,PHE-20
-75.8015,164.082,LEU-21
-121.174,41.3528,HIS-22
-72.063,-31.3445,SER-23
90.3814,-128.956,GLY-24
-149.672,6.03964,THR-25
-78.1621,174.174,ALA-26
-60.9631,-30.07,LYS-27
-69.7052,-16.1761,SER-28
-62.694,119.722,VAL-29
-103.021,-38.0822,THR-30
-143.894,147.435,CYS-31
-159.318,170.341,THR-32
-160.176,141.32,TYR-33
-114.803,98.3962,SER-34
-49.0918,-42.9067,PRO-35
-90.9374,-15.3627,ALA-36
-94.7565,-6.6163,LEU-37
43.549,58.0722,ASN-38
-138.388,139.333,LYS-39
-108.808,152.252,MET-40
-137.388,114.305,PHE-41
-121.195,147.03,CYS-42
-72.8915,125.487,GLN-43
-42.9732,129.229,LEU-44
67.4023,-13.2466,ALA-45
-66.9867,150.902,LYS-46
-78.6597,141.132,THR-47
-151.157,93.5647,CYS-48
-84.8474,130.471,PRO-49
-112.738,132.763,VAL-50
-74.3637,152.376,GLN-51
-103.922,123.869,LEU-52
-86.3879,146.81,TRP-53
-145.216,138.744,VAL-54
-76.9134,-12.2108,ASP-55
-166.434,145.087,SER-56
-88.563,127.689,THR-57
-62.3223,161.389,PRO-58
-82.5857,166.053,PRO-59
-59.3362,151.071,PRO-60
77.7657,7.48247,GLY-61
-88.3942,139.264,THR-62
-122.201,142.424,ARG-63
-89.8512,139.593,VAL-64
-132.217,150.909,ARG-65
-128.582,151.675,ALA-66
-157.313,162.097,MET-67
-166.823,119.811,ALA-68
-118.558,132.619,ILE-69
-85.7588,104.314,TYR-70
-84.1764,145.765,LYS-71
-145.266,167.578,GLN-72
-53.8339,-41.254,SER-73
-105.437,7.76242,GLN-74
-156.08,135.739,HIS-75
-132.459,-12.7162,MET-76
-91.4408,50.2156,THR-77
-140.391,156.122,GLU-78
-96.513,146.473,VAL-79
-73.7164,118.75,VAL-80
-138.868,150.315,ARG-81
-42.08,149.397,ARG-82
-51.4251,156.11,CYS-83
-60.4745,-20.1174,PRO-84
-90.7799,-12.478,HIS-85
-132.24,5.80802,HIS-86
-76.2487,-3.72969,GLU-87
-152.897,-25.4361,ARG-88
-73.8501,153.968,CYS-89
-65.3762,-13.8961,SER-90
-63.9765,-35.3056,ASP-91
-86.4176,-7.59436,SER-92
-78.2024,155.289,ASP-93
138.12,-155.875,GLY-94
-62.2947,-46.6381,LEU-95
-60.938,160.04,ALA-96
-53.183,148.1,PRO-97
-64.1036,-19.6875,PRO-98
-78.7285,-38.3214,GLN-99
-54.1135,128.704,HIS-100
-84.2624,-28.1246,LEU-101
-94.1627,126.293,ILE-102
-137.224,149.07,ARG-103
-122.963,149.469,VAL-104
-144.529,-171.973,GLU-105
84.1387,-40.1745,GLY-106
-67.9178,162.819,ASN-107
-106.43,-43.2272,LEU-108
-86.9148,45.7289,ARG-109
-88.7577,120.861,VAL-110
-161.8,174.708,GLU-111
-102.943,152.185,TYR-112
-153.749,151.306,LEU-113
-66.897,152.186,ASP-114
-92.2506,142.295,ASP-115
-70.4562,-15.2303,ARG-116
-126.439,-6.77125,ASN-117
-131.437,-5.58797,THR-118
68.5354,-6.17796,PHE-119
-69.2128,127.503,ARG-120
-59.266,120.024,HIS-121
-162.313,150.555,SER-122
-75.1591,139.927,VAL-123
-122.811,141.317,VAL-124
-136.334,152.5,VAL-125
-73.1273,152.917,PRO-126
-75.3697,120.305,TYR-127
-105.608,151.191,GLU-128
-59.2991,172.294,PRO-129
-59.1092,143.405,PRO-130
-64.4382,153.523,GLU-131
-52.4847,134.515,VAL-132
77.6692,-17.8715,GLY-133
-89.3458,162.42,SER-134
-96.2429,-51.1373,ASP-135
-103.269,163.982,CYS-136
-74.9697,131.943,THR-137
-92.6676,124.182,THR-138
-104.527,127.166,ILE-139
-88.626,118.783,HIS-140
-98.0788,178.894,TYR-141
-164.46,156.136,ASN-142
-153.596,157.021,TYR-143
-150.239,127.673,MET-144
-165.889,166.923,CYS-145
-61.8382,156.155,ASN-146
-115.09,-6.60725,SER-147
-133.721,-18.5403,SER-148
-69.7932,169.94,CYS-149
-69.8166,-21.8925,MET-150
64.9568,-141.813,GLY-151
-57.7355,-61.7602,GLY-152
-149.086,-28.6078,ILE-153
-163.506,115.17,ASN-154
-50.17,116.44,ARG-155
-145.835,164.921,ARG-156
-69.0411,119.582,PRO-157
-94.9917,126.354,ILE-158
-120.846,120.765,LEU-159
-92.2892,157.922,THR-160
-139.553,115.373,ILE-161
-117.862,129.411,ILE-162
-133.642,151.751,THR-163
-101.43,139.359,LEU-164
-142.275,144.067,GLU-165
-64.5692,163.82,ASP-166
-55.9403,-13.2615,SER-167
-100.933,-20.1482,SER-168
105.49,11.0634,GLY-169
-78.3639,136.375,ASN-170
-64.9003,119.455,LEU-171
-90.5664,-42.3614,LEU-172
-167.72,146.475,GLY-173
-134.879,132.75,ARG-174
-140.36,137.867,ASN-175
-123.446,140.079,SER-176
-148.851,-178.054,PHE-177
-110.364,144.76,GLU-178
-119.555,163.203,VAL-179
-157.597,123.296,ARG-180
-82.2137,126.482,VAL-181
-126.143,162.013,CYS-182
-82.6422,-49.8867,ALA-183
-115.01,74.9333,CYS-184
-68.9958,-23.4417,PRO-185
-70.0234,-34.5021,GLY-186
-78.0079,-44.2904,ARG-187
-64.3431,-45.5224,ASP-188
-41.57,-66.4538,ARG-189
-49.4861,-41.6922,ARG-190
-62.8382,-36.8587,THR-191
-93.5784,-27.1666,GLU-192
-82.4561,-16.1032,GLU-193
-78.0267,1.07644,GLU-194
-94.9617,-13.7425,ASN-195
-52.5628,133.886,LEU-196
-65.1244,-29.359,ARG-197
-81.2567,-88.6886,LYS-198
-169.693,170.036,LYS-199
-141.019,173.132,GLY-200
-69.4165,120.581,GLU-201
-88.4152,-179.592,PRO-202
-154.452,-35.9128,HIS-203
168.754,113.867,HIS-204
-77.3432,-30.9155,GLU-205
-73.956,-45.7991,LEU-206
-48.233,165.461,PRO-207
-86.5318,156.563,PRO-208
-95.6868,-159.188,GLY-209
-152.688,-152.421,SER-210
-90.5928,167.053,THR-211
-112.627,152.649,LYS-212
62.7493,139.573,ARG-213
-58.2765,168.381,ALA-214
-72.4318,-57.7583,LEU-215
-47.9281,135.609,PRO-216
-69.5703,22.4847,ASN-217
-68.4364,123.98,ASN-218
-91.3869,166.004,SER-2
-59.7818,160.356,SER-3
-87.2365,136.26,VAL-4
-47.9076,115.154,PRO-5
-69.9565,136.71,SER-6
-95.3362,-20.4594,GLN-7
-58.6206,120.782,LYS-8
-71.4602,117.723,THR-9
-143.68,139.591,TYR-10
-80.617,-24.0904,GLN-11
64.6946,-160.075,GLY-12
-72.7211,-28.3928,SER-13
-91.1587,-12.702,TYR-14
96.0838,6.7455,GLY-15
-51.2735,123.757,PHE-16
-150.848,163.847,ARG-17
-101.551,154.927,LEU-18
-136.726,151.401,GLY-19
-131.617,167.803,PHE-20
-87.0096,156.744,LEU-21
-112.037,69.7625,HIS-22
-86.5108,-24.9436,SER-23
82.0024,-142.697,GLY-24
-138.237,0.642396,THR-25
-60.4906,157.017,ALA-26
-53.6246,-22.7515,LYS-27
-80.155,-13.9381,SER-28
-65.343,141.072,VAL-29
-104.626,-39.59,THR-30
-151.588,144.682,CYS-31
-154.528,152.903,THR-32
-135.928,130.801,TYR-33
-107.703,108.722,SER-34
-65.9066,-45.3739,PRO-35
-63.1668,-21.4983,ALA-36
-100.157,-4.01293,LEU-37
35.0513,48.3521,ASN-38
-132.734,124.499,LYS-39
-105.559,163.034,MET-40
-139.016,99.0637,PHE-41
-109.848,153.094,CYS-42
-83.2569,134.925,GLN-43
-63.6317,130.606,LEU-44
74.502,-13.0981,ALA-45
-84.6452,157.503,LYS-46
-51.8722,122.105,THR-47
-117.224,81.733,CYS-48
-74.4225,137.291,PRO-49
-132.459,116.992,VAL-50
-85.6252,164.29,GLN-51
-131.753,107.531,LEU-52
-92.8773,134.775,TRP-53
-130.788,152.417,VAL-54
-98.2468,-4.44776,ASP-55
-146.437,157.202,SER-56
-84.14,120.912,THR-57
-84.8846,164,PRO-58
-43.9205,152.761,PRO-59
-69.7335,148.127,PRO-60
71.8684,11.4906,GLY-61
-64.7614,131.979,THR-62
-97.532,159.443,ARG-63
-105.012,139.004,VAL-64
-128.081,134.817,ARG-65
-104.968,145.413,ALA-66
-136.798,159.08,MET-67
-147.639,133.856,ALA-68
-125.137,148.516,ILE-69
-109.877,120.508,TYR-70
-114.574,132.618,LYS-71
-118.534,-168.607,GLN-72
-59.0942,-47.4793,SER-73
-108.28,-1.43526,GLN-74
-127.814,147.584,HIS-75
-153.358,-1.58544,MET-76
-95.3204,50.9739,THR-77
-142.07,142.311,GLU-78
-84.1733,150.633,VAL-79
-68.9427,110.008,VAL-80
-131.988,162.549,ARG-81
-56.1785,173.496,ARG-82
-69.3054,159.082,CYS-83
-52.385,-39.686,PRO-84
-73.7946,-6.49787,HIS-85
-133.735,-14.8699,HIS-86
-63.6543,-3.41666,GLU-87
-146.796,-30.2299,ARG-88
-59.0078,166.943,CYS-89
-70.6899,-15.3706,SER-90
-81.8512,1.55959,ASP-91
-114.928,-13.8219,SER-92
-71.717,161.985,ASP-93
147.836,-152.321,GLY-94
-66.9705,-35.445,LEU-95
-78.5758,154.911,ALA-96
-68.4305,152.017,PRO-97
-65.3403,-23.1342,PRO-98
-63.198,-34.1333,GLN-99
-73.2756,113.015,HIS-100
-69.5326,-46.6409,LEU-101
-81.5452,110.77,ILE-102
-118.943,148.724,ARG-103
-113.018,155.463,VAL-104
-149.465,176.042,GLU-105
69.3777,-37.899,GLY-106
-70.4595,138.869,ASN-107
-75.0096,-63.0161,LEU-108
-75.2303,56.5717,ARG-109
-100.437,142.504,VAL-110
-159.512,-172.843,GLU-111
-123.266,135.343,TYR-112
-135.048,151.999,LEU-113
-68.2763,144.577,ASP-114
-86.7338,130.574,ASP-115
-75.3023,-19.8283,ARG-116
-111.843,-18.4706,ASN-117
-134.518,-4.24185,THR-118
62.265,3.33731,PHE-119
-53.0644,108.423,ARG-120
-50.1647,131.276,HIS-121
-170.98,144.106,SER-122
-69.8844,140.132,VAL-123
-131.801,135.383,VAL-124
-127.317,142.326,VAL-125
-61.3925,164.268,PRO-126
-86.5033,156.305,TYR-127
-159.721,159.493,GLU-128
-77.4932,158.769,PRO-129
-64.3916,139.83,PRO-130
-58.7162,163.18,GLU-131
-58.5551,121.872,VAL-132
82.9186,-7.22406,GLY-133
-75.889,155.793,SER-134
-92.8608,-33.0279,ASP-135
-125.976,144.143,CYS-136
-61.2322,148.639,THR-137
-120.461,127.245,THR-138
-90.7685,136.828,ILE-139
-102.937,123.663,HIS-140
-95.039,-176.69,TYR-141
-161.68,165.097,ASN-142
-147.405,159.739,TYR-143
-144.168,129.969,MET-144
-167.372,169.873,CYS-145
-83.3306,168.018,ASN-146
-131.675,-14.94,SER-147
-141.617,-28.129,SER-148
-69.1496,-160.239,CYS-149
-104.004,-16.2854,MET-150
77.4013,-112.751,GLY-151
-77.4194,-59.4868,GLY-152
-161.185,-19.4221,ILE-153
-149.108,123.931,ASN-154
-57.5767,106.71,ARG-155
-128.134,164.643,ARG-156
-91.6279,150.824,PRO-157
-123.893,119.92,ILE-158
-103.301,139.762,LEU-159
-103.108,140.159,THR-160
-114.876,118.89,ILE-161
-120.746,124.137,ILE-162
-121.732,156.639,THR-163
-101.129,140.068,LEU-164
-153.476,154.782,GLU-165
-76.8508,153.29,ASP-166
-53.2718,-47.7598,SER-167
-72.531,-6.16335,SER-168
100.834,13.8884,GLY-169
-65.9972,122.08,ASN-170
-84.7805,121.379,LEU-171
-106.611,-27.9146,LEU-172
-176.185,162.24,GLY-173
-127.093,145.373,ARG-174
-143.437,130.47,ASN-175
-131.973,148.655,SER-176
-163.777,158.805,PHE-177
-92.9413,131.809,GLU-178
-114.387,134.628,VAL-179
-117.849,117.957,ARG-180
-76.9215,116.219,VAL-181
-123.906,145.797,CYS-182
-78.8161,-43.2246,ALA-183
-111.454,73.2577,CYS-184
-62.1997,-37.6684,PRO-185
-49.0479,-59.49,GLY-186
-68.5421,-38.721,ARG-187
-72.9237,-22.7564,ASP-188
-60.3335,-62.2072,ARG-189
-48.9423,-52.289,ARG-190
-37.472,-55.6636,THR-191
-79.3574,-16.8683,GLU-192
-96.4141,-19.8348,GLU-193
-63.1378,-24.9311,GLU-194
-74.4598,-9.63524,ASN-195
-70.6798,157.824,LEU-196
-69.9602,-47.0574,ARG-197
-74.9168,153.367,LYS-198
-71.3564,175.058,LYS-199
-134.623,-166.334,GLY-200
-94.5392,112.295,GLU-201
-98.1957,176.842,PRO-202
-147.594,-39.7928,HIS-203
-170.244,127.937,HIS-204
-86.4731,-18.3322,GLU-205
-78.2776,-46.5847,LEU-206
-51.5415,138.958,PRO-207
-84.7935,156.045,PRO-208
-63.1272,-178.256,GLY-209
-121.758,-123.997,SER-210
-116.275,169.115,THR-211
-112.907,141.277,LYS-212
87.5824,148.386,ARG-213
-65.0807,157.473,ALA-214
-68.1919,-65.763,LEU-215
-40.0401,132.604,PRO-216
-68.7111,21.8501,ASN-217
-67.4423,104.99,ASN-218
-112.926,151.759,SER-2
-67.9008,152.15,SER-3
-71.3224,129.607,VAL-4
-58.2857,134.144,PRO-5
-92.7544,149.171,SER-6
-96.0035,-27.5432,GLN-7
-59.284,116.732,LYS-8
-55.3583,125.055,THR-9
-146.667,134.285,TYR-10
-76.1923,-25.1546,GLN-11
76.249,-158.198,GLY-12
-83.8837,-15.6484,SER-13
-106.771,-7.02233,TYR-14
65.7461,40.0332,GLY-15
-58.7632,126.554,PHE-16
-156.452,-174.046,ARG-17
-119.505,150.654,LEU-18
-117.731,131.964,GLY-19
-96.1404,157.898,PHE-20
-61.6225,162.652,LEU-21
-120.166,76.7764,HIS-22
-98.0303,-15.6556,SER-23
72.3742,-144.993,GLY-24
-133.157,17.13,THR-25
-80.135,164.344,ALA-26
-58.4612,-29.8144,LYS-27
-57.1677,-19.5575,SER-28
-61.4983,123.652,VAL-29
-97.2223,-34.7545,THR-30
-148.426,151.68,CYS-31
-167.95,153.452,THR-32
-154.737,143.758,TYR-33
-115.029,109.262,SER-34
-63.1449,-26.8752,PRO-35
-81.8585,-17.6482,ALA-36
-104.312,-2.0452,LEU-37
23.083,65.6889,ASN-38
-138.869,122.398,LYS-39
-101.867,118.077,MET-40
-98.9664,127.922,PHE-41
-129.78,147.695,CYS-42
-71.7186,140.526,GLN-43
-57.5692,141.407,LEU-44
69.7882,-18.2325,ALA-45
-75.8936,155.719,LYS-46
-71.1013,131.706,THR-47
-120.003,96.7905,CYS-48
-64.3689,131.133,PRO-49
-136.201,130.437,VAL-50
-92.8901,130.399,GLN-51
-91.598,117.602,LEU-52
-93.0662,140.77,TRP-53
-148.384,142.944,VAL-54
-75.7293,-10.1176,ASP-55
-160.33,170.387,SER-56
-90.3568,129.582,THR-57
-76.4146,170.752,PRO-58
-73.2447,152.55,PRO-59
-63.3832,123.767,PRO-60
113.528,-4.89542,GLY-61
-60.3394,137.535,THR-62
-108.394,177.87,ARG-63
-132.794,144.854,VAL-64
-125.111,157.339,ARG-65
-149.134,114.415,ALA-66
-124.667,178.259,MET-67
178.61,128.873,ALA-68
-134.121,139.461,ILE-69
-86.4987,120.109,TYR-70
-94.6383,139.435,LYS-71
-146.647,-177.243,GLN-72
-83.5623,-25.3782,SER-73
-118.947,11.3019,GLN-74
-156.65,152.295,HIS-75
-155.074,1.05773,MET-76
-80.5023,51.5797,THR-77
-137.491,157.887,GLU-78
-105.753,156.453,VAL-79
-82.5988,134.974,VAL-80
-151.17,149.151,ARG-81
-60.1299,152.924,ARG-82
-65.4545,166.867,CYS-83
-64.7662,-26.6925,PRO-84
-78.9737,4.9661,HIS-85
-148.783,6.31888,HIS-86
-92.4881,-7.48805,GLU-87
-155.191,-19.4271,ARG-88
-69.9236,158.841,CYS-89
-82.3359,6.7466,SER-90
-92.2711,-32.6678,ASP-91
-85.1143,-36.2926,SER-92
-50.3644,159.94,ASP-93
153.109,-140.933,GLY-94
-54.5349,-46.9189,LEU-95
-83.8967,149.828,ALA-96
-58.3443,140.783,PRO-97
-65.6245,-19.3473,PRO-98
-59.9122,-35.9771,GLN-99
-73.2492,133.097,HIS-100
-96.5873,-54.0128,LEU-101
-70.9637,125.58,ILE-102
-139.154,167.62,ARG-103
-131.817,155.903,VAL-104
-149.979,167.149,GLU-105
76.8516,-69.3867,GLY-106
-36.5815,127.43,ASN-107
-69.5268,-36.2884,LEU-108
-91.9843,37.71,ARG-109
-73.6666,118.484,VAL-110
-156.458,171.869,GLU-111
-91.1662,138.291,TYR-112
-159.355,153.821,LEU-113
-88.7958,122.879,ASP-114
-51.9527,132.168,ASP-115
-86.8546,-11.3343,ARG-116
-89.895,-33.0631,ASN-117
-133.073,3.14028,THR-118
68.693,-15.0206,PHE-119
-50.6625,115.654,ARG-120
-48.5618,117.657,HIS-121
-158.816,157.68,SER-122
-81.1458,139.526,VAL-123
-126.94,152.939,VAL-124
-135.792,164.776,VAL-125
-90.8785,156.861,PRO-126
-76.9526,130.19,TYR-127
-145.422,155.792,GLU-128
-71.3059,158.852,PRO-129
-51.1198,135.36,PRO-130
-78.7687,142.525,GLU-131
-51.3251,120.43,VAL-132
102.159,-16.5922,GLY-133
-109.978,148.522,SER-134
-92.4177,-2.87832,ASP-135
-151.007,147.328,CYS-136
-55.9513,141.794,THR-137
-144.927,141.016,THR-138
-129.179,135.065,ILE-139
-86.0345,94.9657,HIS-140
-71.8898,163.169,TYR-141
-153.249,154.773,ASN-142
-145.447,153.443,TYR-143
-135.034,142.063,MET-144
178.388,161.773,CYS-145
-83.21,143.443,ASN-146
-110.519,-13.8203,SER-147
-107.205,-35.1409,SER-148
-72.0564,178.355,CYS-149
-72.6392,-36.7825,MET-150
91.3881,-133.567,GLY-151
-72.2688,-32.3871,GLY-152
179.009,-59.1786,ILE-153
-126.512,124.981,ASN-154
-68.8581,136.286,ARG-155
-146.819,177.605,ARG-156
-98.9215,153.385,PRO-157
-136.167,105.766,ILE-158
-91.8956,142.085,LEU-159
-115.313,137.376,THR-160
-114.643,106.976,ILE-161
-98.1729,126.737,ILE-162
-140.086,129.393,THR-163
-79.7843,137.141,LEU-164
-148.273,138.944,GLU-165
-67.9657,157.318,ASP-166
-51.3901,-24.8765,SER-167
-83.3816,-1.81973,SER-168
91.9251,-15.2878,GLY-169
-61.5733,140.665,ASN-170
-79.1067,124.145,LEU-171
-100.796,-35.1799,LEU-172
-158.498,174.671,GLY-173
-146.541,154.168,ARG-174
-154.9,127.246,ASN-175
-118.561,139.94,SER-176
-133.702,159.443,PHE-177
-86.4807,143.226,GLU-178
-115.02,149.65,VAL-179
-154.815,119.294,ARG-180
-90.3001,133.204,VAL-181
-126.115,155.938,CYS-182
-80.1047,-39.1776,ALA-183
-139.183,80.6274,CYS-184
-61.3005,-38.7075,PRO-185
-65.336,-42.062,GLY-186
-67.857,-38.7624,ARG-187
-70.6817,-35.4941,ASP-188
-59.8286,-68.8889,ARG-189
-49.4986,-40.8453,ARG-190
-46.8316,-56.6016,THR-191
-81.7259,-20.8627,GLU-192
-89.4755,-29.3081,GLU-193
-58.5534,-17.2976,GLU-194
-71.5058,-12.6664,ASN-195
-66.7337,150.213,LEU-196
-69.0625,-11.6374,ARG-197
-120.318,158.781,LYS-198
-70.1804,129.864,LYS-199
-82.8738,-148.518,GLY-200
-94.5388,123.261,GLU-201
-96.384,175.267,PRO-202
-164.623,-34.4962,HIS-203
179.912,125.659,HIS-204
-103.049,-25.4536,GLU-205
-61.4057,-40.8893,LEU-206
-71.6685,156.092,PRO-207
-85.5101,166.498,PRO-208
-89.4302,-147.813,GLY-209
-149.549,-137.798,SER-210
-118.841,164.046,THR-211
-97.0161,145.707,LYS-212
84.901,153.261,ARG-213
-70.1049,157.838,ALA-214
-82.2584,-30.9839,LEU-215
-57.4878,129.776,PRO-216
-80.0524,53.2312,ASN-217
-94.6979,99.7478,ASN-218
-55.9773,156.472,SER-2
-57.5935,164.12,SER-3
-78.0284,135.463,VAL-4
-53.0644,139.633,PRO-5
-82.8028,150.11,SER-6
-103.16,-9.97974,GLN-7
-59.802,127.042,LYS-8
-84.4704,135.562,THR-9
-155.25,148.736,TYR-10
-76.5762,-56.0531,GLN-11
86.371,-161.95,GLY-12
-70.602,-32.0269,SER-13
-96.093,-24.0282,TYR-14
105.297,13.9172,GLY-15
-36.2745,134.839,PHE-16
-161.974,163.645,ARG-17
-113.541,137.363,LEU-18
-112.933,162.682,GLY-19
-128.205,146.15,PHE-20
-58.4995,139.883,LEU-21
-97.4063,66.8786,HIS-22
-78.7182,-3.65862,SER-23
68.3635,-151.942,GLY-24
-133.193,-0.744853,THR-25
-63.8986,165.415,ALA-26
-60.11,-32.2407,LYS-27
-71.8372,-17.5424,SER-28
-64.6062,131.111,VAL-29
-97.8367,-24.2914,THR-30
-159.967,152.167,CYS-31
-164.562,155.034,THR-32
-132.403,137.771,TYR-33
-101.402,98.7436,SER-34
-54.9935,-35.31,PRO-35
-69.2362,-2.83806,ALA-36
-128.331,-31.2014,LEU-37
50.5152,61.1252,ASN-38
-145.311,143.062,LYS-39
-116.981,136.145,MET-40
-114.724,108.086,PHE-41
-122.01,140.783,CYS-42
-63.2249,147.535,GLN-43
-58.7705,136.889,LEU-44
65.4688,-31.3717,ALA-45
-67.2713,156.825,LYS-46
-62.1754,128.242,THR-47
-124.805,102.591,CYS-48
-92.7364,137.99,PRO-49
-135.383,133.025,VAL-50
-88.0743,110.586,GLN-51
-89.0914,139.794,LEU-52
-138.989,148.37,TRP-53
-142.259,128.395,VAL-54
-73.7477,-13.8353,ASP-55
-147.623,135.413,SER-56
-54.8265,115.903,THR-57
-64.9385,167.58,PRO-58
-66.2851,163.102,PRO-59
-72.7457,130.265,PRO-60
96.3553,9.76608,GLY-61
-58.4158,145.461,THR-62
-133.753,171.993,ARG-63
-118.451,139.651,VAL-64
-118.643,125.533,ARG-65
-100.816,125.327,ALA-66
-142.473,167.023,MET-67
-170.813,110.631,ALA-68
-115.396,143.065,ILE-69
-100.843,131.329,TYR-70
-105.477,118.622,LYS-71
-132.328,166.677,GLN-72
-51.2887,-47.0212,SER-73
-112.767,20.7928,GLN-74
-146.567,136.439,HIS-75
-137.998,-14.0442,MET-76
-70.1889,63.8949,THR-77
-160.261,167.443,GLU-78
-119.266,145.762,VAL-79
-67.4241,124.06,VAL-80
-133.759,148.339,ARG-81
-56.3674,168.034,ARG-82
-67.9219,157.404,CYS-83
-63.831,-25.4374,PRO-84
-75.3598,-13.266,HIS-85
-117.533,-31.81,HIS-86
-70.5327,8.78899,GLU-87
-153.09,-1.6391,ARG-88
-87.5533,175.953,CYS-89
-82.8946,-8.68878,SER-90
-65.0779,-24.5825,ASP-91
-105.225,-5.13067,SER-92
-89.9443,163.915,ASP-93
127.275,-138.038,GLY-94
-61.4027,-59.7105,LEU-95
-75.5789,150.104,ALA-96
-63.1846,143.924,PRO-97
-69.2712,-15.5616,PRO-98
-76.0551,-30.2192,GLN-99
-72.3024,115.08,HIS-100
-65.8166,-47.4634,LEU-101
-74.9563,132.535,ILE-102
-150.246,165.631,ARG-103
-136.985,156.793,VAL-104
-152.128,178.381,GLU-105
85.3535,-40.7733,GLY-106
-84.401,119.446,ASN-107
-68.7275,-31.1859,LEU-108
-79.3767,12.6737,ARG-109
-43.7846,138.095,VAL-110
-167.994,166.276,GLU-111
-102.611,144.619,TYR-112
-149.224,151.996,LEU-113
-72.2927,143.978,ASP-114
-77.5109,131.655,ASP-115
-54.991,-24.8186,ARG-116
-135.161,-9.70118,ASN-117
-116.46,-9.01835,THR-118
54.166,22.7935,PHE-119
-80.0978,118.407,ARG-120
-69.9971,121.239,HIS-121
-151.98,154.649,SER-122
-62.7495,139.637,VAL-123
-132.707,138.411,VAL-124
-129.826,144.393,VAL-125
-68.6964,145.065,PRO-126
-89.0526,143.128,TYR-127
-144.713,157.322,GLU-128
-78.7126,168.308,PRO-129
-58.3922,164.998,PRO-130
-80.3398,151.834,GLU-131
-55.6189,128.657,VAL-132
79.1824,0.5968,GLY-133
-104.951,164.967,SER-134
-105.765,-26.0249,ASP-135
-124.173,147.524,CYS-136
-57.5338,142.987,THR-137
-109.489,138.603,THR-138
-121.01,129.092,ILE-139
-91.8364,113.189,HIS-140
-107.883,177.798,TYR-141
-167.117,158.849,ASN-142
-158.058,145.987,TYR-143
-150.618,127.432,MET-144
-172.335,160.804,CYS-145
-71.6298,147.26,ASN-146
-100.567,-16.4938,SER-147
-114.545,-31.9176,SER-148
-63.4758,-169.264,CYS-149
-97.1446,-19.6857,MET-150
93.5232,-110.487,GLY-151
-92.8405,-63.7723,GLY-152
-154.739,-17.6659,ILE-153
-163.104,126.673,ASN-154
-64.6882,140.36,ARG-155
-166.217,163.6,ARG-156
-78.309,119.035,PRO-157
-99.1988,131.383,ILE-158
-124.016,149.98,LEU-159
-107.587,151.445,THR-160
-117.291,108.024,ILE-161
-98.0458,135.801,ILE-162
-136.644,144.614,THR-163
-103.685,132.004,LEU-164
-149.053,147.102,GLU-165
-68.7933,166.346,ASP-166
-60.6798,-46.1935,SER-167
-66.5437,-2.032,SER-168
85.8478,-5.0352,GLY-169
-62.8897,130.408,ASN-170
-65.7244,124.792,LEU-171
-85.5407,-31.2759,LEU-172
168.128,156.481,GLY-173
-133.303,153.725,ARG-174
-155.2,138.322,ASN-175
-129.991,140.874,SER-176
-158.933,154.087,PHE-177
-89.0687,144.35,GLU-178
-119.127,150.956,VAL-179
-151.329,116.248,ARG-180
-84.8295,125.628,VAL-181
-136.78,150.36,CYS-182
-88.6933,-33.324,ALA-183
-124.428,74.0777,CYS-184
-58.947,-34.6894,PRO-185
-74.6667,-36.5284,GLY-186
-58.9566,-47.3232,ARG-187
-77.4488,-42.0764,ASP-188
-57.1168,-44.6611,ARG-189
-54.9252,-54.5493,ARG-190
-47.7115,-45.8035,THR-191
-95.1649,-23.5226,GLU-192
-70.7071,-32.7684,GLU-193
-66.326,-8.38821,GLU-194
-77.7883,-25.0718,ASN-195
-69.5558,147.128,LEU-196
-59.7461,-46.1309,ARG-197
-98.1376,149.367,LYS-198
-64.2305,144.68,LYS-199
-96.3416,-152.545,GLY-200
-87.1271,109.796,GLU-201
-78.483,141.135,PRO-202
-122.969,-71.5902,HIS-203
-134.104,130.059,HIS-204
-98.7498,-28.4729,GLU-205
-53.456,-37.5917,LEU-206
-72.7359,159.275,PRO-207
-75.1241,-172.584,PRO-208
-117.967,-125.209,GLY-209
-159.363,-125.143,SER-210
-137.853,174.411,THR-211
-96.2457,154.102,LYS-212
72.0686,155.753,ARG-213
-67.3425,158.904,ALA-214
-60.4524,-35.801,LEU-215
-71.4862,144.329,PRO-216
-81.7999,43.079,ASN-217
-66.1393,104.484,ASN-218
-83.3509,172.149,SER-2
-72.3355,134.184,SER-3
-64.5174,117.457,VAL-4
-54.7863,127.711,PRO-5
-59.6171,133.512,SER-6
-94.2354,-22.4078,GLN-7
-54.9251,150.114,LYS-8
-98.2691,140.38,THR-9
-150.76,144.062,TYR-10
-84.2418,-24.0064,GLN-11
69.669,-141.897,GLY-12
-102.28,-21.4174,SER-13
-95.8332,-10.9132,TYR-14
97.9766,2.12353,GLY-15
-46.2589,113.309,PHE-16
-143.986,-170.542,ARG-17
-125.044,148.127,LEU-18
-120.34,166.136,GLY-19
-153.28,135.076,PHE-20
-45.7963,150.958,LEU-21
-98.2087,51.9325,HIS-22
-68.1279,-31.3131,SER-23
91.3792,-137.096,GLY-24
-145.45,-5.62071,THR-25
-54.986,160.497,ALA-26
-71.1032,-18.4087,LYS-27
-66.6509,-21.1542,SER-28
-57.7607,132.084,VAL-29
-104.03,-22.882,THR-30
-170.813,148.814,CYS-31
-156.024,147.572,THR-32
-125.329,129.484,TYR-33
-106.839,102.904,SER-34
-61.2883,-31.9274,PRO-35
-63.2562,-29.6727,ALA-36
-108.781,-18.5764,LEU-37
62.6047,46.6476,ASN-38
-139.57,140.011,LYS-39
-122.096,136.952,MET-40
-114.565,99.4364,PHE-41
-93.9376,155.384,CYS-42
-99.1737,128.515,GLN-43
-49.4752,120.263,LEU-44
73.5716,-10.094,ALA-45
-58.2854,147.047,LYS-46
-65.1727,106.404,THR-47
-98.48,115.972,CYS-48
-82.6133,135.761,PRO-49
-111.192,125.18,VAL-50
-99.2251,147.576,GLN-51
-133.926,148.284,LEU-52
-139.848,140.602,TRP-53
-120.357,156.005,VAL-54
-103.02,-20.3324,ASP-55
-114.598,151.826,SER-56
-78.2365,128.893,THR-57
-81.9354,173.664,PRO-58
-64.6129,169.153,PRO-59
-60.779,127.501,PRO-60
84.5077,36.597,GLY-61
-79.586,140.794,THR-62
-117.214,162.565,ARG-63
-105.071,149.134,VAL-64
-129.435,140.242,ARG-65
-122.703,145.762,ALA-66
-153.997,153.834,MET-67
-148.118,115.908,ALA-68
-113.642,142.828,ILE-69
-97.3071,122.288,TYR-70
-84.7177,129.466,LYS-71
-116.033,169.042,GLN-72
-65.8944,-9.74162,SER-73
-138.862,6.88742,GLN-74
-135.85,152.947,HIS-75
-146.72,-5.70469,MET-76
-82.835,65.0248,THR-77
-163.376,161.319,GLU-78
-106.315,146.71,VAL-79
-73.1701,126.753,VAL-80
-140.127,156.708,ARG-81
-54.9574,158.769,ARG-82
-52.1351,147.484,CYS-83
-52.5468,-32.4238,PRO-84
-86.6763,6.65821,HIS-85
-130.365,-1.21769,HIS-86
-81.7252,2.72157,GLU-87
-134.104,-36.8642,ARG-88
-75.7587,165.662,CYS-89
-53.4881,-23.0969,SER-90
-80.8654,-2.0355,ASP-91
-132.676,-54.3082,SER-92
-68.2884,165.794,ASP-93
157.026,-152.276,GLY-94
-54.0635,-59.8818,LEU-95
-62.7557,135.495,ALA-96
-63.8697,149.15,PRO-97
-69.6355,0.334779,PRO-98
-82.7022,-25.1311,GLN-99
-73.6049,119.502,HIS-100
-80.2519,-39.5579,LEU-101
-84.7988,123.985,ILE-102
-140.913,159.416,ARG-103
-113.011,166.804,VAL-104
-160.387,177.05,GLU-105
74.4693,-38.9575,GLY-106
-65.9711,139.324,ASN-107
-103.37,-30.2155,LEU-108
-79.5503,-8.48183,ARG-109
-33.841,145.984,VAL-110
-162.696,151.419,GLU-111
-84.194,130.008,TYR-112
-139.016,156.783,LEU-113
-85.3431,134.31,ASP-114
-68.5758,136.287,ASP-115
-73.6616,-32.4779,ARG-116
-85.1258,-38.8289,ASN-117
-105.279,-15.2745,THR-118
72.3533,5.41847,PHE-119
-60.4528,112.419,ARG-120
-57.9001,114.758,HIS-121
-155.821,163.583,SER-122
-84.0294,132.214,VAL-123
-128.827,138.165,VAL-124
-127.566,152.501,VAL-125
-65.7945,141.591,PRO-126
-78.9908,108.637,TYR-127
-104.484,176.351,GLU-128
-69.2321,176.376,PRO-129
-58.6076,162.259,PRO-130
-91.1003,166.113,GLU-131
-62.1085,123.581,VAL-132
77.9486,9.9685,GLY-133
-114.171,150.294,SER-134
-105.088,-11.9515,ASP-135
-110.471,165.262,CYS-136
-62.8634,142.467,THR-137
-129.547,136.778,THR-138
-116.723,146.832,ILE-139
-104.843,131.94,HIS-140
-125.615,178.838,TYR-141
-165.445,159.629,ASN-142
-141.089,143.731,TYR-143
-140.297,131.969,MET-144
-178.765,168.04,CYS-145
-76.2051,145.208,ASN-146
-96.3754,-21.7142,SER-147
-139.858,-24.3511,SER-148
-79.7756,172.197,CYS-149
-75.2278,-24.7114,MET-150
66.573,-144.549,GLY-151
-69.164,-39.2189,GLY-152
-176.216,-35.4422,ILE-153
-161.064,122.497,ASN-154
-64.2319,133.934,ARG-155
-154.537,160.675,ARG-156
-70.5111,118.047,PRO-157
-88.4263,130.563,ILE-158
-105.507,150.593,LEU-159
-109.919,147.556,THR-160
-106.872,104.256,ILE-161
-104.621,123.611,ILE-162
-128.698,150.71,THR-163
-109.915,134.367,LEU-164
-146.715,140.456,GLU-165
-73.8975,-178.373,ASP-166
-63.3818,-29.6239,SER-167
-82.7524,-4.86463,SER-168
92.8622,-4.88325,GLY-169
-58.536,118,ASN-170
-73.7152,117.522,LEU-171
-90.2084,-34.5519,LEU-172
-163.764,153.639,GLY-173
-135.709,141.622,ARG-174
-145.189,135.923,ASN-175
-134.522,156.139,SER-176
-165.24,160.405,PHE-177
-82.7157,134.169,GLU-178
-101.977,152.127,VAL-179
-135.753,129.682,ARG-180
-95.9702,117.157,VAL-181
-132.512,147.217,CYS-182
-78.8693,-47.5918,ALA-183
-121.344,86.8517,CYS-184
-66.5052,-32.1357,PRO-185
-73.1724,-30.7245,GLY-186
-70.491,-51.3389,ARG-187
-63.9161,-39.8428,ASP-188
-50.9561,-63.268,ARG-189
-46.7425,-55.3126,ARG-190
-37.185,-54.8407,THR-191
-91.4411,-9.56138,GLU-192
-90.5445,-34.8582,GLU-193
-65.8269,-2.81126,GLU-194
-74.2318,-30.3679,ASN-195
-71.842,151.52,LEU-196
-77.382,-27.5219,ARG-197
-86.5316,158.681,LYS-198
-70.4665,149.406,LYS-199
-114.884,171.108,GLY-200
-74.3771,127.023,GLU-201
-89.2783,172.06,PRO-202
-152.831,-47.2577,HIS-203
-159.606,135.179,HIS-204
-71.9763,-31.9767,GLU-205
-84.1786,-33.4594,LEU-206
-72.9229,155.555,PRO-207
-71.4136,161.431,PRO-208
-81.9614,-161.307,GLY-209
-134.334,-172.697,SER-210
-73.5916,168.322,THR-211
-103.92,152.343,LYS-212
70.431,166.165,ARG-213
-81.3665,150.688,ALA-214
-51.4861,-43.8144,LEU-215
-55.266,152.021,PRO-216
-87.7447,39.349,ASN-217
-57.836,117.6,ASN-218
-77.0909,153.862,SER-2
-71.6931,151.164,SER-3
-87.7895,145.046,VAL-4
-68.4355,136.029,PRO-5
-71.171,143.11,SER-6
-110.825,-13.4217,GLN-7
-62.9923,116.901,LYS-8
-58.3196,139.928,THR-9
-173.272,136.131,TYR-10
-75.039,-52.0939,GLN-11
97.6195,-174.135,GLY-12
-74.391,-23.7007,SER-13
-93.013,-15.9844,TYR-14
95.9383,21.3516,GLY-15
-52.6991,123.878,PHE-16
-151.768,170.252,ARG-17
-111.425,164.58,LEU-18
-150.936,153.561,GLY-19
-142.727,137.632,PHE-20
-60.6113,144.621,LEU-21
-111.01,40.6149,HIS-22
-65.1919,-25.0931,SER-23
84.5275,-151.632,GLY-24
-136.375,7.09452,THR-25
-73.0247,159.835,ALA-26
-49.7806,-34.7077,LYS-27
-72.6029,-2.60175,SER-28
-73.7574,118.215,VAL-29
-91.3014,-13.3476,THR-30
-178.298,151.405,CYS-31
-172.296,158.053,THR-32
-142.52,136.718,TYR-33
-101.35,107.566,SER-34
-70.4534,-28.6689,PRO-35
-76.025,-17.3995,ALA-36
-92.7028,-24.1546,LEU-37
55.8884,52.6867,ASN-38
-138.841,137.183,LYS-39
-113.532,154.583,MET-40
-143.274,104.207,PHE-41
-113.646,130.4,CYS-42
-63.7073,135.578,GLN-43
-58.3842,143.216,LEU-44
57.0114,-9.84764,ALA-45
-71.9063,167.31,LYS-46
-75.9233,111.034,THR-47
-104.348,103.491,CYS-48
-82.6098,147.097,PRO-49
-132.158,149.444,VAL-50
-111.413,143.156,GLN-51
-119.976,143.142,LEU-52
-132.731,155.548,TRP-53
-140.849,140.542,VAL-54
-78.2696,-24.0486,ASP-55
-106.101,169.274,SER-56
-65.1671,135.747,THR-57
-70.8406,157.766,PRO-58
-83.9154,160.586,PRO-59
-46.3678,119.57,PRO-60
87.5456,-2.69525,GLY-61
-57.7548,136.621,THR-62
-116.275,163.081,ARG-63
-118.716,123.534,VAL-64
-110.952,146.04,ARG-65
-132.059,120.639,ALA-66
-128.06,169.682,MET-67
-155.313,109.244,ALA-68
-101.021,145.454,ILE-69
-103.192,101.57,TYR-70
-89.5062,129.003,LYS-71
-131.526,166.669,GLN-72
-76.2555,-8.92342,SER-73
-106.339,-28.1979,GLN-74
-142.084,132.786,HIS-75
-129.897,-11.1043,MET-76
-88.2607,51.9842,THR-77
-149.696,161.07,GLU-78
-111.075,144.119,VAL-79
-62.9701,137.327,VAL-80
-150.478,160.845,ARG-81
-72.1877,162.842,ARG-82
-52.1691,155.18,CYS-83
-68.9574,-15.6847,PRO-84
-89.5493,1.91856,HIS-85
-139.149,5.86326,HIS-86
-92.0717,-8.30214,GLU-87
-121.045,-36.5749,ARG-88
-50.2659,147.652,CYS-89
-48.8424,-32.3514,SER-90
-66.0952,8.4961,ASP-91
-141.224,-45.5768,SER-92
-63.0633,154.99,ASP-93
173.317,-148.295,GLY-94
-55.4465,-36.8406,LEU-95
-84.076,125.128,ALA-96
-58.5115,146.154,PRO-97
-39.09,-23.8977,PRO-98
-77.4901,-34.6903,GLN-99
-69.0226,130.364,HIS-100
-81.4968,-45.8818,LEU-101
-82.4264,122.283,ILE-102
-147.158,162.122,ARG-103
-130.064,156.436,VAL-104
-160.254,170.698,GLU-105
81.1975,-61.8188,GLY-106
-66.5257,131.504,ASN-107
-92.3155,-42.8053,LEU-108
-77.5667,8.93534,ARG-109
-42.1406,146.458,VAL-110
176.96,156.949,GLU-111
-107.432,144.593,TYR-112
-142.997,147.04,LEU-113
-68.4984,136.425,ASP-114
-66.6966,129.539,ASP-115
-64.596,-24.3636,ARG-116
-100.104,-23.8945,ASN-117
-128.795,-13.2985,THR-118
86.252,7.49946,PHE-119
-79.0277,104.001,ARG-120
-52.844,117.231,HIS-121
-155.412,153.813,SER-122
-68.1448,133.979,VAL-123
-135.557,121.216,VAL-124
-107.987,151.634,VAL-125
-74.9043,144.68,PRO-126
-73.7058,148.158,TYR-127
-144.437,153.059,GLU-128
-74.3679,160.544,PRO-129
-71.0189,136.698,PRO-130
-65.5747,151.382,GLU-131
-31.0257,122.173,VAL-132
87.0674,-16.3976,GLY-133
-87.5041,147.52,SER-134
-85.4999,-24.2173,ASP-135
-113.109,145.728,CYS-136
-69.8066,137.634,THR-137
-128.38,138.468,THR-138
-126.936,137.503,ILE-139
-104.102,134.688,HIS-140
-121.887,164.15,TYR-141
-151.713,148.414,ASN-142
-138.037,179.681,TYR-143
-172.446,134.984,MET-144
-163.254,-168.337,CYS-145
-101.337,157.248,ASN-146
-107.279,-21.9804,SER-147
-108.665,-34.956,SER-148
-71.279,166.934,CYS-149
-66.8066,-10.7061,MET-150
60.1113,-153.554,GLY-151
-88.9591,-36.31,GLY-152
-131.989,-74.0752,ILE-153
-132.189,146.795,ASN-154
-65.3008,148.78,ARG-155
-159.686,169.096,ARG-156
-72.7689,158.899,PRO-157
-133.298,120.813,ILE-158
-91.4781,137.767,LEU-159
-117.262,146.199,THR-160
-117.417,112.945,ILE-161
-94.6578,122.244,ILE-162
-124.538,121.078,THR-163
-76.0921,132.396,LEU-164
-143.838,128.335,GLU-165
-52.2728,162.329,ASP-166
-64.253,-5.80874,SER-167
-96.5495,-3.15749,SER-168
76.841,13.6189,GLY-169
-65.8812,122.331,ASN-170
-75.0888,118.738,LEU-171
-98.68,-40.6334,LEU-172
-158.544,173.334,GLY-173
-150.18,145.801,ARG-174
-155.804,129.133,ASN-175
-124.267,139.563,SER-176
-144.844,156.915,PHE-177
-84.3347,152.602,GLU-178
-131.422,171.163,VAL-179
-160.008,118.241,ARG-180
-69.255,136.138,VAL-181
-134.653,149.633,CYS-182
-79.8837,-49.8632,ALA-183
-117.629,84.5234,CYS-184
-66.3849,-20.4411,PRO-185
-74.9118,-52.7275,GLY-186
-59.8199,-44.726,ARG-187
-59.8289,-46.2421,ASP-188
-53.1525,-51.9628,ARG-189
-53.372,-47.2808,ARG-190
-54.8739,-36.6694,THR-191
-99.5422,-29.651,GLU-192
-71.8783,-27.566,GLU-193
-61.1869,-23.5138,GLU-194
-92.0984,39.771,ASN-195
-117.34,164.187,LEU-196
-81.3855,-27.9951,ARG-197
-76.6803,161.767,LYS-198
-64.077,174.961,LYS-199
-149.768,164.846,GLY-200
-64.8514,120.691,GLU-201
-95.5701,173.709,PRO-202
-152.336,-45.8122,HIS-203
-167.349,143.483,HIS-204
-95.2757,-17.285,GLU-205
-76.6966,-61.4611,LEU-206
-79.7563,170.533,PRO-207
-75.0687,159.668,PRO-208
-101.317,-118.137,GLY-209
-165.873,-160.974,SER-210
-104.064,172.192,THR-211
-110.987,148.64,LYS-212
69.283,155.901,ARG-213
-60.9722,149.658,ALA-214
-51.3923,-36.9992,LEU-215
-72.9569,158.119,PRO-216
-82.2921,6.74029,ASN-217
-54.4537,122.405,ASN-218
-155.216,173.232,SER-2
-60.6987,150.121,SER-3
-86.0231,124.985,VAL-4
-50.6145,140.993,PRO-5
-94.1423,139.208,SER-6
-110.844,-1.93888,GLN-7
-80.7593,115.248,LYS-8
-63.1421,137.596,THR-9
-149.708,150.414,TYR-10
-81.5436,-34.6156,GLN-11
75.2757,173.827,GLY-12
-75.2389,-28.0345,SER-13
-75.2402,-18.7603,TYR-14
93.1544,27.6071,GLY-15
-55.3658,124.441,PHE-16
-159.986,159.569,ARG-17
-111.984,150.287,LEU-18
-119.455,109.427,GLY-19
-97.2507,156.285,PHE-20
-76.8132,153.509,LEU-21
-117.069,83.7815,HIS-22
-112.705,-12.0753,SER-23
66.497,-145.612,GLY-24
-136.545,15.8769,THR-25
-62.538,148.294,ALA-26
-53.7223,-35.1999,LYS-27
-71.1116,-12.0161,SER-28
-58.2909,134.986,VAL-29
-98.7929,-35.6384,THR-30
-159.722,148.402,CYS-31
-170.015,164.683,THR-32
-162.581,121.841,TYR-33
-93.9324,115.902,SER-34
-59.7151,-32.3259,PRO-35
-84.4456,-32.0886,ALA-36
-79.0413,-18.3659,LEU-37
61.3409,45.0704,ASN-38
-144.363,113.605,LYS-39
-81.668,145.421,MET-40
-122.154,106.759,PHE-41
-107.294,167.171,CYS-42
-96.9846,146.562,GLN-43
-56.7821,129.365,LEU-44
80.4043,-15.4029,ALA-45
-79.047,145.938,LYS-46
-56.4307,128.795,THR-47
-107.227,99.1956,CYS-48
-61.2211,128.667,PRO-49
-130.103,111.643,VAL-50
-72.5234,153.841,GLN-51
-140.06,155.954,LEU-52
-159.677,148.502,TRP-53
-140.631,148.67,VAL-54
-91.6388,-16.8894,ASP-55
-130.606,136.041,SER-56
-70.0935,122.91,THR-57
-65.2776,158.838,PRO-58
-69.7576,168.59,PRO-59
-65.6772,136.466,PRO-60
76.1618,11.1001,GLY-61
-58.177,128.306,THR-62
-120.357,154.634,ARG-63
-93.6675,131.938,VAL-64
-119.974,131.365,ARG-65
-112.109,145.591,ALA-66
-149.229,155.146,MET-67
-143.539,126.028,ALA-68
-115.716,148.755,ILE-69
-104.708,89.206,TYR-70
-69.056,144.174,LYS-71
-147.58,178.432,GLN-72
-80.5825,-18.7455,SER-73
-124.63,20.1236,GLN-74
-172.103,152.871,HIS-75
-149.894,-16.9171,MET-76
-101.654,52.3164,THR-77
-128.979,148.732,GLU-78
-93.5386,144.755,VAL-79
-62.2295,105.662,VAL-80
-123.443,146.886,ARG-81
-49.0755,162.443,ARG-82
-58.798,153.28,CYS-83
-80.8661,-10.3392,PRO-84
-79.0019,-8.19607,HIS-85
-111.996,-13.4415,HIS-86
-76.4292,5.69095,GLU-87
-157.135,-36.3081,ARG-88
-53.5546,147.917,CYS-89
-59.823,-6.09576,SER-90
-91.0115,-2.46026,ASP-91
-114.451,-27.1125,SER-92
-69.6729,138.535,ASP-93
-155.473,-119.442,GLY-94
-78.3597,-50.6654,LEU-95
-74.4384,131.491,ALA-96
-63.2283,160.388,PRO-97
-76.6712,-7.49064,PRO-98
-69.987,-41.5019,GLN-99
-70.5828,124.421,HIS-100
-80.4781,-48.7165,LEU-101
-67.499,123.999,ILE-102
-138.5,157.396,ARG-103
-122.971,158.099,VAL-104
-145.96,176.932,GLU-105
79.0052,-38.951,GLY-106
-80.2798,134.623,ASN-107
-71.9875,-47.3219,LEU-108
-76.4479,23.666,ARG-109
-64.9033,134.249,VAL-110
-162.363,158.98,GLU-111
-99.2707,146.463,TYR-112
-149.503,164.955,LEU-113
-95.3639,137.895,ASP-114
-63.4503,137.626,ASP-115
-69.5367,-35.5793,ARG-116
-83.8288,-33.6107,ASN-117
-115.732,-19.6418,THR-118
71.9613,6.25385,PHE-119
-81.1335,121.608,ARG-120
-68.4984,126.961,HIS-121
-163.751,147.06,SER-122
-78.2681,146.106,VAL-123
-141.408,139.212,VAL-124
-137.126,158.423,VAL-125
-66.87,-165.537,PRO-126
-116.413,99.9133,TYR-127
-62.972,146.437,GLU-128
-55.6574,142.09,PRO-129
-49.8029,156.677,PRO-130
-67.5147,168.093,GLU-131
-67.236,140.689,VAL-132
74.2946,-9.09166,GLY-133
-103.983,152.037,SER-134
-104.086,-38.3248,ASP-135
-109.232,152.962,CYS-136
-64.5481,120.49,THR-137
-88.417,133.603,THR-138
-127.538,130.965,ILE-139
-102.31,130.167,HIS-140
-105.028,174.239,TYR-141
-157.929,145.065,ASN-142
-134.119,161.299,TYR-143
-154.104,125.19,MET-144
-147.493,155.704,CYS-145
-63.9282,142.362,ASN-146
-102.807,-14.5984,SER-147
-123.965,-43.3232,SER-148
-69.0021,-176.358,CYS-149
-82.0747,-12.7684,MET-150
93.6517,153.396,GLY-151
-59.7426,-19.6422,GLY-152
-141.617,-51.9845,ILE-153
-154.333,141.674,ASN-154
-69.3719,122.814,ARG-155
-155.151,161.44,ARG-156
-76.4662,152.492,PRO-157
-126.876,130.431,ILE-158
-120.435,147.506,LEU-159
-130.548,146.604,THR-160
-122.953,114.046,ILE-161
-96.8126,119.886,ILE-162
-117.701,151.508,THR-163
-119.711,131.635,LEU-164
-160.818,129.211,GLU-165
-52.2351,156.365,ASP-166
-57.2169,-20.8148,SER-167
-108.148,18.155,SER-168
99.473,-5.69358,GLY-169
-80.9012,139.879,ASN-170
-90.9179,123.688,LEU-171
-101.067,-46.1544,LEU-172
-155.874,165.828,GLY-173
-147.775,141.568,ARG-174
-154.018,126.208,ASN-175
-116.59,149.904,SER-176
-139.083,160,PHE-177
-87.4292,156.181,GLU-178
-120.141,146.374,VAL-179
-134.07,144.931,ARG-180
-101.451,144.984,VAL-181
-134.471,163.991,CYS-182
-87.4491,-34.144,ALA-183
-135.792,74.5954,CYS-184
-73.891,-22.223,PRO-185
-78.6497,-40.9275,GLY-186
-54.4002,-57.3052,ARG-187
-59.6706,-28.9397,ASP-188
-66.6666,-63.6738,ARG-189
-49.267,-43.41,ARG-190
-54.7345,-43.4426,THR-191
-87.3808,-29.9362,GLU-192
-75.4368,-34.9547,GLU-193
-44.1671,-14.9625,GLU-194
-93.2045,9.74498,ASN-195
-83.8378,155.533,LEU-196
-76.9792,-28.4831,ARG-197
-69.4829,143.333,LYS-198
-66.2234,124.508,LYS-199
-87.1324,-148.826,GLY-200
-89.047,110.164,GLU-201
-84.3401,154.442,PRO-202
-121.362,-44.9382,HIS-203
-170.994,138.017,HIS-204
-77.9122,-37.023,GLU-205
-51.9618,-41.5178,LEU-206
-83.8676,150.531,PRO-207
-79.7207,176.326,PRO-208
-104.7,-146.738,GLY-209
-152.735,-168.748,SER-210
-89.8764,154.547,THR-211
-112.932,156.678,LYS-212
71.7037,142.108,ARG-213
-51.1079,151.689,ALA-214
-73.0227,-41.6027,LEU-215
-65.0053,132.339,PRO-216
-70.8164,15.4535,ASN-217
-51.7666,122.781,ASN-218
-99.4253,172.877,SER-2
-69.0903,155.713,SER-3
-64.9075,126.155,VAL-4
-62.6542,127.88,PRO-5
-79.1119,142.905,SER-6
-88.5829,-2.87717,GLN-7
-87.2789,135.124,LYS-8
-77.925,134.078,THR-9
-169.185,150.78,TYR-10
-80.5806,-23.2441,GLN-11
58.6982,-148.863,GLY-12
-59.8512,-30.551,SER-13
-139.306,-3.48083,TYR-14
98.237,12.3444,GLY-15
-43.1209,116.015,PHE-16
-138.939,141.293,ARG-17
-89.152,174.197,LEU-18
-160.779,143.737,GLY-19
-110.348,155.375,PHE-20
-70.5008,167.234,LEU-21
-116.767,37.3984,HIS-22
-71.1379,-14.1356,SER-23
75.9241,-125.93,GLY-24
-151.155,16.9788,THR-25
-83.8487,166.458,ALA-26
-68.649,-20.3362,LYS-27
-49.9574,-31.8653,SER-28
-51.7507,130.457,VAL-29
-95.6165,-41.7317,THR-30
-157.019,147.052,CYS-31
-167.266,151.007,THR-32
-138.273,146.468,TYR-33
-114.245,87.1852,SER-34
-45.0168,-47.4549,PRO-35
-72.8383,-23.2289,ALA-36
-76.4497,-29.1346,LEU-37
56.8606,47.6163,ASN-38
-123.29,107.802,LYS-39
-91.4453,125.202,MET-40
-99.2143,141.063,PHE-41
-140.193,137.751,CYS-42
-68.0229,151.355,GLN-43
-71.224,131.196,LEU-44
77.9778,-21.7508,ALA-45
-80.2631,149.499,LYS-46
-70.6796,123.005,THR-47
-112.771,102.966,CYS-48
-69.4034,143.638,PRO-49
-131.285,137.421,VAL-50
-81.5474,161.396,GLN-51
-151.749,142.374,LEU-52
-164.761,142.816,TRP-53
-137.937,131.939,VAL-54
-66.4754,-30.5246,ASP-55
-131.774,142.17,SER-56
-64.5636,126.271,THR-57
-74.183,159.772,PRO-58
-70.1878,152.888,PRO-59
-68.4491,150.506,PRO-60
81.3759,-1.90859,GLY-61
-72.2153,135.65,THR-62
-114.271,146.364,ARG-63
-83.7646,130.798,VAL-64
-121.756,133.837,ARG-65
-111.887,154.687,ALA-66
-161.155,161.871,MET-67
-154.037,127.004,ALA-68
-112.647,135.365,ILE-69
-108.111,94.2861,TYR-70
-74.2896,136.669,LYS-71
-125.375,172.316,GLN-72
-70.4652,-4.44311,SER-73
-148.414,6.37679,GLN-74
-135.84,123.431,HIS-75
-108.381,-34.0561,MET-76
-83.5585,57.6663,THR-77
-131.689,156.639,GLU-78
-100.83,139.193,VAL-79
-63.3925,102.716,VAL-80
-115.41,151.296,ARG-81
-52.5515,164.69,ARG-82
-54.844,148.597,CYS-83
-53.384,-37.5287,PRO-84
-75.5062,-4.13953,HIS-85
-129.662,-3.17328,HIS-86
-83.598,-1.13691,GLU-87
-132.657,-29.6203,ARG-88
-87.5777,160.374,CYS-89
-52.4239,-16.3909,SER-90
-81.9195,-8.37148,ASP-91
-116.184,-31.3047,SER-92
-70.5427,137.573,ASP-93
-164.492,-125.371,GLY-94
-57.7282,-53.4874,LEU-95
-77.7062,144.999,ALA-96
-62.4581,161.133,PRO-97
-83.8193,-12.3749,PRO-98
-63.1813,-30.7776,GLN-99
-73.9942,113.338,HIS-100
-70.0814,-47.0177,LEU-101
-84.5101,133.404,ILE-102
-145.881,159.382,ARG-103
-132.932,162.226,VAL-104
-162.996,-175.204,GLU-105
79.5057,-24.648,GLY-106
-87.8153,107.176,ASN-107
-43.5261,-25.6578,LEU-108
-103.854,6.39586,ARG-109
-62.821,152.872,VAL-110
175.243,161.131,GLU-111
-82.5752,148.644,TYR-112
-151.754,159.142,LEU-113
-77.0449,145.367,ASP-114
-74.9528,136.074,ASP-115
-66.1207,-35.4208,ARG-116
-91.1881,-65.2917,ASN-117
-96.2028,-3.94894,THR-118
80.0902,-34.9649,PHE-119
-47.2503,121.925,ARG-120
-66.9804,132.482,HIS-121
-173.869,153.067,SER-122
-79.7478,133.126,VAL-123
-129.785,132.358,VAL-124
-133.649,136.095,VAL-125
-70.8086,174.119,PRO-126
-80.774,130.45,TYR-127
-114.404,149.962,GLU-128
-68.195,148.303,PRO-129
-65.0489,143.488,PRO-130
-81.1635,154.461,GLU-131
-45.8413,126.998,VAL-132
83.7123,-19.03,GLY-133
-94.4505,152.039,SER-134
-78.9038,-40.6419,ASP-135
-112.982,153.692,CYS-136
-66.5134,159.102,THR-137
-120.142,139.748,THR-138
-114.952,130.138,ILE-139
-105.058,112.457,HIS-140
-90.3004,170.152,TYR-141
-154.811,154.725,ASN-142
-145.683,153.004,TYR-143
-149.524,111.442,MET-144
-153.344,169.883,CYS-145
-72.363,158.071,ASN-146
-126.059,-20.6217,SER-147
-83.5259,-28.0247,SER-148
-87.6681,169.863,CYS-149
-82.3393,0.56179,MET-150
69.0654,-141.127,GLY-151
-78.998,-39.161,GLY-152
-149.78,-40.5081,ILE-153
-166.337,129.092,ASN-154
-50.2337,126.699,ARG-155
-156.438,155.457,ARG-156
-70.5885,159.604,PRO-157
-134.914,133.746,ILE-158
-120.646,143.106,LEU-159
-108.22,144.017,THR-160
-119.825,121.239,ILE-161
-113.48,134.761,ILE-162
-139.288,161.381,THR-163
-125.467,134.317,LEU-164
-147.404,121.72,GLU-165
-60.9916,161.369,ASP-166
-73.4599,-11.6044,SER-167
-81.1396,-9.76219,SER-168
101.142,2.33304,GLY-169
-75.9289,121.516,ASN-170
-67.9785,124.56,LEU-171
-94.8999,-34.546,LEU-172
-178.459,157.137,GLY-173
-145.043,149.526,ARG-174
-153.529,143.958,ASN-175
-143.96,158.085,SER-176
-166.98,164.404,PHE-177
-89.9363,132.553,GLU-178
-107.189,150.471,VAL-179
-140.733,137.203,ARG-180
-92.3159,144.985,VAL-181
-144.253,165.75,CYS-182
-102.425,-45.6432,ALA-183
-117.753,77.5837,CYS-184
-77.5768,-17.9202,PRO-185
-77.4462,-34.772,GLY-186
-70.693,-46.1458,ARG-187
-61.4792,-37.3251,ASP-188
-56.8719,-59.164,ARG-189
-55.4135,-36.054,ARG-190
-51.9353,-50.3331,THR-191
-93.3717,-23.9981,GLU-192
-72.6787,-22.7982,GLU-193
-73.1725,-15.1588,GLU-194
-66.781,-24.3947,ASN-195
-61.4763,153.299,LEU-196
-93.7325,-30.0856,ARG-197
-56.2363,157.039,LYS-198
-85.5367,171.271,LYS-199
-123.24,-144.677,GLY-200
-114.599,127.565,GLU-201
-100.06,169.503,PRO-202
-142.22,-28.3688,HIS-203
-173.164,141.831,HIS-204
-102.217,-7.31026,GLU-205
-69.2318,-52.8204,LEU-206
-74.9079,155.27,PRO-207
-59.422,164.393,PRO-208
-100.844,-125.8,GLY-209
-167.212,177.058,SER-210
-76.4562,151.287,THR-211
-102.913,146.593,LYS-212
75.9476,159.158,ARG-213
-63.7149,164.833,ALA-214
-67.8918,-58.6962,LEU-215
-63.9808,143.173,PRO-216
-65.2105,18.2492,ASN-217
-58.7954,132.384,ASN-218
-67.7779,174.911,SER-2
-54.2114,143.271,SER-3
-90.6231,130.399,VAL-4
-66.8455,123.828,PRO-5
-70.8751,145.734,SER-6
-94.3054,-20.0145,GLN-7
-50.1912,120.508,LYS-8
-76.9058,134.709,THR-9
-161.88,148.626,TYR-10
-83.0311,-39.5158,GLN-11
77.9859,-177.887,GLY-12
-49.9749,-44.5364,SER-13
-79.9876,-27.3508,TYR-14
93.0737,31.4794,GLY-15
-60.4466,146.875,PHE-16
-179.163,164.453,ARG-17
-113.81,164.21,LEU-18
-142.136,138.216,GLY-19
-111.586,157.674,PHE-20
-71.4887,162.072,LEU-21
-109.38,16.6169,HIS-22
-51.92,-30.0622,SER-23
80.88,-150.562,GLY-24
-151.664,2.54645,THR-25
-81.1194,153.855,ALA-26
-43.5359,-34.7366,LYS-27
-62.4981,-4.84946,SER-28
-70.9158,132.782,VAL-29
-97.5876,-32.9889,THR-30
-163.555,130.142,CYS-31
-157.597,145.287,THR-32
-134.988,139.788,TYR-33
-114.006,99.4132,SER-34
-50.4672,-42.1304,PRO-35
-77.6665,0.524565,ALA-36
-122.178,-0.504429,LEU-37
48.4258,47.7288,ASN-38
-134.867,124.429,LYS-39
-94.4856,144.025,MET-40
-120.277,126.071,PHE-41
-129.476,139.19,CYS-42
-80.9501,121.286,GLN-43
-32.9649,122.506,LEU-44
58.0253,19.6716,ALA-45
-90.6652,152.637,LYS-46
-68.5748,129.469,THR-47
-126.325,79.6158,CYS-48
-80.5695,128.698,PRO-49
-120.071,152.252,VAL-50
-96.0606,155.405,GLN-51
-141.352,146.994,LEU-52
-145.692,151.426,TRP-53
-148.232,146.427,VAL-54
-86.3272,11.0491,ASP-55
-164.159,141.319,SER-56
-70.2524,125.004,THR-57
-57.2563,154.375,PRO-58
-53.1868,164.236,PRO-59
-63.5219,155.581,PRO-60
68.7018,5.73654,GLY-61
-58.6872,141.015,THR-62
-128.157,145.33,ARG-63
-81.0421,124.842,VAL-64
-109.744,137.168,ARG-65
-120.492,121.002,ALA-66
-124.337,166.513,MET-67
-151.712,116.916,ALA-68
-107.238,139.11,ILE-69
-97.2122,104.759,TYR-70
-92.2674,133.312,LYS-71
-145.394,162.49,GLN-72
-58.2277,-18.9515,SER-73
-139.001,6.12365,GLN-74
-135.501,134.813,HIS-75
-137.55,-12.1458,MET-76
-88.8999,41.6781,THR-77
-135.938,151.017,GLU-78
-85.0371,143.066,VAL-79
-59.2588,104.364,VAL-80
-128.04,145.499,ARG-81
-51.2723,162.466,ARG-82
-56.9205,150.22,CYS-83
-50.1629,-29.8302,PRO-84
-75.7259,-22.5796,HIS-85
-119.3,-0.281552,HIS-86
-76.3057,-9.82447,GLU-87
-106.424,-57.6195,ARG-88
-60.981,165.265,CYS-89
-68.3798,-13.1345,SER-90
-84.1874,-15.9436,ASP-91
-103.172,-40.0071,SER-92
-59.3657,138.782,ASP-93
-171.233,-121.667,GLY-94
-69.026,-56.6381,LEU-95
-66.7792,146.25,ALA-96
-57.0134,165.561,PRO-97
-74.2799,-14.856,PRO-98
-89.5216,-19.0489,GLN-99
-68.6587,130.341,HIS-100
-83.4449,-47.2026,LEU-101
-77.2933,124.892,ILE-102
-138.277,160.544,ARG-103
-135.144,165.146,VAL-104
-162.079,-168.966,GLU-105
64.8171,23.9857,GLY-106
-157.019,120.215,ASN-107
-58.2126,-57.7422,LEU-108
-74.7822,40.3039,ARG-109
-76.3772,110.772,VAL-110
-158.347,164.453,GLU-111
-96.6086,151.284,TYR-112
-160.208,148.421,LEU-113
-76.7102,132.632,ASP-114
-74.7864,125.685,ASP-115
-79.0863,-0.526255,ARG-116
-118.3,-18.1819,ASN-117
-135.536,-3.85385,THR-118
72.4401,-18.2668,PHE-119
-61.0721,109.762,ARG-120
-71.7422,129.12,HIS-121
-164.844,150.84,SER-122
-72.5746,129.201,VAL-123
-122.61,145.707,VAL-124
-143.815,143.557,VAL-125
-87.5131,151.833,PRO-126
-64.4312,109.351,TYR-127
-82.8838,157.75,GLU-128
-75.3476,156.034,PRO-129
-57.96,151.781,PRO-130
-64.9047,157.992,GLU-131
-53.9851,126.744,VAL-132
75.3127,-19.1467,GLY-133
-86.0211,150.431,SER-134
-94.2949,-47.7643,ASP-135
-94.3712,152.298,CYS-136
-64.2147,146.178,THR-137
-102.043,131.806,THR-138
-95.4928,127.591,ILE-139
-99.3594,90.3559,HIS-140
-81.2147,169.814,TYR-141
-159.421,155.196,ASN-142
-146.299,155.885,TYR-143
-152.759,110.481,MET-144
-164.195,147.448,CYS-145
-65.7478,159.952,ASN-146
-124.934,-12.4014,SER-147
-101.311,-37.5696,SER-148
-71.174,154.059,CYS-149
-86.9439,7.20381,MET-150
96.5962,145.018,GLY-151
-44.8514,-29.6274,GLY-152
-147.839,-35.0703,ILE-153
-158.138,128.856,ASN-154
-57.8453,130.229,ARG-155
-149.537,158.986,ARG-156
-72.7296,146.541,PRO-157
-116.244,147.891,ILE-158
-126.124,151.332,LEU-159
-114.936,160.443,THR-160
-128.25,110.42,ILE-161
-101.265,116.058,ILE-162
-113.398,148.524,THR-163
-105.667,123.264,LEU-164
-145.05,145.489,GLU-165
-78.8693,145.871,ASP-166
-64.1012,-19.3308,SER-167
-93.9871,-14.5118,SER-168
125.703,10.6331,GLY-169
-75.6879,119.536,ASN-170
-86.322,121.068,LEU-171
-95.001,-48.3947,LEU-172
-140.717,147.773,GLY-173
-141.962,145.995,ARG-174
-141.956,123.884,ASN-175
-129.812,133.257,SER-176
-141.972,157.611,PHE-177
-82.1681,145.074,GLU-178
-117.995,149.038,VAL-179
-147.892,114.224,ARG-180
-72.2389,135.294,VAL-181
-136.842,154.197,CYS-182
-79.2175,-57.7489,ALA-183
-110.681,77.2207,CYS-184
-71.8719,-17.4321,PRO-185
-68.1814,-47.7813,GLY-186
-70.6108,-33.4403,ARG-187
-69.9094,-22.8844,ASP-188
-77.2507,-61.4919,ARG-189
-43.661,-40.1459,ARG-190
-62.7634,-29.9208,THR-191
-95.4445,-35.7808,GLU-192
-90.5669,-15.8384,GLU-193
-64.7956,-20.8515,GLU-194
-71.093,-13.2733,ASN-195
-104.117,156.418,LEU-196
-83.6338,-16.5394,ARG-197
-76.3004,148.867,LYS-198
-74.1616,162.047,LYS-199
-123.239,-145.611,GLY-200
-121.437,113.826,GLU-201
-78.9632,158.168,PRO-202
-123.172,-43.8887,HIS-203
-162.336,136.404,HIS-204
-75.6446,-45.8811,GLU-205
-60.8588,-36.1141,LEU-206
-68.0298,156.617,PRO-207
-76.375,177.961,PRO-208
-92.0993,-151.431,GLY-209
-145.116,-122.429,SER-210
-131.176,174.258,THR-211
-134.625,145.959,LYS-212
83.6592,148.059,ARG-213
-62.3572,161.672,ALA-214
-56.0737,-47.8557,LEU-215
-71.0942,161.432,PRO-216
-81.2637,16.117,ASN-217
-66.9076,125.242,ASN-218
-57.3703,136.975,SER-2
-65.4018,146.237,SER-3
-76.8335,121.667,VAL-4
-58.0151,128.614,PRO-5
-78.4092,147.027,SER-6
-99.6369,-10.1874,GLN-7
-65.9705,120.685,LYS-8
-68.8377,148.877,THR-9
-174.332,156.115,TYR-10
-107.867,-22.7054,GLN-11
61.3352,-149.996,GLY-12
-87.5741,-10.8829,SER-13
-105.077,-1.85678,TYR-14
74.14,12.7929,GLY-15
-35.2575,117.077,PHE-16
-154.016,154.309,ARG-17
-114.147,151.134,LEU-18
-139.317,168.431,GLY-19
-126.187,170.697,PHE-20
-74.8381,176.039,LEU-21
-137.001,24.7815,HIS-22
-53.9179,-27.211,SER-23
90.0001,-133.993,GLY-24
-151.26,-1.3948,THR-25
-66.0653,163.988,ALA-26
-45.7296,-34.0567,LYS-27
-74.4249,-16.5599,SER-28
-62.7939,134.953,VAL-29
-111.827,-30.0697,THR-30
-151.723,150.24,CYS-31
-158.217,145.426,THR-32
-128.817,144.81,TYR-33
-119.857,94.6638,SER-34
-64.3253,-33.5067,PRO-35
-62.4744,-16.8339,ALA-36
-113.653,-22.7801,LEU-37
71.1831,38.7695,ASN-38
-134.708,128.795,LYS-39
-100.697,135.589,MET-40
-107.917,121.676,PHE-41
-117.555,146.962,CYS-42
-69.7375,131.85,GLN-43
-50.6095,123.737,LEU-44
82.5001,-0.304542,ALA-45
-89.6213,155.184,LYS-46
-71.2461,124.166,THR-47
-124.923,119.61,CYS-48
-85.7658,133.645,PRO-49
-122.433,125.969,VAL-50
-93.9584,140.904,GLN-51
-128.99,123.919,LEU-52
-137.043,142.243,TRP-53
-119.453,170.909,VAL-54
-95.4707,-13.1811,ASP-55
-161.709,126.057,SER-56
-56.2076,127.02,THR-57
-61.8856,167.366,PRO-58
-64.7859,140.29,PRO-59
-51.292,144.207,PRO-60
79.0075,1.63744,GLY-61
-66.2823,133.615,THR-62
-122.449,170.716,ARG-63
-131.635,130.939,VAL-64
-128.656,144.009,ARG-65
-120.379,141.509,ALA-66
-151.817,161.038,MET-67
-165.433,105.122,ALA-68
-108.107,142.169,ILE-69
-102.981,109.892,TYR-70
-86.7713,129.702,LYS-71
-140.459,151.444,GLN-72
-33.1803,-52.8525,SER-73
-118.346,30.2688,GLN-74
-154.719,148.303,HIS-75
-147.155,-23.309,MET-76
-84.043,66.092,THR-77
-161.856,156.098,GLU-78
-118.898,157.972,VAL-79
-66.5595,119.731,VAL-80
-134.183,152.686,ARG-81
-59.6862,158.98,ARG-82
-63.9922,160.383,CYS-83
-45.4219,-33.5063,PRO-84
-78.0995,-5.05354,HIS-85
-150.683,19.9879,HIS-86
-82.9215,-21.9314,GLU-87
-120.1,-21.2852,ARG-88
-73.0798,165.63,CYS-89
-75.0376,-11.0569,SER-90
-85.2937,-15.8496,ASP-91
-96.3483,-30.7762,SER-92
-77.2234,149.76,ASP-93
146.661,-141.911,GLY-94
-38.344,-55.544,LEU-95
-82.2109,133.668,ALA-96
-53.1165,146.372,PRO-97
-57.3526,-22.545,PRO-98
-71.5702,-31.2006,GLN-99
-82.58,132.373,HIS-100
-85.3118,-54.7531,LEU-101
-72.7375,123.424,ILE-102
-141.599,147.715,ARG-103
-120.427,146.307,VAL-104
-141.668,179.601,GLU-105
69.7931,32.8685,GLY-106
-160.42,125.471,ASN-107
-71.4057,-41.4471,LEU-108
-79.7951,32.8375,ARG-109
-68.5609,135.777,VAL-110
-172.963,157.761,GLU-111
-99.9963,153.854,TYR-112
-148.83,140.061,LEU-113
-70.4504,129.676,ASP-114
-64.6697,123.929,ASP-115
-53.4711,-50.0136,ARG-116
-79.7723,-42.3741,ASN-117
-105.531,-6.82684,THR-118
70.4443,-18.5968,PHE-119
-54.4942,96.0588,ARG-120
-42.3801,130.391,HIS-121
-175.382,151.649,SER-122
-64.0173,133.664,VAL-123
-129.796,134.107,VAL-124
-128.35,142.459,VAL-125
-64.6646,162.824,PRO-126
-72.1566,121.429,TYR-127
-91.3573,154.449,GLU-128
-74.1238,155.538,PRO-129
-55.2308,150.543,PRO-130
-87.3217,153.487,GLU-131
-39.7307,128.811,VAL-132
84.2348,-9.84598,GLY-133
-121.972,157.248,SER-134
-88.8775,-36.8749,ASP-135
-120.545,164.432,CYS-136
-71.4531,158.82,THR-137
-128.486,129.242,THR-138
-93.8025,122.857,ILE-139
-84.7879,131.166,HIS-140
-120.733,166.865,TYR-141
-148.355,148.735,ASN-142
-145.674,152.744,TYR-143
-142.238,100.818,MET-144
-156.743,155.957,CYS-145
-79.4309,155.715,ASN-146
-133.704,8.38009,SER-147
-115.368,-43.0575,SER-148
-60.972,159.855,CYS-149
-82.2891,-26.708,MET-150
86.8526,-167.605,GLY-151
-64.4116,-52.1982,GLY-152
-152.561,-22.6664,ILE-153
-156.404,127.603,ASN-154
-63.9795,134.407,ARG-155
-154.8,151.363,ARG-156
-60.5237,114.072,PRO-157
-99.8013,136.507,ILE-158
-124.126,149.087,LEU-159
-118.792,147.487,THR-160
-121.414,106.423,ILE-161
-89.6842,142.343,ILE-162
-137.477,166.925,THR-163
-123.347,131.709,LEU-164
-150.672,142.254,GLU-165
-75.4568,160.135,ASP-166
-77.717,-0.236233,SER-167
-106.9,3.70765,SER-168
87.8015,18.5067,GLY-169
-80.4998,128.861,ASN-170
-89.5652,117.317,LEU-171
-94.3499,-30.1995,LEU-172
-171.054,172.373,GLY-173
-147.519,149.311,ARG-174
-155.608,145.486,ASN-175
-151.734,125.556,SER-176
-140.978,164.682,PHE-177
-82.9063,139.59,GLU-178
-116.089,142.039,VAL-179
-127.729,129.8,ARG-180
-97.0091,130.627,VAL-181
-129.153,167.036,CYS-182
-98.7761,-46.6185,ALA-183
-113.293,70.7383,CYS-184
-65.1499,-11.4469,PRO-185
-72.5098,-45.1251,GLY-186
-66.5418,-46.568,ARG-187
-67.9109,-32.9545,ASP-188
-56.2783,-50.9763,ARG-189
-61.8115,-44.4453,ARG-190
-50.6147,-39.0933,THR-191
-89.0915,-21.5087,GLU-192
-99.2744,-32.9067,GLU-193
-60.6067,-17.1932,GLU-194
-87.6601,-15.8386,ASN-195
-61.8639,155.299,LEU-196
-89.6293,-15.1002,ARG-197
-66.5776,144.141,LYS-198
-70.7964,152.366,LYS-199
-123.83,156.712,GLY-200
-57.9909,127.492,GLU-201
-86.0538,-177.06,PRO-202
-161.577,-42.5701,HIS-203
-173.727,133.772,HIS-204
-103.243,-13.0919,GLU-205
-76.6456,-48.1791,LEU-206
-61.645,145.537,PRO-207
-74.3555,166.634,PRO-208
-77.8363,-123.175,GLY-209
-158.214,-105.784,SER-210
-142.184,142.419,THR-211
-88.516,130.075,LYS-212
87.7924,156.837,ARG-213
-75.5962,164.247,ALA-214
-61.305,-52.7596,LEU-215
-65.1902,141.441,PRO-216
-79.1598,22.1969,ASN-217
-59.721,134.916,ASN-218
-45.0552,132.633,SER-2
-63.905,173.698,SER-3
-106.371,134.961,VAL-4
-76.3433,147.102,PRO-5
-83.1127,135.725,SER-6
-99.9679,-16.7007,GLN-7
-65.7116,117.283,LYS-8
-57.8515,142.3,THR-9
-155.251,141.096,TYR-10
-61.7406,-45.0314,GLN-11
64.4259,-175.301,GLY-12
-77.9987,-13.767,SER-13
-94.6875,-8.01052,TYR-14
80.0131,40.5502,GLY-15
-73.8985,135.204,PHE-16
-168.021,168.282,ARG-17
-124.92,159.039,LEU-18
-139.234,142.071,GLY-19
-124.28,139.241,PHE-20
-46.7982,159.387,LEU-21
-111.927,49.1763,HIS-22
-87.6567,-27.2472,SER-23
86.369,-136.863,GLY-24
-125.276,-1.58783,THR-25
-69.2387,161.015,ALA-26
-60.358,-28.3489,LYS-27
-56.6325,-20.6637,SER-28
-68.8988,127.998,VAL-29
-89.6765,-44.307,THR-30
-143.063,144.164,CYS-31
-142.897,158.545,THR-32
-145.123,132.412,TYR-33
-100.05,116.138,SER-34
-64.5115,-39.7631,PRO-35
-72.3106,-4.54279,ALA-36
-113.155,-10.4144,LEU-37
56.4455,35.4814,ASN-38
-128.861,139.825,LYS-39
-107.063,139.177,MET-40
-123.464,111.452,PHE-41
-120.185,147.692,CYS-42
-84.4836,140.982,GLN-43
-69.8019,134.294,LEU-44
60.9981,32.1979,ALA-45
-118.043,136.434,LYS-46
-56.4338,125.556,THR-47
-115.321,95.4699,CYS-48
-70.1342,116.054,PRO-49
-124.589,130.791,VAL-50
-83.9318,140.795,GLN-51
-118.634,113.387,LEU-52
-112.234,150.571,TRP-53
-137.625,164.596,VAL-54
-87.2005,-9.19903,ASP-55
-153.558,125.693,SER-56
-42.7961,114.054,THR-57
-56.3811,164.787,PRO-58
-67.6486,156.315,PRO-59
-51.7186,142.96,PRO-60
86.1799,-0.783622,GLY-61
-72.0477,140.923,THR-62
-132.404,158.055,ARG-63
-101.568,127.666,VAL-64
-119.675,139.602,ARG-65
-110.954,146.111,ALA-66
-146.961,167.812,MET-67
-169.258,115.732,ALA-68
-109.243,124.822,ILE-69
-75.6268,85.2742,TYR-70
-68.1708,134.203,LYS-71
-135.851,-170.04,GLN-72
-70.2633,-29.4099,SER-73
-140.516,38.1085,GLN-74
-144.054,140.769,HIS-75
-131.028,-14.7208,MET-76
-90.395,64.0137,THR-77
-155.213,159.786,GLU-78
-92.3861,134.707,VAL-79
-59.2733,131.835,VAL-80
-147.007,152.692,ARG-81
-56.7044,166.411,ARG-82
-44.8241,144.768,CYS-83
-53.0127,-38.1842,PRO-84
-61.3745,-7.77066,HIS-85
-141.47,0.117669,HIS-86
-77.085,17.2472,GLU-87
-147.685,-38.152,ARG-88
-59.3778,164.58,CYS-89
-79.4712,-14.1237,SER-90
-78.7599,-4.47509,ASP-91
-125.726,-14.7139,SER-92
-84.191,161.244,ASP-93
151.278,-122.829,GLY-94
-51.8804,-58.9234,LEU-95
-89.2484,155.787,ALA-96
-56.8232,147.234,PRO-97
-71.5178,-17.8195,PRO-98
-55.0604,-44.8892,GLN-99
-65.1577,126.257,HIS-100
-80.3076,-58.4934,LEU-101
-73.2497,116.365,ILE-102
-135.764,154.677,ARG-103
-119.619,165.978,VAL-104
-163.589,-171.74,GLU-105
82.28,-80.7418,GLY-106
-61.3916,112.467,ASN-107
-59.1941,-46.0342,LEU-108
-76.9381,22.1561,ARG-109
-52.3428,130.88,VAL-110
-165.387,166.523,GLU-111
-98.4451,145.952,TYR-112
-170.202,150.421,LEU-113
-70.1945,146.45,ASP-114
-71.0858,130.937,ASP-115
-71.128,-13.141,ARG-116
-98.5794,-58.7789,ASN-117
-110.445,2.55165,THR-118
71.837,4.44548,PHE-119
-75.7656,115.404,ARG-120
-61.7162,114.893,HIS-121
-151.791,155.082,SER-122
-71.4167,141.551,VAL-123
-136.419,141.219,VAL-124
-140.994,154.127,VAL-125
-70.3668,174.454,PRO-126
-88.3721,113.135,TYR-127
-110.389,167.774,GLU-128
-85.6789,170.889,PRO-129
-55.4674,154.393,PRO-130
-65.099,157.076,GLU-131
-54.6878,132.716,VAL-132
77.9916,-13.3809,GLY-133
-96.1725,166.651,SER-134
-105.913,-16.1685,ASP-135
-144.804,153.599,CYS-136
-83.6297,157.532,THR-137
-135.622,136.125,THR-138
-95.0766,137.441,ILE-139
-107.943,103.402,HIS-140
-82.7674,179.456,TYR-141
-151.771,151.645,ASN-142
-146.627,146.984,TYR-143
-142.546,128.252,MET-144
-162.164,162.65,CYS-145
-82.0458,148.892,ASN-146
-117.393,-21.95,SER-147
-81.8137,-16.6793,SER-148
-78.2767,166.778,CYS-149
-87.2935,-36.1791,MET-150
111.254,-137.445,GLY-151
-108.194,-0.43225,GLY-152
159.317,-27.9322,ILE-153
-168.694,142.525,ASN-154
-69.5766,129.411,ARG-155
-146.319,154.9,ARG-156
-71.1506,157.752,PRO-157
-143.661,134.031,ILE-158
-108.456,146.192,LEU-159
-110.56,159.481,THR-160
-134.418,120.333,ILE-161
-123.663,121.911,ILE-162
-132.909,138.992,THR-163
-109.817,116.845,LEU-164
-141.128,141.323,GLU-165
-66.785,175.926,ASP-166
-71.7436,-24.5878,SER-167
-87.1682,3.96597,SER-168
73.2861,21.0584,GLY-169
-61.1674,126.259,ASN-170
-94.4259,123.638,LEU-171
-108.953,-22.2636,LEU-172
-172.774,163.576,GLY-173
-137.32,139.219,ARG-174
-134.942,152.425,ASN-175
-140.121,142.471,SER-176
-148.859,168.508,PHE-177
-98.298,134.299,GLU-178
-105.289,141.197,VAL-179
-144.469,131.417,ARG-180
-107.178,141.973,VAL-181
-143.87,151.117,CYS-182
-87.9242,-23.2054,ALA-183
-130.198,80.2908,CYS-184
-67.1764,-30.3601,PRO-185
-61.3192,-34.1387,GLY-186
-87.6989,-32.5739,ARG-187
-70.4384,-34.6627,ASP-188
-66.3777,-49.1776,ARG-189
-56.4766,-46.2157,ARG-190
-51.0129,-35.4598,THR-191
-92.4545,-30.3802,GLU-192
-85.6202,-26.8714,GLU-193
-83.8873,-5.81958,GLU-194
-76.3078,-17.9564,ASN-195
-73.8189,154.919,LEU-196
-68.9431,-40.8341,ARG-197
-65.632,153.544,LYS-198
-66.1957,146.723,LYS-199
-148.707,152.08,GLY-200
-65.906,113.649,GLU-201
-70.3043,130.1,PRO-202
-77.868,-72.9346,HIS-203
-168.97,136.709,HIS-204
-78.8614,-8.59719,GLU-205
-92.033,-69.2338,LEU-206
-62.7659,147.382,PRO-207
-69.5606,159.805,PRO-208
-75.3927,-137.431,GLY-209
-152.224,-140.05,SER-210
-103.834,169.996,THR-211
-110.286,156.005,LYS-212
61.6295,144.163,ARG-213
-62.7532,165.483,ALA-214
-68.0327,-45.5016,LEU-215
-55.9429,128.486,PRO-216
-65.0945,17.0083,ASN-217
-49.1824,126.373,ASN-218
-115.383,169.141,SER-2
-80.2164,159.371,SER-3
-91.8702,142.079,VAL-4
-59.1212,143.48,PRO-5
-92.2539,155.239,SER-6
-108.54,1.9893,GLN-7
-71.0066,125.576,LYS-8
-74.1577,131.484,THR-9
-165.712,144.966,TYR-10
-78.377,-44.3229,GLN-11
59.6124,-165.475,GLY-12
-62.5152,-13.7896,SER-13
-101.942,-21.3205,TYR-14
92.1291,28.5221,GLY-15
-49.6863,116.157,PHE-16
-149.941,170.014,ARG-17
-116.323,166.765,LEU-18
-145.861,152.369,GLY-19
-127.432,145.415,PHE-20
-34.3865,145.653,LEU-21
-105.963,59.2103,HIS-22
-84.8274,-41.0903,SER-23
84.8731,-134.21,GLY-24
-136.046,2.82973,THR-25
-63.0945,177.062,ALA-26
-71.8765,-21.0999,LYS-27
-76.1629,-4.99113,SER-28
-67.7906,117.412,VAL-29
-81.0533,-26.7404,THR-30
-165.698,144.184,CYS-31
-147.294,164.653,THR-32
-135.068,143.214,TYR-33
-104.864,88.3287,SER-34
-29.654,-54.7146,PRO-35
-69.1104,-18.2662,ALA-36
-103.906,-31.529,LEU-37
66.235,53.7545,ASN-38
-139.449,140.167,LYS-39
-105.214,147.164,MET-40
-134.53,125.115,PHE-41
-116.431,152.988,CYS-42
-90.2311,136.107,GLN-43
-56.5925,121.105,LEU-44
68.0711,-7.18968,ALA-45
-74.4423,155.074,LYS-46
-77.036,141.673,THR-47
-129.14,90.9347,CYS-48
-63.3306,127.263,PRO-49
-110.891,129.956,VAL-50
-78.5827,151.889,GLN-51
-129.077,147.558,LEU-52
-135.189,148.775,TRP-53
-139.804,149.142,VAL-54
-75.2439,-7.03523,ASP-55
-160.192,130.991,SER-56
-56.3933,124.485,THR-57
-68.9628,154.608,PRO-58
-78.3932,166.801,PRO-59
-56.4356,140.718,PRO-60
92.3971,-16.2864,GLY-61
-77.6143,125.727,THR-62
-131.486,153.128,ARG-63
-77.0843,141.185,VAL-64
-124.72,150.008,ARG-65
-115.725,140.071,ALA-66
-155.104,149.754,MET-67
-147.489,128.022,ALA-68
-112.161,146.453,ILE-69
-123.621,137.433,TYR-70
-115.747,146.789,LYS-71
-132.894,173.131,GLN-72
-64.881,-8.53125,SER-73
-144.18,17.5507,GLN-74
-144.533,144.666,HIS-75
-149.173,-32.164,MET-76
-69.1781,58.5644,THR-77
-146.259,164.715,GLU-78
-100.824,138.577,VAL-79
-52.5756,134.374,VAL-80
-143.887,155.847,ARG-81
-56.1621,167.129,ARG-82
-58.8767,150.625,CYS-83
-61.4134,-30.243,PRO-84
-54.6653,-16.0993,HIS-85
-146.791,25.0466,HIS-86
-100.845,-11.953,GLU-87
-133.403,-18.6465,ARG-88
-74.8344,158.985,CYS-89
-75.4519,-15.0863,SER-90
-63.5471,-39.1495,ASP-91
-71.9039,-15.2286,SER-92
-94.9923,157.884,ASP-93
152.711,-128.105,GLY-94
-66.9738,-32.3914,LEU-95
-97.5593,156.327,ALA-96
-77.8617,175.99,PRO-97
-85.3684,-10.5153,PRO-98
-87.5715,-29.8119,GLN-99
-58.0768,124.983,HIS-100
-77.5062,-53.4068,LEU-101
-60.3579,118.366,ILE-102
-135.524,160.449,ARG-103
-129.355,153.092,VAL-104
-152.238,-163.18,GLU-105
70.9676,-54.8528,GLY-106
-66.8003,135.746,ASN-107
-72.6691,-52.8423,LEU-108
-77.7462,43.2567,ARG-109
-74.3914,147.681,VAL-110
-160.776,154.442,GLU-111
-93.1366,131.229,TYR-112
-141.29,148.521,LEU-113
-57.1382,139.467,ASP-114
-68.8805,139.87,ASP-115
-74.0842,-17.1197,ARG-116
-102.563,-47.9214,ASN-117
-109.355,0.708061,THR-118
69.1718,-5.11896,PHE-119
-55.1265,121.9,ARG-120
-71.5658,113.854,HIS-121
-159.149,160.589,SER-122
-81.9465,124.725,VAL-123
-115.097,138.61,VAL-124
-127.358,155.439,VAL-125
-73.9165,164.514,PRO-126
-94.0135,118.016,TYR-127
-93.7293,150.426,GLU-128
-59.1116,160.425,PRO-129
-50.6221,160.729,PRO-130
-84.7315,164.855,GLU-131
-52.851,110.467,VAL-132
108.419,-21.8376,GLY-133
-99.3858,156.82,SER-134
-116.459,-24.6187,ASP-135
-97.7793,148.29,CYS-136
-72.9513,174.793,THR-137
-164.026,133.395,THR-138
-113.328,137.378,ILE-139
-99.5796,113.58,HIS-140
-114.921,173.419,TYR-141
-167.062,165.497,ASN-142
-156.731,137.866,TYR-143
-132.98,137.649,MET-144
-170.427,148.682,CYS-145
-62.6864,155.188,ASN-146
-119.922,-18.6787,SER-147
-98.3218,-10.7467,SER-148
-80.5267,155.291,CYS-149
-86.4019,-36.1161,MET-150
84.6608,-140.925,GLY-151
-83.9185,-132.181,GLY-152
-66.8452,-49.5226,ILE-153
-147.803,136.143,ASN-154
-64.4057,140.173,ARG-155
-147.905,160.347,ARG-156
-67.7036,145.094,PRO-157
-153.992,133.204,ILE-158
-134.223,130.459,LEU-159
-79.0578,146.151,THR-160
-123.366,128.259,ILE-161
-114.822,137.415,ILE-162
-147.793,170.07,THR-163
-130.762,132.68,LEU-164
-149.525,145.907,GLU-165
-97.673,145.673,ASP-166
-60.9357,-17.7721,SER-167
-88.4525,11.74,SER-168
99.1211,-9.17327,GLY-169
-57.5184,121.744,ASN-170
-81.5355,131.034,LEU-171
-105.562,-31.7518,LEU-172
-166.716,159.215,GLY-173
-163.459,143.09,ARG-174
-144.127,155.333,ASN-175
-148.363,143.689,SER-176
-155.225,161.945,PHE-177
-88.778,146.445,GLU-178
-115.892,143.332,VAL-179
-146.43,144.337,ARG-180
-110.194,137.46,VAL-181
-135.473,163.339,CYS-182
-74.7577,-45.0734,ALA-183
-129.551,71.0954,CYS-184
-61.8908,-21.5259,PRO-185
-66.0991,-62.9643,GLY-186
-50.8165,-44.8743,ARG-187
-68.515,-35.7435,ASP-188
-53.7257,-51.9716,ARG-189
-58.6394,-36.267,ARG-190
-72.351,-14.3797,THR-191
-108.559,-25.5242,GLU-192
-91.2684,-26.9713,GLU-193
-63.0684,-8.37093,GLU-194
-77.1585,-19.6033,ASN-195
-66.4504,145.256,LEU-196
-68.1862,-37.9009,ARG-197
-49.2289,128.268,LYS-198
-53.6507,143.829,LYS-199
-134.043,173.656,GLY-200
-65.1568,124.502,GLU-201
-90.4913,143.737,PRO-202
-89.279,-65.7649,HIS-203
-178.315,128.706,HIS-204
-76.9374,-38.4817,GLU-205
-70.1353,-32.9047,LEU-206
-78.734,148.749,PRO-207
-73.5587,165.041,PRO-208
-84.9635,-174.838,GLY-209
-114.406,-116.885,SER-210
-114.08,155.805,THR-211
-97.6617,137.886,LYS-212
77.3704,162.724,ARG-213
-77.9534,158.511,ALA-214
-62.7751,-40.6015,LEU-215
-56.0285,132.064,PRO-216
-72.4319,15.9162,ASN-217
-64.5034,129.524,ASN-218
-135.598,144.384,SER-2
-65.3046,174.913,SER-3
-93.1594,138.623,VAL-4
-33.9068,102.601,PRO-5
-65.6861,143.204,SER-6
-100.373,-13.0661,GLN-7
-53.0841,126.926,LYS-8
-78.8916,141.648,THR-9
-157.101,149.773,TYR-10
-93.776,-43.15,GLN-11
80.6935,-162.416,GLY-12
-69.074,-38.7665,SER-13
-81.6477,-7.27825,TYR-14
74.9096,32.0605,GLY-15
-54.3465,123.112,PHE-16
-153.116,168.492,ARG-17
-135.144,138.897,LEU-18
-130.973,161.658,GLY-19
-134.621,164.197,PHE-20
-72.7848,155.411,LEU-21
-115.23,34.3221,HIS-22
-57.4497,-30.6686,SER-23
88.2405,-128.001,GLY-24
-144.147,-6.59049,THR-25
-78.4499,170.333,ALA-26
-61.2723,-19.429,LYS-27
-84.9078,-15.6585,SER-28
-57.1898,133.298,VAL-29
-93.2695,-47.2643,THR-30
-147.148,153.066,CYS-31
-161.76,167.952,THR-32
-168.397,138.722,TYR-33
-106.434,115.901,SER-34
-69.8321,-40.3008,PRO-35
-58.9622,-16.4861,ALA-36
-100.508,-22.7736,LEU-37
54.6806,55.1208,ASN-38
-136.481,134.56,LYS-39
-104.131,150.904,MET-40
-131.36,111.407,PHE-41
-113.865,168.416,CYS-42
-105.511,150.804,GLN-43
-56.5278,136.513,LEU-44
76.2027,-39.9438,ALA-45
-63.8734,159.199,LYS-46
-74.0912,130.678,THR-47
-127.755,105.865,CYS-48
-93.8245,145.96,PRO-49
-136.115,135.746,VAL-50
-78.5477,137.957,GLN-51
-112.061,140.043,LEU-52
-140.977,140.332,TRP-53
-131.271,138.426,VAL-54
-68.5087,-1.2834,ASP-55
-144.343,144.283,SER-56
-75.3494,114.916,THR-57
-67.3935,156.538,PRO-58
-74.0871,173.917,PRO-59
-47.7589,159.2,PRO-60
82.6852,-27.7062,GLY-61
-79.3782,148.363,THR-62
-144.296,152.858,ARG-63
-81.6967,153.423,VAL-64
-142.441,145.997,ARG-65
-128.648,157.574,ALA-66
-166.872,176.127,MET-67
-172.073,144,ALA-68
-146.024,149.775,ILE-69
-125.344,121.935,TYR-70
-96.9878,145.157,LYS-71
-145.117,-167.999,GLN-72
-61.1051,-32.0785,SER-73
-148.968,-31.2862,GLN-74
-91.4994,147.689,HIS-75
-143.484,-8.87527,MET-76
-83.5266,72.1233,THR-77
-148.665,155.289,GLU-78
-96.8026,136.783,VAL-79
-65.3525,116.146,VAL-80
-121.621,154.685,ARG-81
-55.1374,163.763,ARG-82
-69.058,148.281,CYS-83
-51.8572,-28.0931,PRO-84
-78.4309,-3.19334,HIS-85
-142.612,0.387434,HIS-86
-84.549,-1.71784,GLU-87
-137.678,-36.8212,ARG-88
-70.3508,162.305,CYS-89
-74.5132,-19.2766,SER-90
-74.6297,20.1137,ASP-91
-149.441,-33.4775,SER-92
-72.4402,130.908,ASP-93
-161.056,-137.741,GLY-94
-65.1701,-38.9319,LEU-95
-78.7841,141.731,ALA-96
-63.4105,164.079,PRO-97
-77.9791,-2.49315,PRO-98
-76.2105,-30.0784,GLN-99
-75.6628,135.547,HIS-100
-94.0185,-53.6398,LEU-101
-67.1892,128.809,ILE-102
-138.702,146.853,ARG-103
-108.483,160.777,VAL-104
-154.372,-178.188,GLU-105
90.4397,-45.7713,GLY-106
-85.2335,120.562,ASN-107
-56.9236,-39.2519,LEU-108
-82.792,26.2368,ARG-109
-69.8983,117.238,VAL-110
-146.198,162.098,GLU-111
-96.5977,156.025,TYR-112
-154.602,164.954,LEU-113
-61.5264,137.61,ASP-114
-59.8646,122.571,ASP-115
-67.0195,-0.554456,ARG-116
-135.509,-12.7206,ASN-117
-130.013,-6.25191,THR-118
81.9654,-7.10091,PHE-119
-64.9162,116.883,ARG-120
-56.3458,116.166,HIS-121
-157.881,149.842,SER-122
-77.3545,138.649,VAL-123
-118.443,137.906,VAL-124
-136.131,140.504,VAL-125
-73.129,162.69,PRO-126
-79.6713,120.254,TYR-127
-91.7061,156.46,GLU-128
-74.1957,169.746,PRO-129
-61.9357,136.653,PRO-130
-72.4413,163.466,GLU-131
-44.4726,127.846,VAL-132
62.9046,-3.05366,GLY-133
-94.6914,153.136,SER-134
-100.557,-32.0782,ASP-135
-111.066,168.732,CYS-136
-68.9487,156.155,THR-137
-138.177,127.228,THR-138
-95.7204,131.815,ILE-139
-112.022,144.297,HIS-140
-134.294,177.603,TYR-141
-166.731,150.281,ASN-142
-148.758,140.865,TYR-143
-133.637,122.763,MET-144
-155.502,151.564,CYS-145
-73.7094,163.101,ASN-146
-138.965,-7.14971,SER-147
-90.6289,-8.89054,SER-148
-88.3104,140.032,CYS-149
-72.1349,-34.2344,MET-150
79.6143,-148.079,GLY-151
-80.0475,-147.531,GLY-152
-56.1064,-30.6499,ILE-153
-158.985,172.199,ASN-154
-76.4154,127.751,ARG-155
-130.198,162.249,ARG-156
-93.3755,135.661,PRO-157
-109.293,123.104,ILE-158
-98.3019,137.21,LEU-159
-98.4686,156.626,THR-160
-129.519,126.836,ILE-161
-126.387,137.904,ILE-162
-149.943,175.881,THR-163
-137.084,136.184,LEU-164
-154.054,125.584,GLU-165
-66.4388,167.524,ASP-166
-50.9278,-37.4222,SER-167
-102.431,23.9876,SER-168
80.0758,-1.29113,GLY-169
-65.7643,125.96,ASN-170
-77.7005,120.341,LEU-171
-93.4946,-39.532,LEU-172
-152.968,174.543,GLY-173
-154.312,140.769,ARG-174
-136.784,159.976,ASN-175
-151.766,147.528,SER-176
-159.878,167.857,PHE-177
-90.169,140.402,GLU-178
-119.905,147.431,VAL-179
-141.48,120.531,ARG-180
-85.4286,128.063,VAL-181
-122.388,170.807,CYS-182
-81.5487,-45.4831,ALA-183
-122.5,80.0435,CYS-184
-75.9826,-16.2385,PRO-185
-74.1402,-45.5654,GLY-186
-72.6611,-39.4923,ARG-187
-65.0915,-44.2706,ASP-188
-58.0362,-42.7526,ARG-189
-65.6188,-49.7956,ARG-190
-45.5627,-46.0799,THR-191
-90.3559,-21.2497,GLU-192
-76.2357,-25.4439,GLU-193
-65.5585,-18.3789,GLU-194
-61.9824,-18.6473,ASN-195
-70.5544,149.628,LEU-196
-63.8519,-51.9984,ARG-197
-49.9714,152.21,LYS-198
-63.9277,154.819,LYS-199
-123.955,166.741,GLY-200
-64.6238,130.223,GLU-201
-69.2539,-176.389,PRO-202
-160.329,-35.904,HIS-203
123.904,119.863,HIS-204
-71.4842,-27.9499,GLU-205
-58.1551,-51.7353,LEU-206
-81.9088,151.06,PRO-207
-70.6307,-178.386,PRO-208
-86.4259,-175.885,GLY-209
-91.7493,-130.582,SER-210
-125.237,169.326,THR-211
-102.914,135.113,LYS-212
77.3463,163.427,ARG-213
-72.5599,171.725,ALA-214
-86.0434,-44.3918,LEU-215
-49.7765,132.326,PRO-216
-72.5216,13.1624,ASN-217
-39.7335,126.923,ASN-218
-91.8777,155.249,SER-2
-79.4204,156.221,SER-3
-97.0677,138.809,VAL-4
-75.3877,138.689,PRO-5
-82.5452,167.158,SER-6
-123.691,-9.14505,GLN-7
-73.261,141.622,LYS-8
-73.9819,138.386,THR-9
-157.169,144.946,TYR-10
-72.4995,-49.0594,GLN-11
85.6122,-173.82,GLY-12
-63.2154,-34.3223,SER-13
-104.998,9.23335,TYR-14
77.3418,9.69748,GLY-15
-39.7648,125.569,PHE-16
-164.768,169.996,ARG-17
-92.2336,159.245,LEU-18
-110.881,161.775,GLY-19
-143.326,150.339,PHE-20
-98.7407,177.917,LEU-21
-131.289,22.7724,HIS-22
-50.6327,-25.0636,SER-23
72.2867,-131.894,GLY-24
-141.12,10.8601,THR-25
-69.7433,153.633,ALA-26
-57.349,-13.5987,LYS-27
-73.5746,-23.709,SER-28
-56.2245,131.034,VAL-29
-108.915,-32.4611,THR-30
-153.474,134.538,CYS-31
-154.984,165.653,THR-32
-151.605,105.234,TYR-33
-78.9171,107.477,SER-34
-66.8119,-43.1894,PRO-35
-79.4418,-24.7982,ALA-36
-77.7604,-3.06745,LEU-37
31.5943,63.4226,ASN-38
-141.072,123.164,LYS-39
-84.7453,158.698,MET-40
-144.946,114.28,PHE-41
-131.699,146.763,CYS-42
-83.9376,138.053,GLN-43
-58.621,139.005,LEU-44
62.0373,18.8971,ALA-45
-121.624,144.169,LYS-46
-68.6441,115.098,THR-47
-107.744,98.4942,CYS-48
-66.4815,127.624,PRO-49
-116.686,121.314,VAL-50
-58.6046,148.291,GLN-51
-120.894,149.319,LEU-52
-148.824,137.93,TRP-53
-136.635,149.643,VAL-54
-83.7184,-9.77355,ASP-55
-155,134.926,SER-56
-48.7285,121.765,THR-57
-81.8873,164.33,PRO-58
-74.5622,163.68,PRO-59
-76.4878,159.527,PRO-60
89.2753,-12.7338,GLY-61
-79.1054,129.983,THR-62
-129.869,139.931,ARG-63
-70.7185,138.468,VAL-64
-125.344,118.392,ARG-65
-89.1735,136.772,ALA-66
-141.709,153.876,MET-67
-159.748,115.655,ALA-68
-125.633,129.321,ILE-69
-84.4695,97.2483,TYR-70
-93.9304,127.728,LYS-71
-113.503,-176.136,GLN-72
-61.3585,-25.4868,SER-73
-145.113,-46.5667,GLN-74
-65.8629,142.872,HIS-75
-155.059,-18.8124,MET-76
-76.0269,50.5768,THR-77
-145.902,159.331,GLU-78
-105.507,133.689,VAL-79
-57.3197,104.529,VAL-80
-112.04,158.329,ARG-81
-47.1747,163.823,ARG-82
-63.3869,157.887,CYS-83
-65.7442,-30.5228,PRO-84
-68.278,-24.2901,HIS-85
-121.676,-5.41962,HIS-86
-72.0454,-8.86907,GLU-87
-145.964,-21.8978,ARG-88
-59.239,151.458,CYS-89
-59.4123,-16.183,SER-90
-67.0524,-21.6954,ASP-91
-112.143,-14.5136,SER-92
-66.3357,132.717,ASP-93
-166.684,-131.139,GLY-94
-55.6187,-43.3474,LEU-95
-94.2105,157.749,ALA-96
-68.8105,154.91,PRO-97
-76.3658,-17.9212,PRO-98
-57.4394,-47.1785,GLN-99
-68.6317,131.082,HIS-100
-87.7031,-41.8081,LEU-101
-99.789,126.9,ILE-102
-143.6,152.712,ARG-103
-127.442,149.155,VAL-104
-137.311,-179.084,GLU-105
90.8737,-55.8886,GLY-106
-49.722,110.323,ASN-107
-48.8618,-49.3688,LEU-108
-77.7829,13.3099,ARG-109
-54.1427,142.112,VAL-110
-167.845,161.29,GLU-111
-87.4493,158.343,TYR-112
-175.541,157.324,LEU-113
-75.2037,151.484,ASP-114
-68.4372,127.356,ASP-115
-66.7838,-2.5601,ARG-116
-122.856,-29.5662,ASN-117
-124.464,-8.2565,THR-118
74.9266,7.19321,PHE-119
-88.8946,102.879,ARG-120
-46.8737,121.827,HIS-121
-165.643,147.405,SER-122
-66.3885,131.939,VAL-123
-127.523,124.991,VAL-124
-119.881,143.557,VAL-125
-66.1554,164.745,PRO-126
-100.175,118.811,TYR-127
-91.9623,155.928,GLU-128
-82.7253,-179.743,PRO-129
-59.0973,150.796,PRO-130
-86.5332,167.802,GLU-131
-68.317,121.271,VAL-132
91.1276,-5.26869,GLY-133
-86.7468,153.951,SER-134
-96.259,-48.1507,ASP-135
-105.163,159.565,CYS-136
-58.4802,151.415,THR-137
-142.598,118.461,THR-138
-79.2724,134.518,ILE-139
-101.343,120.48,HIS-140
-106.847,157.348,TYR-141
-140.853,167.76,ASN-142
-158.183,161.552,TYR-143
-144.053,138.258,MET-144
-178.41,157.101,CYS-145
-89.0382,138.183,ASN-146
-106.703,-30.8535,SER-147
-79.3939,-23.3436,SER-148
-77.7913,162.361,CYS-149
-103.875,0.892865,MET-150
85.716,-133.439,GLY-151
-89.9925,-95.0902,GLY-152
-94.0266,-25.5118,ILE-153
-179.264,140.255,ASN-154
-56.9186,131.739,ARG-155
-147.142,149.313,ARG-156
-77.2421,123.594,PRO-157
-99.1227,136.395,ILE-158
-109.278,150.798,LEU-159
-103.388,154.18,THR-160
-123.496,117.559,ILE-161
-115.706,130.708,ILE-162
-146.8,159.175,THR-163
-116.462,142.226,LEU-164
-132.822,141.712,GLU-165
-54.2405,155.859,ASP-166
-55.3112,-31.9729,SER-167
-93.4545,-3.00137,SER-168
120.691,0.114312,GLY-169
-79.9661,132.712,ASN-170
-67.9544,121.904,LEU-171
-117.577,3.91241,LEU-172
168.262,159.131,GLY-173
-141.537,144.02,ARG-174
-151.285,138.336,ASN-175
-143.21,151.045,SER-176
-159.885,144.972,PHE-177
-71.0868,129.796,GLU-178
-103.338,141.335,VAL-179
-147.759,129.831,ARG-180
-104.18,118.022,VAL-181
-124.885,149.315,CYS-182
-68.3809,-34.8918,ALA-183
-130.375,92.9057,CYS-184
-71.4799,-19.3006,PRO-185
-83.4026,-46.152,GLY-186
-57.4514,-37.0213,ARG-187
-73.5009,-42.5886,ASP-188
-61.2505,-48.1099,ARG-189
-51.4247,-44.5368,ARG-190
-58.0527,-51.1063,THR-191
-73.4657,-28.1462,GLU-192
-90.8354,-20.2021,GLU-193
-71.4564,-20.1236,GLU-194
-62.8443,-25.8123,ASN-195
-51.816,153.441,LEU-196
-61.2708,-53.6672,ARG-197
-72.3277,165.938,LYS-198
-70.2539,149.141,LYS-199
-113.179,172.579,GLY-200
-60.5262,120.386,GLU-201
-76.3593,162.326,PRO-202
-135.952,-65.978,HIS-203
-164.525,113.451,HIS-204
-61.2264,-40.0073,GLU-205
-48.5529,-75.9171,LEU-206
-68.2036,138.756,PRO-207
-76.3039,170.381,PRO-208
-83.0049,-170.59,GLY-209
-101.024,-117.979,SER-210
-128.094,175.726,THR-211
-119.064,146.704,LYS-212
68.4711,153.618,ARG-213
-63.948,163.931,ALA-214
-72.6905,-41.9582,LEU-215
-62.073,153.758,PRO-216
-70.9437,4.39216,ASN-217
-57.7863,115.684,ASN-218
-145.913,171.53,SER-2
-89.9105,168.993,SER-3
-75.8896,137.542,VAL-4
-65.4673,137.297,PRO-5
-55.2411,149.225,SER-6
-119.483,2.96043,GLN-7
-81.7386,126.539,LYS-8
-69.5973,141.485,THR-9
-162.724,123.283,TYR-10
-66.8107,-41.5833,GLN-11
82.5898,173.454,GLY-12
-72.8476,-4.44747,SER-13
-114.283,-8.62766,TYR-14
71.9467,30.7958,GLY-15
-37.7681,114.029,PHE-16
-147.897,163.68,ARG-17
-113.306,155.596,LEU-18
-115.92,133.177,GLY-19
-116.079,133.927,PHE-20
-63.4082,155.257,LEU-21
-122.297,28.193,HIS-22
-53.2087,-22.4328,SER-23
81.0768,-147.609,GLY-24
-148.126,0.655503,THR-25
-66.3603,163.587,ALA-26
-56.9639,-26.3981,LYS-27
-69.7199,-11.5615,SER-28
-58.7424,134.351,VAL-29
-96.701,-43.7222,THR-30
-145.825,148.045,CYS-31
-156.462,136.777,THR-32
-128.288,141.385,TYR-33
-95.9498,109.008,SER-34
-67.7535,-27.679,PRO-35
-60.4438,-46.3726,ALA-36
-91.2299,-11.9728,LEU-37
60.9602,31.3583,ASN-38
-117.506,128.829,LYS-39
-85.2694,145.478,MET-40
-121.679,111.126,PHE-41
-103.339,143.033,CYS-42
-80.9457,126.553,GLN-43
-63.9314,149.881,LEU-44
47.1281,30.2376,ALA-45
-135.77,153.594,LYS-46
-59.4448,119.972,THR-47
-119.842,114.444,CYS-48
-101.977,143.814,PRO-49
-119.36,114.716,VAL-50
-71.1536,149.178,GLN-51
-146.115,140.257,LEU-52
-164.182,136.572,TRP-53
-124.857,152.355,VAL-54
-85.308,-23.9008,ASP-55
-124.993,133.347,SER-56
-54.7518,116.141,THR-57
-64.5344,176.023,PRO-58
-70.6221,146.222,PRO-59
-44.7879,133.186,PRO-60
82.8853,4.56404,GLY-61
-58.8825,137.078,THR-62
-129.73,161.388,ARG-63
-113.017,136.112,VAL-64
-127.003,136.235,ARG-65
-111.753,140.534,ALA-66
-149.609,154.586,MET-67
-156.398,123.615,ALA-68
-113.566,142.645,ILE-69
-101.856,111.573,TYR-70
-92.1164,135.985,LYS-71
-126.5,-173.792,GLN-72
-43.2369,-45.1054,SER-73
-128.184,-47.6353,GLN-74
-51.112,113.854,HIS-75
-120.989,-21.2732,MET-76
-96.7424,64.3835,THR-77
-146.376,151.165,GLU-78
-112.929,165.025,VAL-79
-74.2008,106.436,VAL-80
-121.694,157.3,ARG-81
-51.6705,162.979,ARG-82
-56.7181,159.415,CYS-83
-53.629,-38.7408,PRO-84
-67.334,-18.5538,HIS-85
-143.118,24.499,HIS-86
-95.6575,-10.0011,GLU-87
-142.388,-44.3011,ARG-88
-59.187,164.335,CYS-89
-68.0954,-14.7104,SER-90
-81.0258,-12.0806,ASP-91
-104.088,-15.9458,SER-92
-78.3522,167.792,ASP-93
168.559,-135.611,GLY-94
-70.5067,-31.9528,LEU-95
-87.9864,140.053,ALA-96
-62.0057,152.324,PRO-97
-67.4243,-19.775,PRO-98
-61.431,-45.7794,GLN-99
-65.1038,122.084,HIS-100
-80.6558,-36.5773,LEU-101
-89.8564,133.95,ILE-102
-148.347,166.152,ARG-103
-103.484,148.944,VAL-104
-136.595,151.489,GLU-105
79.1101,-13.5512,GLY-106
-80.3202,126.193,ASN-107
-60.6876,-53.6619,LEU-108
-64.9594,-2.62223,ARG-109
-59.9351,135.588,VAL-110
-155.029,161.191,GLU-111
-94.1875,140.789,TYR-112
-161.153,152.215,LEU-113
-63.5737,144.715,ASP-114
-77.7164,128.099,ASP-115
-59.3897,-34.9658,ARG-116
-92.2736,-31.8218,ASN-117
-123.357,2.68027,THR-118
62.3663,-3.56331,PHE-119
-55.8758,110.502,ARG-120
-79.6114,121.48,HIS-121
-157.358,145.389,SER-122
-59.6102,123.779,VAL-123
-111.024,142.513,VAL-124
-132.758,156.085,VAL-125
-82.1093,159.991,PRO-126
-61.1553,108.977,TYR-127
-88.7862,162.661,GLU-128
-79.8702,166.379,PRO-129
-62.7097,157.879,PRO-130
-97.3523,179.376,GLU-131
-49.3789,128.082,VAL-132
63.8257,5.64989,GLY-133
-95.5268,155.477,SER-134
-102.135,-54.5755,ASP-135
-87.6874,160.346,CYS-136
-59.9017,144.882,THR-137
-125.127,129.874,THR-138
-117.953,140.239,ILE-139
-99.8698,131.153,HIS-140
-111.334,-175.669,TYR-141
-169.049,163.111,ASN-142
-148.159,156.352,TYR-143
-147.427,108.094,MET-144
-162.117,150.316,CYS-145
-79.6781,144.829,ASN-146
-113.899,-24.8762,SER-147
-82.6127,-20.5129,SER-148
-69.881,154.848,CYS-149
-81.9834,-22.7234,MET-150
88.8162,-135.322,GLY-151
-112.928,-151.172,GLY-152
-56.961,-19.7945,ILE-153
-167.827,144.8,ASN-154
-66.0761,130.264,ARG-155
-151.167,163.921,ARG-156
-65.487,159.859,PRO-157
-142.835,149.498,ILE-158
-142.805,136.673,LEU-159
-111.668,142.77,THR-160
-102.581,116.034,ILE-161
-106.374,143.064,ILE-162
-151.42,142.984,THR-163
-96.2155,140.347,LEU-164
-143.233,131.814,GLU-165
-70.7672,154.915,ASP-166
-71.4739,-7.23976,SER-167
-87.4473,-0.736402,SER-168
87.9001,13.2882,GLY-169
-95.612,101.416,ASN-170
-72.2518,118.454,LEU-171
-94.9454,-18.2079,LEU-172
-174.857,161.153,GLY-173
-151.12,149.087,ARG-174
-150.677,132.901,ASN-175
-142.108,125.835,SER-176
-139.632,148.271,PHE-177
-87.5007,146.549,GLU-178
-118.083,151.949,VAL-179
-157.41,148.103,ARG-180
-115.472,135.038,VAL-181
-139.579,152.39,CYS-182
-79.0502,-44.2434,ALA-183
-117.148,89.7307,CYS-184
-75.8032,-21.9577,PRO-185
-73.7627,-37.5157,GLY-186
-63.224,-51.6684,ARG-187
-49.9577,-62.6722,ASP-188
-51.7548,-50.352,ARG-189
-54.6104,-51.3075,ARG-190
-53.4976,-35.4256,THR-191
-92.7774,-32.5817,GLU-192
-79.0129,-33.5245,GLU-193
-69.5155,-7.73425,GLU-194
-59.1408,-37.2482,ASN-195
-89.582,142.288,LEU-196
-63.0055,-37.7711,ARG-197
-54.9474,99.4155,LYS-198
-57.651,137.2,LYS-199
-89.3797,171.555,GLY-200
-63.3667,136.335,GLU-201
-87.0343,144.335,PRO-202
-109.317,-57.9607,HIS-203
172.21,121.371,HIS-204
-74.6271,-19.7435,GLU-205
-70.8986,-45.3627,LEU-206
-69.7057,146.947,PRO-207
-72.8515,167.18,PRO-208
-87.5862,167.943,GLY-209
-92.0058,-129.88,SER-210
-121.235,143.934,THR-211
-81.0477,128.559,LYS-212
83.4082,149.843,ARG-213
-84.7116,166.119,ALA-214
-58.8095,-52.4901,LEU-215
-53.6896,144.735,PRO-216
-93.5302,7.0802,ASN-217
-55.4101,131.844,ASN-218
-106.975,144.326,SER-2
-83.0417,-156.825,SER-3
-125.152,132.961,VAL-4
-62.8456,125.452,PRO-5
-79.1231,164.509,SER-6
-122.222,6.03975,GLN-7
-62.8004,115.252,LYS-8
-77.4947,126.302,THR-9
-148.519,149.648,TYR-10
-84.2924,-37.098,GLN-11
73.4873,174.617,GLY-12
-73.1225,-16.7928,SER-13
-82.6173,-18.0031,TYR-14
79.9055,12.0027,GLY-15
-29.6258,113.66,PHE-16
-146.258,158.039,ARG-17
-102.433,167.607,LEU-18
-146.57,126.038,GLY-19
-115.388,137.432,PHE-20
-66.628,148.557,LEU-21
-82.9688,40.2336,HIS-22
-81.0183,-8.20183,SER-23
64.1581,-133.103,GLY-24
-140.919,6.29893,THR-25
-49.0904,151.839,ALA-26
-48.5968,-33.3452,LYS-27
-78.2118,-4.72876,SER-28
-58.8464,120.918,VAL-29
-90.0095,-30.5075,THR-30
-145.208,151.364,CYS-31
-173.089,165.925,THR-32
-152.508,126.991,TYR-33
-78.9675,108.253,SER-34
-61.5626,-20.2796,PRO-35
-93.2598,-27.9358,ALA-36
-85.9081,-12.1842,LEU-37
57.4081,55.4382,ASN-38
-146.49,130.003,LYS-39
-93.9694,155.096,MET-40
-145.519,120.149,PHE-41
-133.072,121.314,CYS-42
-67.8283,128.5,GLN-43
-47.5069,154.54,LEU-44
70.5993,-26.1861,ALA-45
-90.3693,156.574,LYS-46
-61.0489,139.538,THR-47
-138.612,108.068,CYS-48
-73.7552,153.713,PRO-49
-142.79,122.02,VAL-50
-93.8442,165.225,GLN-51
-152.213,146.657,LEU-52
-154.445,150.642,TRP-53
-130.537,158.502,VAL-54
-102.443,2.12141,ASP-55
-150.49,132.099,SER-56
-70.1373,116.591,THR-57
-60.7633,174.291,PRO-58
-71.5021,160.872,PRO-59
-71.5925,147.816,PRO-60
81.5167,17.6706,GLY-61
-81.1022,130.328,THR-62
-110.919,163.782,ARG-63
-97.2116,142.951,VAL-64
-125.621,158.81,ARG-65
-138.278,142.025,ALA-66
-152.438,149.475,MET-67
-141.751,143.581,ALA-68
-111.153,146.473,ILE-69
-117.957,112.625,TYR-70
-96.9061,142.197,LYS-71
-134.019,-169.73,GLN-72
-59.0569,-9.83727,SER-73
-150.61,-41.4026,GLN-74
-101.238,154.68,HIS-75
-153.908,-27.369,MET-76
-89.4795,54.7396,THR-77
-126.817,164.281,GLU-78
-108.985,151.04,VAL-79
-76.2051,122.395,VAL-80
-133.103,157.959,ARG-81
-61.6642,164.022,ARG-82
-63.7259,158.472,CYS-83
-54.8885,-23.7438,PRO-84
-78.4702,-9.04455,HIS-85
-152.851,40.6203,HIS-86
-113.445,-13.6131,GLU-87
-123.351,-31.7734,ARG-88
-71.242,147.182,CYS-89
-58.4498,-16.8083,SER-90
-74.6205,-20.9743,ASP-91
-93.1952,-18.6201,SER-92
-69.3833,148.26,ASP-93
-157.658,-134.672,GLY-94
-50.428,-44.4201,LEU-95
-87.4689,146.877,ALA-96
-63.9869,160.152,PRO-97
-61.9372,-24.9627,PRO-98
-68.0243,-36.4406,GLN-99
-67.1842,126.889,HIS-100
-81.4154,-38.6609,LEU-101
-92.9111,122.653,ILE-102
-134.272,164.35,ARG-103
-124.585,155.079,VAL-104
-147.364,169.029,GLU-105
75.6486,10.9891,GLY-106
-119.459,132.45,ASN-107
-74.5655,-51.8756,LEU-108
-76.8359,27.9825,ARG-109
-69.9786,152.389,VAL-110
-164.566,166.705,GLU-111
-93.1813,132.383,TYR-112
-143.473,150.497,LEU-113
-64.6001,150.975,ASP-114
-95.828,124.65,ASP-115
-65.3504,-34.1133,ARG-116
-79.756,-33.5089,ASN-117
-129.92,-8.81325,THR-118
71.4376,8.33732,PHE-119
-78.9481,104.176,ARG-120
-58.3549,106.224,HIS-121
-139.646,160.31,SER-122
-62.0641,117.417,VAL-123
-119.245,140.141,VAL-124
-129.429,157.647,VAL-125
-76.1269,175.187,PRO-126
-83.0012,155.055,TYR-127
-144.135,150.595,GLU-128
-82.54,168.141,PRO-129
-76.8337,158.998,PRO-130
-91.8368,172.889,GLU-131
-58.0836,137.848,VAL-132
70.4457,-1.47468,GLY-133
-100.438,161.897,SER-134
-123.645,-21.7844,ASP-135
-94.9832,142.464,CYS-136
-55.1392,145.348,THR-137
-120.646,137.967,THR-138
-104.393,153.337,ILE-139
-123.355,135.229,HIS-140
-115.025,162.357,TYR-141
-146.191,150.748,ASN-142
-149.88,149.725,TYR-143
-130.109,123.803,MET-144
-160.855,150.361,CYS-145
-76.0608,149.979,ASN-146
-126.958,-20.1221,SER-147
-101.466,-13.2019,SER-148
-63.6431,133.365,CYS-149
-69.5147,-14.6437,MET-150
84.2092,173.234,GLY-151
-68.3938,-142.33,GLY-152
-54.3832,-27.4765,ILE-153
-178.599,140.37,ASN-154
-62.0033,118.976,ARG-155
-126.737,169.289,ARG-156
-91.7211,148.858,PRO-157
-137.126,130.145,ILE-158
-98.0809,144.025,LEU-159
-92.2035,153.542,THR-160
-118.05,116.425,ILE-161
-102.271,144.999,ILE-162
-154.272,153.535,THR-163
-116.044,128.469,LEU-164
-137.058,128.33,GLU-165
-65.7741,166.835,ASP-166
-63.7759,-16.233,SER-167
-66.1045,-19.079,SER-168
110.162,-16.7839,GLY-169
-65.1168,115.988,ASN-170
-74.0305,104.67,LEU-171
-81.6873,-23.4998,LEU-172
-172.087,156.682,GLY-173
-145.546,139.471,ARG-174
-133.21,115.365,ASN-175
-115.754,135.71,SER-176
-163.592,163.473,PHE-177
-82.1796,134.414,GLU-178
-99.1682,153.641,VAL-179
-141.323,126.996,ARG-180
-116.792,120.963,VAL-181
-138.779,161.052,CYS-182
-89.0862,-37.7551,ALA-183
-139.158,66.5796,CYS-184
-62.3558,-15.668,PRO-185
-74.0148,-51.5163,GLY-186
-47.193,-48.4511,ARG-187
-57.3851,-47.3245,ASP-188
-49.1658,-64.0096,ARG-189
-44.7033,-49.6905,ARG-190
-41.7244,-49.6735,THR-191
-92.5364,-43.3507,GLU-192
-71.0059,-27.0303,GLU-193
-64.4957,-27.2594,GLU-194
-74.5539,-14.6347,ASN-195
-75.6166,140.927,LEU-196
-54.8315,-59.631,ARG-197
-53.411,114.968,LYS-198
-52.9052,146.948,LYS-199
-104.135,179.696,GLY-200
-60.784,139.752,GLU-201
-87.9022,140.82,PRO-202
-91.4768,-46.2286,HIS-203
159.709,127.801,HIS-204
-64.8861,-32.5336,GLU-205
-84.8812,-45.9119,LEU-206
-61.7599,156.67,PRO-207
-81.4436,155.192,PRO-208
-82.377,-160.948,GLY-209
-116.975,-145.457,SER-210
-105.904,152.681,THR-211
-93.0211,134.905,LYS-212
81.893,152.186,ARG-213
-52.3832,159.45,ALA-214
-74.1979,-42.8577,LEU-215
-58.4189,144.723,PRO-216
-89.2783,15.6813,ASN-217
-51.3417,132.68,ASN-218
-160.74,-174.027,SER-2
-94.3104,-167.174,SER-3
-114.329,137.816,VAL-4
-63.6221,138.76,PRO-5
-86.091,147.83,SER-6
-104.621,-2.10058,GLN-7
-55.1461,118.118,LYS-8
-76.6551,134.648,THR-9
-169.562,149.516,TYR-10
-84.1097,-32.6005,GLN-11
67.7138,-164.007,GLY-12
-52.8187,-34.4651,SER-13
-101.291,-22.9094,TYR-14
109.078,9.08825,GLY-15
-44.8038,117.623,PHE-16
-154.013,143.911,ARG-17
-94.6003,138.304,LEU-18
-109.456,120.675,GLY-19
-106.365,136.59,PHE-20
-52.2117,127.555,LEU-21
-79.9963,37.4091,HIS-22
-67.9536,-31.0297,SER-23
80.3965,-134.166,GLY-24
-133.642,-4.83973,THR-25
-71.8374,167.908,ALA-26
-56.8352,-20.959,LYS-27
-67.9225,-14.5038,SER-28
-79.3669,124.767,VAL-29
-106.479,-27.8746,THR-30
-154.693,143.053,CYS-31
-154.057,161.827,THR-32
-133.711,132.052,TYR-33
-107.823,90.362,SER-34
-34.4449,-47.4026,PRO-35
-65.9927,-21.8498,ALA-36
-101.549,-15.3427,LEU-37
57.5585,22.8701,ASN-38
-117.567,141.396,LYS-39
-117.338,145.871,MET-40
-127.166,122.43,PHE-41
-119.374,140.915,CYS-42
-78.5126,138.174,GLN-43
-72.3395,153.551,LEU-44
59.1596,-35.4212,ALA-45
-55.5899,149.34,LYS-46
-64.0796,130.742,THR-47
-118.572,95.7778,CYS-48
-74.996,137.828,PRO-49
-120.808,147.031,VAL-50
-99.0729,162.149,GLN-51
-152.944,140.709,LEU-52
-136.874,137.299,TRP-53
-131.622,144.437,VAL-54
-66.726,-16.6909,ASP-55
-164.805,157.259,SER-56
-74.9807,113.46,THR-57
-52.3297,161.533,PRO-58
-55.6471,159.699,PRO-59
-75.5578,144.047,PRO-60
77.4605,16.286,GLY-61
-68.2134,138.876,THR-62
-126.665,147.429,ARG-63
-76.1637,152.559,VAL-64
-138.197,139.669,ARG-65
-124.808,154.505,ALA-66
-172.606,162.217,MET-67
178.2,114.8,ALA-68
-96.6757,145.592,ILE-69
-113.575,98.6231,TYR-70
-90.3057,149.324,LYS-71
-149.736,-173.523,GLN-72
-51.6499,-37.5471,SER-73
-126.949,-31.9462,GLN-74
-71.1118,137.295,HIS-75
-125.582,-26.7024,MET-76
-93.3745,69.2835,THR-77
-148.126,166.745,GLU-78
-113.476,157.62,VAL-79
-66.0506,140.215,VAL-80
-147.006,151.523,ARG-81
-61.4548,167.992,ARG-82
-76.932,172.35,CYS-83
-62.0739,-26.599,PRO-84
-80.5768,-2.25516,HIS-85
-131.487,-0.81324,HIS-86
-66.8511,-8.74235,GLU-87
-142.448,-32.0319,ARG-88
-46.1244,151.564,CYS-89
-77.0797,-4.75725,SER-90
-86.3201,-17.568,ASP-91
-89.4035,-43.5965,SER-92
-51.1655,175.691,ASP-93
130.304,-131.163,GLY-94
-53.9283,-29.896,LEU-95
-129.212,139.278,ALA-96
-59.7632,144.109,PRO-97
-62.1388,-16.3836,PRO-98
-83.1188,-41.2612,GLN-99
-58.4361,114.455,HIS-100
-67.8972,-41.1494,LEU-101
-90.7094,140.761,ILE-102
-152.815,142.849,ARG-103
-107.159,156.024,VAL-104
-152.549,-167.305,GLU-105
77.975,-6.13806,GLY-106
-126.393,132.021,ASN-107
-58.3381,-53.077,LEU-108
-79.9208,13.9716,ARG-109
-52.5803,134.36,VAL-110
-165.612,169.572,GLU-111
-111.255,130.346,TYR-112
-141.712,145.623,LEU-113
-61.7342,128.256,ASP-114
-70.6587,146.053,ASP-115
-86.471,12.5484,ARG-116
-134.521,-38.6079,ASN-117
-124.408,-10.0811,THR-118
65.9315,10.087,PHE-119
-63.3444,123.739,ARG-120
-64.4547,117.06,HIS-121
-164.501,149.359,SER-122
-72.4886,133.871,VAL-123
-122.915,135.971,VAL-124
-137.48,150.068,VAL-125
-61.0319,160.522,PRO-126
-73.8109,114.422,TYR-127
-82.9799,157.939,GLU-128
-65.5712,161.482,PRO-129
-67.0471,151.904,PRO-130
-102.222,-176.618,GLU-131
-50.213,112.673,VAL-132
97.5155,-15.2044,GLY-133
-81.3417,156.218,SER-134
-101.879,-17.1767,ASP-135
-128.316,162.456,CYS-136
-83.2669,147.32,THR-137
-120.169,129.904,THR-138
-101.115,124.033,ILE-139
-102.496,125.321,HIS-140
-117.956,158.846,TYR-141
-154.71,155.233,ASN-142
-145.05,154.621,TYR-143
-134.863,117.619,MET-144
-154.041,160.138,CYS-145
-85.457,151.582,ASN-146
-127.372,-4.04449,SER-147
-87.9783,-34.6555,SER-148
-47.793,146.82,CYS-149
-79.7533,-18.8044,MET-150
77.1598,148.537,GLY-151
-84.0156,-73.2735,GLY-152
-74.2774,-34.8183,ILE-153
177.858,146.645,ASN-154
-67.0237,153.99,ARG-155
-159.49,150.963,ARG-156
-92.138,166.12,PRO-157
-134.427,142.991,ILE-158
-147.436,137.035,LEU-159
-127.687,162.564,THR-160
-133.566,123.494,ILE-161
-107.175,127.52,ILE-162
-121.092,159.585,THR-163
-126.862,134.92,LEU-164
-142.42,152.249,GLU-165
-83.7952,150.289,ASP-166
-57.2497,-18.8666,SER-167
-86.0427,2.68062,SER-168
92.5353,17.969,GLY-169
-85.8143,130.887,ASN-170
-85.9631,119.731,LEU-171
-99.4685,-34.638,LEU-172
-156.977,168.084,GLY-173
-150.161,148.955,ARG-174
-157.839,129.355,ASN-175
-136.786,153.939,SER-176
-165.01,166.776,PHE-177
-85.6543,146.82,GLU-178
-134.151,164.896,VAL-179
-154.212,107.147,ARG-180
-75.2813,140.016,VAL-181
-146.184,167.476,CYS-182
-90.1862,-39.6918,ALA-183
-121.638,70.4802,CYS-184
-59.2957,-32.4074,PRO-185
-68.9173,-38.1546,GLY-186
-71.8088,-46.7036,ARG-187
-72.1837,-22.2958,ASP-188
-66.4511,-57.1439,ARG-189
-49.6327,-48.6963,ARG-190
-44.9784,-53.2184,THR-191
-84.3521,-23.3528,GLU-192
-88.2169,-33.3246,GLU-193
-58.1231,-37.613,GLU-194
-58.5221,-27.3725,ASN-195
-73.5001,164.57,LEU-196
-71.3396,-41.5037,ARG-197
-88.9293,161.131,LYS-198
-80.4419,156.926,LYS-199
-119.87,-151.613,GLY-200
-85.7257,135.237,GLU-201
-83.3298,134.254,PRO-202
-102.263,-65.7926,HIS-203
-168.644,143.199,HIS-204
-85.1468,-44.6116,GLU-205
-76.1174,-40.8012,LEU-206
-62.1792,149.271,PRO-207
-83.0977,154.831,PRO-208
-66.5719,162.177,GLY-209
-86.1615,-109.568,SER-210
-123.089,160.215,THR-211
-91.1425,142.161,LYS-212
74.1017,161.421,ARG-213
-90.5139,177.831,ALA-214
-102.119,-32.0653,LEU-215
-63.0551,146.287,PRO-216
-70.2075,-9.68862,ASN-217
-32.4301,125.927,ASN-218
163.743,170.852,SER-2
-112.411,159.372,SER-3
-106.458,134.788,VAL-4
-74.9273,143.608,PRO-5
-79.6841,156.932,SER-6
-117.901,-6.30054,GLN-7
-68.2815,118.508,LYS-8
-56.3429,139.716,THR-9
-172.98,118.14,TYR-10
-60.4096,-24.9555,GLN-11
64.441,-151.852,GLY-12
-55.4233,-38.9124,SER-13
-132.36,-1.03977,TYR-14
107.931,14.308,GLY-15
-50.7686,114.086,PHE-16
-150.728,143.218,ARG-17
-99.1997,146.976,LEU-18
-145.24,139.939,GLY-19
-127.645,152.488,PHE-20
-61.703,149.909,LEU-21
-103.38,17.9617,HIS-22
-57.9062,-11.7051,SER-23
82.1365,-134.409,GLY-24
-137.408,-9.20803,THR-25
-66.2638,170.729,ALA-26
-55.0986,-33.8957,LYS-27
-44.6934,-17.1949,SER-28
-79.7332,136.831,VAL-29
-104.947,-36.3318,THR-30
-148.581,149.876,CYS-31
-171.489,151.4,THR-32
-134.389,151.763,TYR-33
-121.926,113.385,SER-34
-68.9861,-23.167,PRO-35
-64.9461,-27.2895,ALA-36
-107.701,-24.8064,LEU-37
47.9756,44.9353,ASN-38
-113.902,151.881,LYS-39
-122.319,135.684,MET-40
-121.045,110.422,PHE-41
-120.828,149.717,CYS-42
-68.6436,141.049,GLN-43
-63.4624,147.347,LEU-44
81.0058,-29.6279,ALA-45
-81.5397,161.96,LYS-46
-78.6698,130.126,THR-47
-124.686,91.9656,CYS-48
-59.6699,135.798,PRO-49
-132.159,117.008,VAL-50
-75.8953,142.011,GLN-51
-125.218,149.927,LEU-52
-123.602,150.429,TRP-53
-124.266,138.324,VAL-54
-85.3886,0.0805802,ASP-55
-161.921,152.431,SER-56
-69.0045,112.834,THR-57
-70.7921,156.025,PRO-58
-68.4325,159.236,PRO-59
-59.9853,157.317,PRO-60
75.815,0.492198,GLY-61
-71.6366,130.579,THR-62
-119.303,145.577,ARG-63
-81.4581,142.846,VAL-64
-131.329,141.915,ARG-65
-123.002,138.389,ALA-66
-130.705,175.035,MET-67
-169.762,107.565,ALA-68
-95.2553,169.161,ILE-69
-144.402,96.8208,TYR-70
-75.0626,140.494,LYS-71
-120.325,-176.54,GLN-72
-59.6236,-16.8066,SER-73
-154.307,7.72085,GLN-74
-139.472,140.144,HIS-75
-120.684,-24.9293,MET-76
-97.3204,80.8582,THR-77
-150.092,157.972,GLU-78
-101.689,165.289,VAL-79
-79.5973,114.325,VAL-80
-111.254,151.454,ARG-81
-58.8341,151.061,ARG-82
-51.7273,146.465,CYS-83
-64.8861,-26.6097,PRO-84
-69.827,-10.5074,HIS-85
-121.603,2.57905,HIS-86
-102.177,9.67214,GLU-87
-145.129,-17.9578,ARG-88
-66.472,165.264,CYS-89
-80.0372,-18.5614,SER-90
-79.3931,-16.72,ASP-91
-82.5479,-30.0465,SER-92
-85.3642,-174.451,ASP-93
111.418,-127.788,GLY-94
-44.0265,-49.6189,LEU-95
-93.6628,151.084,ALA-96
-51.3091,143.991,PRO-97
-79.2075,2.95963,PRO-98
-82.5528,-47.4938,GLN-99
-54.0359,133.998,HIS-100
-85.8045,-46.0411,LEU-101
-72.4176,125.724,ILE-102
-160.169,166.035,ARG-103
-140.298,154.243,VAL-104
-146.817,-170.687,GLU-105
75.0111,-4.79365,GLY-106
-135.091,98.5926,ASN-107
-51.5224,-42.375,LEU-108
-78.2653,35.4256,ARG-109
-73.6937,146.303,VAL-110
-167.973,171.476,GLU-111
-102.393,145.992,TYR-112
-150.934,139.778,LEU-113
-55.9439,131.223,ASP-114
-63.5639,141.608,ASP-115
-78.4687,-19.4442,ARG-116
-93.1421,-47.6045,ASN-117
-109.802,-11.9935,THR-118
68.8769,-1.09974,PHE-119
-57.128,112.757,ARG-120
-62.2185,112.914,HIS-121
-157.28,144.548,SER-122
-60.5638,127.289,VAL-123
-115.104,158.166,VAL-124
-156.739,160.965,VAL-125
-83.8873,165.565,PRO-126
-76.8519,111.632,TYR-127
-90.6123,149.485,GLU-128
-63.3858,158.738,PRO-129
-57.8806,146.788,PRO-130
-91.6867,151.063,GLU-131
-71.4019,133.579,VAL-132
80.1695,-3.1577,GLY-133
-125.018,172.109,SER-134
-146.768,-21.3952,ASP-135
-93.3422,163.233,CYS-136
-72.2289,146.868,THR-137
-128.655,120.238,THR-138
-105.18,139.399,ILE-139
-128.729,140.511,HIS-140
-122.687,161.752,TYR-141
-153.7,135.425,ASN-142
-124.759,167.777,TYR-143
-150.366,116.139,MET-144
-173.701,165.352,CYS-145
-97.7782,141.933,ASN-146
-112.455,-27.8112,SER-147
-79.6712,-24.1896,SER-148
-86.078,173.12,CYS-149
-111.645,-31.732,MET-150
83.7086,-165.946,GLY-151
-76.8724,-51.1219,GLY-152
-154.835,-32.0401,ILE-153
-171.336,116.566,ASN-154
-46.5535,113.784,ARG-155
-122.522,163.305,ARG-156
-79.8871,144.395,PRO-157
-129.339,137.054,ILE-158
-120.688,146.263,LEU-159
-110.647,139.36,THR-160
-114.17,107.25,ILE-161
-102.548,137.816,ILE-162
-143.823,149.217,THR-163
-100.585,139.499,LEU-164
-147.81,132.408,GLU-165
-54.5546,152.024,ASP-166
-34.5938,-54.9407,SER-167
-82.7115,6.06749,SER-168
101.278,-0.0678469,GLY-169
-54.9219,120.22,ASN-170
-61.2495,135.029,LEU-171
-123.246,-13.2309,LEU-172
-177.031,171.113,GLY-173
-154.486,159.096,ARG-174
-172.548,137.886,ASN-175
-145.522,148.126,SER-176
-149.802,169.83,PHE-177
-90.1146,134.271,GLU-178
-117.419,152.344,VAL-179
-141.721,111.293,ARG-180
-86.2608,116.345,VAL-181
-123.816,161.166,CYS-182
-86.1304,-48.2982,ALA-183
-105.326,75.2205,CYS-184
-56.1239,-22.6778,PRO-185
-85.1518,-43.1074,GLY-186
-62.6707,-36.0883,ARG-187
-77.0056,-44.2521,ASP-188
-51.5019,-53.9016,ARG-189
-52.0057,-48.3644,ARG-190
-60.3896,-34.6932,THR-191
-91.1003,-25.442,GLU-192
-96.6156,-21.731,GLU-193
-73.4907,-30.1055,GLU-194
-59.9665,-6.79222,ASN-195
-92.0615,158.959,LEU-196
-58.824,-40.5149,ARG-197
-88.2078,138.437,LYS-198
-69.0465,139.353,LYS-199
-92.476,171.885,GLY-200
-62.0429,112.34,GLU-201
-77.7608,153.423,PRO-202
-100.553,-46.6375,HIS-203
162.458,130.218,HIS-204
-61.0513,-38.7666,GLU-205
-56.5861,-58.4978,LEU-206
-53.2022,142.913,PRO-207
-62.7958,-176.977,PRO-208
-71.736,160.631,GLY-209
-90.0969,-130.364,SER-210
-112.475,164.015,THR-211
-104.325,130.116,LYS-212
84.7112,160.547,ARG-213
-70.8403,158.926,ALA-214
-77.2746,-31.1897,LEU-215
-62.6587,142.726,PRO-216
-70.5556,-6.39986,ASN-217
-41.385,132.391,ASN-218
-162.61,173.133,SER-2
-149.919,171.087,SER-3
-102.435,152.166,VAL-4
-82.9884,141.485,PRO-5
-67.257,153.339,SER-6
-98.1688,1.5714,GLN-7
-72.4458,125.238,LYS-8
-75.7413,142.349,THR-9
-174.482,142.006,TYR-10
-76.8785,-31.6419,GLN-11
72.1757,-148.944,GLY-12
-63.8186,-34.8865,SER-13
-135.397,-9.13296,TYR-14
124.906,26.837,GLY-15
-64.2478,126.709,PHE-16
-168.812,160.548,ARG-17
-107.381,138.444,LEU-18
-83.5054,103.592,GLY-19
-81.0131,-178.204,PHE-20
-93.8026,156.825,LEU-21
-115.971,29.8163,HIS-22
-81.3079,-9.15821,SER-23
78.1784,-132.119,GLY-24
-160.78,-11.3497,THR-25
-68.7781,145.271,ALA-26
-58.071,-21.2571,LYS-27
-59.8217,-33.537,SER-28
-58.7324,142.265,VAL-29
-119.077,-19.3245,THR-30
-168.55,151.292,CYS-31
-164.436,174.732,THR-32
-156.811,122.311,TYR-33
-87.2252,108.38,SER-34
-60.3515,-19.343,PRO-35
-79.2873,-20.9439,ALA-36
-110.917,-13.0056,LEU-37
45.6048,45.995,ASN-38
-124.248,121.701,LYS-39
-89.9415,130.831,MET-40
-117.067,105.405,PHE-41
-102.338,168.879,CYS-42
-93.1358,140.152,GLN-43
-67.4046,143.578,LEU-44
65.9688,-19.4098,ALA-45
-71.5712,164.988,LYS-46
-77.9391,131.475,THR-47
-118.523,83.2052,CYS-48
-77.7503,135.293,PRO-49
-156.749,132.265,VAL-50
-83.4509,161.165,GLN-51
-146.827,133.814,LEU-52
-123.613,148.146,TRP-53
-139.87,144.217,VAL-54
-81.9641,-45.7197,ASP-55
-100.179,173.949,SER-56
-78.1412,111.611,THR-57
-87.2771,147.33,PRO-58
-74.7673,163.448,PRO-59
-66.8497,154.261,PRO-60
74.3676,1.94214,GLY-61
-63.5872,114.429,THR-62
-116.811,162.47,ARG-63
-125.786,127.718,VAL-64
-116.154,149.599,ARG-65
-123.809,133.369,ALA-66
-126.093,-176.912,MET-67
-169.841,82.5152,ALA-68
-83.7258,142.298,ILE-69
-110.201,112.266,TYR-70
-94.5953,151.029,LYS-71
-148.178,174.927,GLN-72
-57.5888,-30.5454,SER-73
-114.943,-53.4852,GLN-74
-71.8522,139.043,HIS-75
-134.698,-25.6213,MET-76
-77.3047,21.3527,THR-77
-102.238,159.302,GLU-78
-104.373,152.062,VAL-79
-50.0196,116.725,VAL-80
-136.102,158.685,ARG-81
-50.7098,161.488,ARG-82
-62.1233,153.423,CYS-83
-53.7164,-32.5863,PRO-84
-89.3389,4.29693,HIS-85
-133.128,3.23241,HIS-86
-88.9699,-10.1813,GLU-87
-126.824,-24.8559,ARG-88
-63.0447,156.354,CYS-89
-77.2121,-9.34362,SER-90
-85.2598,-14.476,ASP-91
-91.7735,-23.2333,SER-92
-90.7959,132.889,ASP-93
177.174,-115.539,GLY-94
-69.768,-48.0914,LEU-95
-84.689,150.629,ALA-96
-61.5659,148.278,PRO-97
-60.2891,-19.6778,PRO-98
-80.0274,-34.2425,GLN-99
-64.6445,127.439,HIS-100
-71.3497,-53.4466,LEU-101
-63.9236,123.502,ILE-102
-147.868,138.07,ARG-103
-96.747,152.164,VAL-104
-139.415,-174.763,GLU-105
87.5486,-22.9131,GLY-106
-103.881,117.354,ASN-107
-61.6984,-36.0568,LEU-108
-79.5623,8.2545,ARG-109
-56.5654,137.177,VAL-110
-150.981,160.188,GLU-111
-82.0209,152.927,TYR-112
-154.135,166.488,LEU-113
-88.1835,145.368,ASP-114
-87.7455,140.415,ASP-115
-88.6618,-5.51047,ARG-116
-110.749,-55.1409,ASN-117
-92.4978,-9.96612,THR-118
65.2729,-2.73912,PHE-119
-65.2923,104.196,ARG-120
-43.2073,122.97,HIS-121
-162.955,157.255,SER-122
-76.5787,136.952,VAL-123
-121.984,119.235,VAL-124
-124.784,158.293,VAL-125
-71.0274,175.466,PRO-126
-89.347,138.154,TYR-127
-156.307,161.303,GLU-128
-65.654,175.518,PRO-129
-63.2536,150.602,PRO-130
-59.6542,161.936,GLU-131
-58.9935,126.468,VAL-132
88.3104,-17.9536,GLY-133
-90.9609,152.184,SER-134
-100.845,-5.87376,ASP-135
-145.974,152.363,CYS-136
-41.187,140.38,THR-137
-146.302,113.22,THR-138
-83.5701,126.291,ILE-139
-95.0256,94.6864,HIS-140
-82.1115,-177.833,TYR-141
-164.974,137.875,ASN-142
-142.203,141.233,TYR-143
-130.85,110.106,MET-144
-148.056,147.647,CYS-145
-70.2398,157.04,ASN-146
-123.673,-2.2612,SER-147
-83.2998,-34.1274,SER-148
-76.1749,156.309,CYS-149
-76.0566,-52.6891,MET-150
104.257,-136.506,GLY-151
-99.5517,-111.674,GLY-152
-90.0438,-28.3488,ILE-153
-168.555,124.402,ASN-154
-56.7525,119.399,ARG-155
-127.183,175.244,ARG-156
-74.9387,153.411,PRO-157
-139.529,128.865,ILE-158
-112.002,158.279,LEU-159
-122.251,140.972,THR-160
-111.262,114.717,ILE-161
-102.865,124.698,ILE-162
-121.045,142.079,THR-163
-91.2247,129.001,LEU-164
-139.444,152.145,GLU-165
-73.6323,161.995,ASP-166
-64.4304,-24.2968,SER-167
-88.9396,0.226242,SER-168
89.2518,16.7596,GLY-169
-89.3301,125.482,ASN-170
-73.2829,122.033,LEU-171
-96.3985,-19.6666,LEU-172
174.221,162.543,GLY-173
-154.909,157.406,ARG-174
-162.451,124.275,ASN-175
-129.661,155.893,SER-176
-161.388,163.802,PHE-177
-87.3484,140.212,GLU-178
-115.053,138.402,VAL-179
-131.832,117.443,ARG-180
-81.0831,119.353,VAL-181
-112.235,160.448,CYS-182
-75.7213,-45.4626,ALA-183
-115.296,69.6238,CYS-184
-35.1144,-44.425,PRO-185
-77.5103,-49.6085,GLY-186
-52.0355,-42.7389,ARG-187
-79.973,-29.8572,ASP-188
-57.5759,-46.5535,ARG-189
-66.4667,-48.8755,ARG-190
-50.8404,-36.152,THR-191
-86.1134,-45.5691,GLU-192
-68.5742,-41.7831,GLU-193
-51.0702,-29.258,GLU-194
-75.1923,-6.41955,ASN-195
-67.9224,164.929,LEU-196
-69.9799,-55.3304,ARG-197
-66.6419,151.795,LYS-198
-75.0278,149.068,LYS-199
-79.0807,-175.681,GLY-200
-77.3459,141.194,GLU-201
-82.7982,118.465,PRO-202
-70.2196,-67.579,HIS-203
-168.908,140.249,HIS-204
-72.2324,-16.4802,GLU-205
-88.9006,-40.1494,LEU-206
-83.4663,147.863,PRO-207
-63.8607,158.619,PRO-208
-83.7915,163.033,GLY-209
-93.7536,-139.621,SER-210
-111.66,170.039,THR-211
-101.637,128.677,LYS-212
66.91,164.305,ARG-213
-75.3686,147.872,ALA-214
-51.6275,-57.2651,LEU-215
-63.7522,161.141,PRO-216
-91.543,3.09873,ASN-217
-41.8993,122.138,ASN-218
178.471,-179.729,SER-2
-163.207,156.406,SER-3
-80.9115,127.071,VAL-4
-67.3615,155.132,PRO-5
-80.5666,157.306,SER-6
-99.9274,-7.78248,GLN-7
-59.1707,119.476,LYS-8
-59.7282,139.995,THR-9
-167.06,152.561,TYR-10
-77.1281,-23.8353,GLN-11
63.7187,-155.536,GLY-12
-57.3645,-30.1897,SER-13
-133.324,32.9881,TYR-14
74.7048,-2.72231,GLY-15
-49.7116,133.925,PHE-16
-158.206,148.993,ARG-17
-90.8316,148.338,LEU-18
-94.6273,90.961,GLY-19
-71.5345,173.474,PHE-20
-89.0422,156.531,LEU-21
-118.511,37.1865,HIS-22
-94.0369,-23.4965,SER-23
80.3576,-149.248,GLY-24
-134.091,0.261532,THR-25
-58.9947,160.481,ALA-26
-65.7969,-6.75931,LYS-27
-79.0406,-5.83455,SER-28
-73.9593,133.356,VAL-29
-109.829,-32.7117,THR-30
-144.922,154.425,CYS-31
-169.498,137.636,THR-32
-118.955,126.379,TYR-33
-103.208,103.298,SER-34
-58.1321,-26.0408,PRO-35
-64.4078,-20.2084,ALA-36
-120.187,-9.035,LEU-37
46.9369,46.1032,ASN-38
-134.665,150.313,LYS-39
-123.083,154.857,MET-40
-141.842,107.651,PHE-41
-131.81,133.845,CYS-42
-66.2878,141.613,GLN-43
-66.2948,142.63,LEU-44
72.4368,-29.9894,ALA-45
-81.023,161.49,LYS-46
-69.4357,131.379,THR-47
-121.097,100.583,CYS-48
-88.0445,142.04,PRO-49
-146.123,132.243,VAL-50
-76.278,155.18,GLN-51
-119.683,146.796,LEU-52
-137.541,134.564,TRP-53
-143.261,159.622,VAL-54
-85.9342,-12.154,ASP-55
-169.13,162.997,SER-56
-66.8428,123.774,THR-57
-61.9841,163.058,PRO-58
-61.578,129.076,PRO-59
-37.3218,140.489,PRO-60
91.1835,0.646477,GLY-61
-70.4411,138.616,THR-62
-123.856,152.177,ARG-63
-92.2915,147.198,VAL-64
-127.91,149.175,ARG-65
-137.396,144.945,ALA-66
-152.011,169.98,MET-67
-160.183,129.93,ALA-68
-126.626,145.627,ILE-69
-111.215,109.618,TYR-70
-87.2746,141.302,LYS-71
-141.509,177.531,GLN-72
-61.4489,-13.0559,SER-73
-156.884,33.1714,GLN-74
-158.193,143.802,HIS-75
-159.164,-17.5896,MET-76
-76.9487,63.2448,THR-77
-153.566,149.552,GLU-78
-94.3704,153.211,VAL-79
-63.4723,129.58,VAL-80
-136.593,151.677,ARG-81
-49.5447,166.153,ARG-82
-62.4851,149.825,CYS-83
-47.5909,-56.3602,PRO-84
-57.9253,-5.6253,HIS-85
-123.006,2.09601,HIS-86
-92.4948,-0.871355,GLU-87
-154.184,-6.54589,ARG-88
-84.0254,172.189,CYS-89
-73.4161,-13.2796,SER-90
-78.3509,-34.5773,ASP-91
-81.0916,-9.90743,SER-92
-82.8802,153.439,ASP-93
153.909,-142.674,GLY-94
-53.5095,-50.6717,LEU-95
-81.6807,160.2,ALA-96
-67.3143,153.829,PRO-97
-66.2,-20.7394,PRO-98
-69.6882,-25.4047,GLN-99
-77.1715,123.97,HIS-100
-75.1494,-50.7571,LEU-101
-73.0164,117.755,ILE-102
-136.235,145.785,ARG-103
-117.594,138.585,VAL-104
-124.712,-166.918,GLU-105
88.1562,-70.6369,GLY-106
-49.7324,115.323,ASN-107
-54.5152,-50.5402,LEU-108
-80.8342,35.3785,ARG-109
-78.5403,136.887,VAL-110
-165.617,156.351,GLU-111
-96.7839,141.475,TYR-112
-140.491,152.261,LEU-113
-64.0967,148.111,ASP-114
-88.9465,129.291,ASP-115
-52.2451,-16.7754,ARG-116
-116.327,-39.1318,ASN-117
-113.644,-14.0072,THR-118
76.5961,-18.2574,PHE-119
-41.5745,118.093,ARG-120
-80.4991,103.543,HIS-121
-145.464,162.993,SER-122
-84.2876,128.494,VAL-123
-107.402,139.466,VAL-124
-129.069,146.784,VAL-125
-55.3884,140.665,PRO-126
-64.4845,105.702,TYR-127
-87.2853,156.973,GLU-128
-73.9743,170.4,PRO-129
-56.4442,163.461,PRO-130
-83.337,162.763,GLU-131
-64.005,116.961,VAL-132
87.8186,-11.1936,GLY-133
-71.9113,153.701,SER-134
-83.9566,-53.6165,ASP-135
-99.5787,144.99,CYS-136
-60.4399,138.168,THR-137
-117.061,140.307,THR-138
-104.852,137.236,ILE-139
-102.613,125.126,HIS-140
-93.7187,168.576,TYR-141
-153.03,164.909,ASN-142
-151.439,156.512,TYR-143
-148.693,129.317,MET-144
-174.828,169.227,CYS-145
-99.6098,144.912,ASN-146
-113.588,-13.8882,SER-147
-89.8072,-24.7858,SER-148
-68.5778,171.673,CYS-149
-79.8443,-20.913,MET-150
76.0453,-155.152,GLY-151
-86.6622,-145.436,GLY-152
-56.422,-32.325,ILE-153
-166.268,140.15,ASN-154
-60.9554,140.69,ARG-155
-149.389,160.941,ARG-156
-61.8116,144.433,PRO-157
-127.997,121.576,ILE-158
-96.7254,152.011,LEU-159
-102.434,152.336,THR-160
-118.311,121.766,ILE-161
-108.084,139.696,ILE-162
-141.891,156.081,THR-163
-118.35,139.287,LEU-164
-150.529,137.587,GLU-165
-78.8471,156.305,ASP-166
-54.9943,-30.4567,SER-167
-72.2323,-10.6078,SER-168
104.065,-11.3315,GLY-169
-59.8609,137.708,ASN-170
-75.8956,120.862,LEU-171
-82.3695,-28.7273,LEU-172
-178.771,-177.914,GLY-173
-148.145,141.774,ARG-174
-147.762,121.724,ASN-175
-126.062,148.645,SER-176
-150.69,160.492,PHE-177
-88.8808,148.597,GLU-178
-134.03,126.149,VAL-179
-112.598,126.309,ARG-180
-85.1493,137.244,VAL-181
-130.967,156.631,CYS-182
-78.0854,-37.8012,ALA-183
-134.666,88.1584,CYS-184
-80.8447,-30.2857,PRO-185
-62.8765,-47.1419,GLY-186
-56.8907,-60.2294,ARG-187
-65.0198,-43.9842,ASP-188
-44.6885,-50.1291,ARG-189
-62.6868,-42.5601,ARG-190
-60.5831,-41.4754,THR-191
-86.0698,-39.6881,GLU-192
-67.3334,-28.7278,GLU-193
-67.6687,-24.009,GLU-194
-75.0743,-19.3235,ASN-195
-76.0901,158.731,LEU-196
-76.6488,-39.1012,ARG-197
-91.5888,149.484,LYS-198
-76.3151,173.081,LYS-199
-130.794,-170.807,GLY-200
-64.724,112.175,GLU-201
-74.7567,159.871,PRO-202
-130.782,-62.8946,HIS-203
-168.802,125.425,HIS-204
-80.1249,-32.0831,GLU-205
-70.2847,-49.4005,LEU-206
-75.7051,151.885,PRO-207
-84.4919,178.851,PRO-208
-89.0829,158.758,GLY-209
-66.0573,-100.738,SER-210
-141.156,141.926,THR-211
-74.6289,122.284,LYS-212
67.2148,158.804,ARG-213
-57.6878,163.059,ALA-214
-57.8195,-60.3895,LEU-215
-64.2351,174.88,PRO-216
-104.999,15.4063,ASN-217
-49.9542,120.583,ASN-218
-154.998,-171.966,SER-2
-163.791,159.473,SER-3
-70.994,127.434,VAL-4
-77.4684,144.658,PRO-5
-75.6043,134.243,SER-6
-101.211,-4.06253,GLN-7
-73.0625,118.796,LYS-8
-52.914,129.641,THR-9
-159.279,140.538,TYR-10
-72.2088,-54.6339,GLN-11
68.2898,-134.345,GLY-12
-58.0069,-44.5671,SER-13
-123.55,0.0419919,TYR-14
92.6084,10.7786,GLY-15
-54.7014,141.696,PHE-16
-164.777,173.381,ARG-17
-95.122,161.242,LEU-18
-118.459,105.956,GLY-19
-81.3725,171.282,PHE-20
-79.0394,155.626,LEU-21
-99.2775,14.9375,HIS-22
-77.2264,-34.2731,SER-23
81.137,-134.561,GLY-24
-136.529,12.6867,THR-25
-56.2545,137.047,ALA-26
-58.7137,-20.1372,LYS-27
-76.8883,-7.1403,SER-28
-72.9682,142.218,VAL-29
-101.439,-41.9812,THR-30
-151.712,144.506,CYS-31
-152.037,169.077,THR-32
-152.55,135.667,TYR-33
-89.9216,120.337,SER-34
-74.8909,-27.4872,PRO-35
-65.3806,-16.3468,ALA-36
-120.636,-9.64189,LEU-37
44.0699,44.5496,ASN-38
-123.134,115.196,LYS-39
-83.7652,157.102,MET-40
-141.09,103.962,PHE-41
-98.6051,148.52,CYS-42
-72.4071,144.576,GLN-43
-69.4242,139.235,LEU-44
69.1822,-37.2595,ALA-45
-59.1599,159.592,LYS-46
-68.601,126.888,THR-47
-126.643,91.3391,CYS-48
-76.7116,153.93,PRO-49
-142.489,148.088,VAL-50
-89.5495,155.907,GLN-51
-121.573,144.865,LEU-52
-127.425,137.834,TRP-53
-149.536,158.013,VAL-54
-96.8689,-5.57372,ASP-55
-172.684,159.036,SER-56
-58.712,130.265,THR-57
-66.3691,168.412,PRO-58
-58.9631,159.593,PRO-59
-67.391,123.506,PRO-60
86.2524,24.1743,GLY-61
-52.2453,140.754,THR-62
-133.809,146.479,ARG-63
-82.5194,142.028,VAL-64
-124.803,154.607,ARG-65
-140.612,132.227,ALA-66
-146.243,160.146,MET-67
-168.364,111.924,ALA-68
-113.166,149.434,ILE-69
-116.219,117.165,TYR-70
-105.192,131.143,LYS-71
-114.556,177.94,GLN-72
-61.9408,-15.1322,SER-73
-151.362,24.1721,GLN-74
-138.68,142.821,HIS-75
-148.48,0.48478,MET-76
-89.5637,0.690102,THR-77
-76.0619,165.111,GLU-78
-111.577,163.117,VAL-79
-68.9987,141.297,VAL-80
-166.012,153.6,ARG-81
-58.572,160.431,ARG-82
-64.1657,151.332,CYS-83
-57.7645,-29.9517,PRO-84
-76.9234,-12.8335,HIS-85
-127.981,-14.1453,HIS-86
-67.8381,-6.04085,GLU-87
-130.805,-29.7016,ARG-88
-68.1047,160.418,CYS-89
-54.8622,-36.1514,SER-90
-52.9932,-26.1797,ASP-91
-101.041,-25.5313,SER-92
-55.6544,175.478,ASP-93
120.438,-143.071,GLY-94
-66.3264,-55.2059,LEU-95
-74.99,126.999,ALA-96
-56.1375,147.214,PRO-97
-60.5604,-25.1498,PRO-98
-59.8637,-42.6273,GLN-99
-67.6243,122.588,HIS-100
-85.0122,-33.8404,LEU-101
-86.495,135.508,ILE-102
-151.216,161.524,ARG-103
-131.577,171.116,VAL-104
-172.394,176.573,GLU-105
84.2938,-53.1894,GLY-106
-95.1218,124.678,ASN-107
-80.1623,-16.4095,LEU-108
-75.1292,52.3277,ARG-109
-109.355,132.458,VAL-110
-177.301,152.332,GLU-111
-103.231,154.454,TYR-112
-154.337,170.752,LEU-113
-88.1493,158.167,ASP-114
-84.783,135.991,ASP-115
-68.3239,-21.2713,ARG-116
-110.843,-37.5888,ASN-117
-103.363,0.0687297,THR-118
62.3773,3.18663,PHE-119
-67.8386,115.122,ARG-120
-69.4174,134.701,HIS-121
177.976,146.896,SER-122
-80.1101,141.533,VAL-123
-124.191,149.746,VAL-124
-141.972,153.135,VAL-125
-75.6255,156.24,PRO-126
-80.1556,113.697,TYR-127
-121.004,149.2,GLU-128
-77.0163,174.637,PRO-129
-58.1012,138.924,PRO-130
-62.8099,164.232,GLU-131
-47.3496,128.116,VAL-132
75.9712,25.1461,GLY-133
-149.817,157.421,SER-134
-92.7002,-22.8701,ASP-135
-132.293,159.969,CYS-136
-75.7834,149.1,THR-137
-143.684,131.108,THR-138
-108.6,138.504,ILE-139
-111.616,108.509,HIS-140
-102.8,166.438,TYR-141
-150.977,153.838,ASN-142
-144.346,153.645,TYR-143
-150.798,110.105,MET-144
-155.526,150.723,CYS-145
-81.5349,152.809,ASN-146
-129.704,-3.03309,SER-147
-84.1809,-20.6425,SER-148
-87.8278,157.097,CYS-149
-80.7842,-27.1577,MET-150
79.2179,-129.693,GLY-151
-98.8906,-133.453,GLY-152
-61.8806,-42.8846,ILE-153
-155.198,138.002,ASN-154
-63.8062,130.87,ARG-155
-151.958,168.053,ARG-156
-86.485,137.289,PRO-157
-117.303,115.115,ILE-158
-96.0526,131.548,LEU-159
-100.897,150.455,THR-160
-117.969,116.709,ILE-161
-97.9979,139.358,ILE-162
-141.934,146.889,THR-163
-101.781,131.121,LEU-164
-145.237,149.634,GLU-165
-78.0321,151.205,ASP-166
-39.3367,-33.3806,SER-167
-99.8095,-3.2895,SER-168
114.625,-3.09046,GLY-169
-56.3799,117.849,ASN-170
-65.2088,108.461,LEU-171
-90.4538,-34.701,LEU-172
-174.534,176.678,GLY-173
-139.916,139.649,ARG-174
-127.251,137.969,ASN-175
-127.214,150.16,SER-176
-156.603,157.696,PHE-177
-82.0788,140.46,GLU-178
-98.5261,156.618,VAL-179
-151.628,134.87,ARG-180
-99.1215,130.111,VAL-181
-135.132,162.821,CYS-182
-105.141,-42.3492,ALA-183
-115.886,96.9078,CYS-184
-72.4861,-38.3065,PRO-185
-57.9791,-19.1758,GLY-186
-105.905,-30.5844,ARG-187
-65.3959,-47.3287,ASP-188
-55.0787,-49.911,ARG-189
-54.3231,-50.7567,ARG-190
-52.4695,-44.9388,THR-191
-67.2755,-45.3455,GLU-192
-74.3699,-24.7685,GLU-193
-70.3631,-23.3132,GLU-194
-75.497,-9.84265,ASN-195
-69.6734,167.072,LEU-196
-83.8468,-57.3109,ARG-197
-72.6119,129.859,LYS-198
-55.7247,144.598,LYS-199
-90.7212,-122.132,GLY-200
-105.856,139.568,GLU-201
-74.9055,163.789,PRO-202
-128.504,-75.2898,HIS-203
-165.381,127.304,HIS-204
-77.8838,-36.3445,GLU-205
-57.3505,-36.1365,LEU-206
-92.8681,168.292,PRO-207
-84.4829,177.539,PRO-208
-75.0396,165.969,GLY-209
-86.2679,-159.054,SER-210
-78.9675,160.842,THR-211
-111.784,128.086,LYS-212
68.6238,154.092,ARG-213
-65.3338,168.875,ALA-214
-71.994,-41.6311,LEU-215
-50.4601,131.216,PRO-216
-78.3282,18.5098,ASN-217
-43.4597,131.549,ASN-218
-157.559,-170.068,SER-2
178.523,160.624,SER-3
-83.3072,134.004,VAL-4
-61.5228,140.409,PRO-5
-71.4542,141.239,SER-6
-103.248,3.02918,GLN-7
-77.7845,121.485,LYS-8
-53.6009,146.101,THR-9
-170.746,132.531,TYR-10
-76.0823,-9.87198,GLN-11
69.5154,-165.366,GLY-12
-51.2016,-32.8864,SER-13
-136.977,11.5757,TYR-14
71.6985,39.5516,GLY-15
-86.62,132.953,PHE-16
-167.948,177.559,ARG-17
-109.792,144.066,LEU-18
-104.559,106.119,GLY-19
-78.9765,-172.713,PHE-20
-95.4173,157.613,LEU-21
-129.011,22.379,HIS-22
-80.573,-29.4997,SER-23
96.2698,-122.005,GLY-24
-149.452,2.75431,THR-25
-72.1245,165.951,ALA-26
-59.1186,-20.4299,LYS-27
-74.2691,-14.9829,SER-28
-64.4357,132.068,VAL-29
-101.55,-61.7409,THR-30
-132.467,147.146,CYS-31
-164.467,153.577,THR-32
-137.808,133.276,TYR-33
-108.308,105.525,SER-34
-59.4701,-45.8925,PRO-35
-59.0151,-28.6114,ALA-36
-94.7501,-26.8797,LEU-37
56.242,52.9829,ASN-38
-131.879,124.318,LYS-39
-89.2145,110.697,MET-40
-95.3544,108.419,PHE-41
-106.655,139.689,CYS-42
-75.574,142.239,GLN-43
-68.2455,139.521,LEU-44
84.7932,-21.5215,ALA-45
-90.2287,159.377,LYS-46
-72.8929,132.139,THR-47
-127.143,90.6482,CYS-48
-81.66,148.924,PRO-49
-144.661,145.934,VAL-50
-88.2771,154.334,GLN-51
-119.201,98.3999,LEU-52
-85.0541,128.064,TRP-53
-142.37,134.023,VAL-54
-97.5802,-35.6109,ASP-55
-110.893,165.857,SER-56
-74.5886,115.419,THR-57
-61.2651,156.055,PRO-58
-48.3454,142.925,PRO-59
-49.1289,142.664,PRO-60
69.6569,13.4406,GLY-61
-66.4652,137.953,THR-62
-115.505,166.73,ARG-63
-106.728,146.584,VAL-64
-145.911,140.557,ARG-65
-136.42,140.265,ALA-66
-147.557,155.893,MET-67
-148.164,139.662,ALA-68
-139.464,158.801,ILE-69
-131.762,115.155,TYR-70
-115.694,139.325,LYS-71
-131.957,-175.105,GLN-72
-65.8149,-21.1527,SER-73
-151.408,39.1036,GLN-74
-128.165,147.24,HIS-75
-160.318,-15.4631,MET-76
-81.7674,53.0523,THR-77
-144.912,153.685,GLU-78
-98.9119,159.773,VAL-79
-82.4404,128.857,VAL-80
-154.264,158.621,ARG-81
-60.1883,157.815,ARG-82
-59.1859,161.133,CYS-83
-71.3524,-30.1889,PRO-84
-66.1732,-18.3184,HIS-85
-107.87,-22.6747,HIS-86
-67.1646,-7.73913,GLU-87
-131.538,-35.0647,ARG-88
-68.406,157.501,CYS-89
-73.5119,-13.7687,SER-90
-67.3231,-20.6519,ASP-91
-101.877,-18.2908,SER-92
-79.2777,160.703,ASP-93
146.376,-136.285,GLY-94
-53.6761,-59.7159,LEU-95
-78.0213,141.698,ALA-96
-54.2849,150.148,PRO-97
-73.2899,-5.06519,PRO-98
-86.5573,-27.0834,GLN-99
-69.1234,134.95,HIS-100
-91.1445,-40.1093,LEU-101
-79.6357,114.848,ILE-102
-144.295,166.419,ARG-103
-121.272,153.065,VAL-104
-139.247,173.178,GLU-105
84.2665,-8.93854,GLY-106
-120.626,131.414,ASN-107
-94.7858,-22.2385,LEU-108
-71.6232,-0.73863,ARG-109
-50.4795,148.919,VAL-110
-176.656,168.463,GLU-111
-99.934,154.503,TYR-112
-154.826,162.171,LEU-113
-85.6706,162.422,ASP-114
-88.089,125.913,ASP-115
-57.2052,-13.8295,ARG-116
-114.11,-32.9821,ASN-117
-119.002,5.34981,THR-118
64.7994,-9.77015,PHE-119
-48.2885,90.2649,ARG-120
-44.8576,122.234,HIS-121
-159.742,160.041,SER-122
-85.7889,143.189,VAL-123
-131.274,140.446,VAL-124
-140.683,160.764,VAL-125
-73.7376,155.965,PRO-126
-85.0953,103.246,TYR-127
-90.7709,176.253,GLU-128
-76.3349,165.297,PRO-129
-52.2776,131.741,PRO-130
-77.7123,150.992,GLU-131
-33.4061,106.662,VAL-132
83.9472,-3.18253,GLY-133
-77.5862,153.971,SER-134
-108.85,-9.78959,ASP-135
-142.249,155.783,CYS-136
-59.2793,140.7,THR-137
-128.422,129.602,THR-138
-103.849,138.636,ILE-139
-111.347,90.3098,HIS-140
-82.3194,-179.305,TYR-141
-161.587,165.524,ASN-142
-151.318,150.641,TYR-143
-143.434,125.355,MET-144
-165.867,151.813,CYS-145
-77.4367,156.758,ASN-146
-97.4328,-35.1982,SER-147
-73.8053,-34.7478,SER-148
-67.8132,149.457,CYS-149
-56.0323,-45.9381,MET-150
90.4337,-155.017,GLY-151
-91.6215,-141.964,GLY-152
-60.9782,-42.1645,ILE-153
-133.354,145.579,ASN-154
-56.2115,134.798,ARG-155
-151.124,169.558,ARG-156
-67.0058,133.945,PRO-157
-117.345,141.545,ILE-158
-108.791,144.78,LEU-159
-120.756,146.989,THR-160
-123.109,100.368,ILE-161
-93.0013,110.689,ILE-162
-118.361,160.456,THR-163
-104.609,134.385,LEU-164
-158.795,150.457,GLU-165
-84.4989,145.717,ASP-166
-65.789,-27.5765,SER-167
-66.3976,-18.4072,SER-168
134.797,-18.622,GLY-169
-73.0284,123.46,ASN-170
-73.5694,127.375,LEU-171
-112.468,-6.647,LEU-172
172.981,154.134,GLY-173
-145.81,150.062,ARG-174
-142.905,139.281,ASN-175
-131.94,152.625,SER-176
-160.461,163.495,PHE-177
-91.9391,137.818,GLU-178
-106.845,145.315,VAL-179
-150.303,121.816,ARG-180
-94.5535,132.965,VAL-181
-137.055,159.734,CYS-182
-82.5877,-33.9874,ALA-183
-127.051,80.662,CYS-184
-73.2909,-20.8214,PRO-185
-56.3466,-43.6096,GLY-186
-64.2478,-57.8369,ARG-187
-67.4477,-29.7865,ASP-188
-57.7969,-52.1151,ARG-189
-61.5556,-47.9557,ARG-190
-51.8161,-32.7497,THR-191
-87.5795,-47.699,GLU-192
-62.132,-20.7498,GLU-193
-72.7786,-14.8813,GLU-194
-79.5943,-11.6404,ASN-195
-72.4419,139.812,LEU-196
-59.6773,-42.3283,ARG-197
-89.8773,123.169,LYS-198
-48.3276,145.728,LYS-199
-84.8999,170.97,GLY-200
-48.2956,137.414,GLU-201
-76.7986,166.68,PRO-202
-115.581,-51.4693,HIS-203
-178.845,129.596,HIS-204
-79.2782,-20.4107,GLU-205
-80.3134,-44.8632,LEU-206
-66.5385,169.195,PRO-207
-67.1109,178.173,PRO-208
-95.3722,170.132,GLY-209
-79.8768,-112.671,SER-210
-142.623,154.92,THR-211
-104.805,137.437,LYS-212
87.15,147.872,ARG-213
-75.9277,164.597,ALA-214
-64.8535,-43.4601,LEU-215
-63.8873,152.062,PRO-216
-84.2013,1.35372,ASN-217
-48.1257,134.604,ASN-218
-91.8775,-175.075,SER-2
-145.587,172.385,SER-3
-72.1161,142.978,VAL-4
-74.924,163.422,PRO-5
-105.864,145.463,SER-6
-106.883,-19.0897,GLN-7
-72.8104,143.862,LYS-8
-80.1038,120.978,THR-9
-152.109,136.032,TYR-10
-85.4835,-25.0045,GLN-11
63.0266,-162.573,GLY-12
-60.0139,-23.3555,SER-13
-118.138,1.43305,TYR-14
91.6542,36.6625,GLY-15
-71.9211,131.036,PHE-16
-149.191,172.149,ARG-17
-105.315,178.75,LEU-18
-131.365,135.047,GLY-19
-117.062,150.966,PHE-20
-53.7647,155.371,LEU-21
-130.819,15.8866,HIS-22
-74.388,-23.4677,SER-23
68.9833,-109.471,GLY-24
-142.679,-5.15921,THR-25
-63.0915,156.098,ALA-26
-57.9732,-16.2644,LYS-27
-84.7179,-5.15877,SER-28
-68.7859,145.701,VAL-29
-114.785,-20.5547,THR-30
-155.828,148.858,CYS-31
-159.059,152.859,THR-32
-133.262,134.471,TYR-33
-97.3786,106.225,SER-34
-66.2855,-32.3072,PRO-35
-63.1972,-13.228,ALA-36
-113.697,-15.9751,LEU-37
52.7659,39.1423,ASN-38
-128.326,128.784,LYS-39
-93.028,135.582,MET-40
-126.173,109.787,PHE-41
-132.673,156.516,CYS-42
-95.1463,141.523,GLN-43
-64.2518,125.833,LEU-44
75.5595,-21.3259,ALA-45
-65.171,155.783,LYS-46
-66.6727,134.353,THR-47
-132.708,102.31,CYS-48
-80.9786,143.013,PRO-49
-147.899,137.962,VAL-50
-80.8063,145.347,GLN-51
-119.748,143.763,LEU-52
-145.69,132.435,TRP-53
-114.815,115.976,VAL-54
-73.7577,23.8848,ASP-55
-163.595,-179.265,SER-56
-91.9359,101.322,THR-57
-66.3002,164.876,PRO-58
-69.6371,154.869,PRO-59
-64.5285,126.676,PRO-60
87.557,24.1036,GLY-61
-73.8638,137.341,THR-62
-110.041,154.178,ARG-63
-97.1822,121.976,VAL-64
-111.918,144.625,ARG-65
-126.09,139.883,ALA-66
-153.616,160.352,MET-67
-158.067,96.7291,ALA-68
-79.9483,149.21,ILE-69
-111.661,148.24,TYR-70
-143.206,152.245,LYS-71
-152.467,170.072,GLN-72
-36.377,-21.3998,SER-73
-152.689,14.3527,GLN-74
-141.808,155.786,HIS-75
-163.421,1.22762,MET-76
-90.536,48.6591,THR-77
-141.634,163.24,GLU-78
-109.597,165.416,VAL-79
-60.0131,120.681,VAL-80
-123.062,149.729,ARG-81
-57.186,157.819,ARG-82
-76.9859,162.54,CYS-83
-50.01,-29.3407,PRO-84
-68.6754,-29.8854,HIS-85
-120.629,-7.41664,HIS-86
-53.4244,-22.4947,GLU-87
-146.355,-8.58947,ARG-88
-93.0975,154.724,CYS-89
-61.9395,-25.014,SER-90
-68.1681,-14.2681,ASP-91
-97.6697,-12.7279,SER-92
-105.321,129.285,ASP-93
-153.292,-120.046,GLY-94
-62.3659,-50.3346,LEU-95
-75.7223,143.185,ALA-96
-69.5526,135.902,PRO-97
-72.2441,-13.3491,PRO-98
-73.0128,-32.3261,GLN-99
-64.552,118.075,HIS-100
-71.0184,-39.3113,LEU-101
-83.7629,120.216,ILE-102
-139.05,138.249,ARG-103
-103.104,142.187,VAL-104
-136.037,177.667,GLU-105
85.0209,26.4849,GLY-106
-154.41,151.835,ASN-107
-86.127,-52.8509,LEU-108
-74.8759,-0.50589,ARG-109
-40.1363,129.951,VAL-110
-154.485,154.627,GLU-111
-87.2694,158.36,TYR-112
-159.38,162.85,LEU-113
-72.949,157.115,ASP-114
-82.5957,142.266,ASP-115
-76.6147,6.94659,ARG-116
-133.078,-53.2977,ASN-117
-90.0732,0.164624,THR-118
74.7051,-15.9144,PHE-119
-50.3016,115.794,ARG-120
-71.0188,106.248,HIS-121
-140.807,152.486,SER-122
-66.3662,127.399,VAL-123
-122.837,138.934,VAL-124
-134.921,150.603,VAL-125
-58.602,141.429,PRO-126
-72.0022,146.046,TYR-127
-139.727,158.11,GLU-128
-56.0824,152.575,PRO-129
-49.4016,161.549,PRO-130
-72.1722,148.601,GLU-131
-56.6946,134.781,VAL-132
87.0568,-9.81308,GLY-133
-120.345,175.559,SER-134
-122.63,-21.0217,ASP-135
-120.42,130.803,CYS-136
-49.785,126.614,THR-137
-88.102,132.814,THR-138
-110.699,133.587,ILE-139
-108.612,126.492,HIS-140
-102.747,173.138,TYR-141
-144.832,156.924,ASN-142
-150.17,154.06,TYR-143
-150.271,119.974,MET-144
-171.167,149.022,CYS-145
-78.1471,156.781,ASN-146
-128.236,-31.8282,SER-147
-100.748,14.3947,SER-148
-96.2376,-176.861,CYS-149
-66.8993,-15.8607,MET-150
69.497,178.714,GLY-151
-84.9547,-134.577,GLY-152
-71.6214,-28.7891,ILE-153
-154.324,154.403,ASN-154
-73.2322,132.31,ARG-155
-143.118,166.924,ARG-156
-87.0977,156.095,PRO-157
-142.836,98.7639,ILE-158
-73.854,138.17,LEU-159
-107.068,157.52,THR-160
-136.396,120.824,ILE-161
-111.844,109.231,ILE-162
-104.702,154.969,THR-163
-101.278,125.472,LEU-164
-137.897,136.807,GLU-165
-72.1086,157.621,ASP-166
-70.7114,-20.5334,SER-167
-91.4039,41.9254,SER-168
60.5788,3.9058,GLY-169
-79.9836,130.959,ASN-170
-84.2177,127.234,LEU-171
-107.365,-15.9883,LEU-172
165.598,175.079,GLY-173
-158.733,140.832,ARG-174
-140.304,141.517,ASN-175
-143.814,138.476,SER-176
-150.397,160.419,PHE-177
-88.0307,135.792,GLU-178
-104.131,148.39,VAL-179
-140.365,112.786,ARG-180
-77.1052,135.501,VAL-181
-136.062,162.695,CYS-182
-98.2417,-41.3208,ALA-183
-120.82,74.4566,CYS-184
-52.9851,-36.6259,PRO-185
-66.3755,-48.8412,GLY-186
-65.3947,-46.2118,ARG-187
-59.0146,-38.2218,ASP-188
-55.2286,-56.2901,ARG-189
-46.7997,-52.4027,ARG-190
-50.909,-49.258,THR-191
-79.5198,-33.7009,GLU-192
-81.1864,-30.8831,GLU-193
-62.5423,-11.5452,GLU-194
-69.8729,-31.0732,ASN-195
-65.3616,139.1,LEU-196
-71.0327,-31.238,ARG-197
-83.6355,125.571,LYS-198
-59.7775,150.847,LYS-199
-83.1513,-173.489,GLY-200
-76.7901,144.333,GLU-201
-98.3293,127.155,PRO-202
-92.5015,-68.199,HIS-203
-155.936,119.546,HIS-204
-67.2526,-15.2772,GLU-205
-90.9036,-76.7824,LEU-206
-64.1295,164.226,PRO-207
-77.2428,170.772,PRO-208
-68.85,177.522,GLY-209
-96.5416,-127.471,SER-210
-98.1452,154.191,THR-211
-93.5958,137.773,LYS-212
88.1837,162.927,ARG-213
-84.6719,159.032,ALA-214
-73.7397,-29.6968,LEU-215
-51.1909,124.63,PRO-216
-72.9634,6.23001,ASN-217
-48.1866,132.34,ASN-218
-158.349,-176.01,SER-2
-157.205,159.668,SER-3
-71.7352,131.672,VAL-4
-52.2671,128.19,PRO-5
-72.8481,152.723,SER-6
-120.309,-4.85203,GLN-7
-80.6325,138.336,LYS-8
-53.4405,122.826,THR-9
-150.808,147.967,TYR-10
-88.2199,-25.5927,GLN-11
80.0584,-135.737,GLY-12
-90.3958,-11.7363,SER-13
-136.738,-3.64831,TYR-14
90.6964,44.5818,GLY-15
-77.842,133.308,PHE-16
-153.206,166.884,ARG-17
-99.9862,135.554,LEU-18
-99.5191,82.7915,GLY-19
-81.2605,-171.847,PHE-20
-97.1035,153.745,LEU-21
-126.646,17.3792,HIS-22
-66.9066,-37.3555,SER-23
80.8066,-125.399,GLY-24
-124.297,-21.6833,THR-25
-66.5635,157.566,ALA-26
-54.2413,-24.7581,LYS-27
-62.3223,-16.1296,SER-28
-86.0412,126.019,VAL-29
-102.938,-27.0033,THR-30
-157.022,160.462,CYS-31
-171.551,149.39,THR-32
-129.034,136.361,TYR-33
-109.255,106.7,SER-34
-70.0123,-32.5267,PRO-35
-58.8207,-16.6699,ALA-36
-122.788,-10.185,LEU-37
43.1329,46.0402,ASN-38
-124.196,137.428,LYS-39
-114.028,131.496,MET-40
-115.934,112.556,PHE-41
-132.501,152.69,CYS-42
-99.5769,121.107,GLN-43
-62.3053,146.47,LEU-44
78.9663,-39.2205,ALA-45
-68.6348,152.435,LYS-46
-76.5411,127.254,THR-47
-112.784,98.1062,CYS-48
-79.894,145.062,PRO-49
-161.506,134.664,VAL-50
-95.8133,161.195,GLN-51
-124.888,139.825,LEU-52
-127.705,154.281,TRP-53
-144.387,132.565,VAL-54
-76.1081,-57.0853,ASP-55
-84.622,177.484,SER-56
-84.3072,115.47,THR-57
-67.3361,160.392,PRO-58
-78.15,140.457,PRO-59
-59.5982,152.011,PRO-60
67.6675,29.2436,GLY-61
-79.896,140.363,THR-62
-116.679,159.665,ARG-63
-112.706,135.171,VAL-64
-120.155,139.338,ARG-65
-122.205,147.497,ALA-66
-147.694,168.511,MET-67
-162.368,128.196,ALA-68
-110.784,133.681,ILE-69
-100.238,125.146,TYR-70
-105.164,150.082,LYS-71
-145.685,177.56,GLN-72
-54.5019,-40.6175,SER-73
-127.327,30.3405,GLN-74
-155.837,139.235,HIS-75
-140.201,-17.6962,MET-76
-76.8253,57.1298,THR-77
-145.778,156.793,GLU-78
-109.494,153.62,VAL-79
-56.1766,120.271,VAL-80
-130.569,165.994,ARG-81
-75.5646,177.485,ARG-82
-71.4025,158.143,CYS-83
-53.4656,-38.5119,PRO-84
-61.4908,-15.0988,HIS-85
-137.821,-5.41328,HIS-86
-73.4927,-11.1349,GLU-87
-122.723,-34.541,ARG-88
-59.3669,156.595,CYS-89
-60.5182,-27.9461,SER-90
-57.0345,-21.638,ASP-91
-115.402,-14.7369,SER-92
-74.7345,152.64,ASP-93
172.611,-125.324,GLY-94
-77.5401,-31.5751,LEU-95
-67.9384,156.103,ALA-96
-61.305,140.463,PRO-97
-63.0541,-18.7784,PRO-98
-70.314,-51.849,GLN-99
-56.2659,136.633,HIS-100
-91.7004,-27.9738,LEU-101
-88.8401,117.835,ILE-102
-141.965,147.646,ARG-103
-132.673,146.774,VAL-104
-147.304,-168.367,GLU-105
79.8792,-45.8663,GLY-106
-86.2026,105.846,ASN-107
-59.7486,-0.579417,LEU-108
-106.046,3.66904,ARG-109
-57.5262,133.369,VAL-110
-161.427,174.608,GLU-111
-106.444,139.739,TYR-112
-132.379,154.515,LEU-113
-74.0457,164.399,ASP-114
-90.1375,127.819,ASP-115
-65.9929,-12.1665,ARG-116
-110.767,-26.9503,ASN-117
-127.787,6.58623,THR-118
59.3715,15.6686,PHE-119
-78.7731,102.939,ARG-120
-57.2377,106.722,HIS-121
-149.039,156.09,SER-122
-71.2534,130.244,VAL-123
-129.618,126.83,VAL-124
-134.628,138.644,VAL-125
-58.1935,143.021,PRO-126
-84.2754,115.679,TYR-127
-106.495,170.499,GLU-128
-86.8332,177.187,PRO-129
-70.6694,144.906,PRO-130
-57.872,158.26,GLU-131
-54.7565,127.986,VAL-132
82.6941,-25.1025,GLY-133
-75.3094,151.846,SER-134
-105.353,-18.1277,ASP-135
-127.622,141.71,CYS-136
-56.8838,138.614,THR-137
-104.831,136.948,THR-138
-94.4919,130.88,ILE-139
-90.9197,123.905,HIS-140
-104.836,-168.23,TYR-141
-173.228,162.254,ASN-142
-146.683,153.258,TYR-143
-143.518,114.027,MET-144
-167.433,154.439,CYS-145
-90.6394,141.977,ASN-146
-91.9733,-20.2354,SER-147
-99.2843,-7.77628,SER-148
-75.9071,164.527,CYS-149
-85.3936,-47.6749,MET-150
78.1781,-135.008,GLY-151
-82.7189,-141.594,GLY-152
-81.9759,-31.3575,ILE-153
-159.603,123.333,ASN-154
-59.3757,140.896,ARG-155
-156.596,172.098,ARG-156
-77.4355,163.577,PRO-157
-147.263,136.596,ILE-158
-110.112,130.845,LEU-159
-97.2112,155.572,THR-160
-127.14,117.199,ILE-161
-112.265,144.153,ILE-162
-146.51,156.202,THR-163
-116.311,125.088,LEU-164
-137.144,128.609,GLU-165
-51.3162,157.793,ASP-166
-44.0731,-30.9852,SER-167
-96.77,11.9515,SER-168
90.5022,-33.4838,GLY-169
-26.3211,126.231,ASN-170
-76.2874,139.021,LEU-171
-116.119,-2.61268,LEU-172
155.004,165.51,GLY-173
-145.424,145.014,ARG-174
-150.073,134.318,ASN-175
-127.982,148.232,SER-176
-146.07,145.779,PHE-177
-68.821,144.206,GLU-178
-120.987,145.598,VAL-179
-142.844,100.784,ARG-180
-63.9852,118.951,VAL-181
-104.272,177.302,CYS-182
-96.7907,-50.3763,ALA-183
-121.617,71.7659,CYS-184
-59.3963,-25.7565,PRO-185
-70.4527,-37.3952,GLY-186
-58.291,-66.0618,ARG-187
-53.2543,-36.7153,ASP-188
-50.2871,-67.8941,ARG-189
-47.7039,-39.6742,ARG-190
-68.4299,-24.9942,THR-191
-88.2901,-45.4131,GLU-192
-70.6758,-30.846,GLU-193
-67.9834,-12.6983,GLU-194
-80.3486,-15.2363,ASN-195
-72.0271,141.637,LEU-196
-75.9235,-33.5531,ARG-197
-66.298,145.75,LYS-198
-67.2841,154.868,LYS-199
-125.221,-170.513,GLY-200
-66.5375,126.559,GLU-201
-72.6252,136.802,PRO-202
-110.666,-178.58,HIS-203
-74.2735,119.06,HIS-204
-75.6277,-16.8999,GLU-205
-72.3358,-57.3138,LEU-206
-62.6159,151.464,PRO-207
-83.1314,-177.451,PRO-208
-95.5267,-165.695,GLY-209
-114.037,-133.325,SER-210
-107.462,166.79,THR-211
-108.959,129.311,LYS-212
73.96,169.061,ARG-213
-93.1781,161.022,ALA-214
-64.8688,-37.9565,LEU-215
-48.4913,150.205,PRO-216
-114.613,21.2095,ASN-217
-54.2376,117.056,ASN-218
-86.553,167.661,SER-2
-141.404,165.494,SER-3
-75.3612,136.328,VAL-4
-50.8886,152.688,PRO-5
-99.8966,153.901,SER-6
-110.955,-32.9838,GLN-7
-52.3195,122.109,LYS-8
-56.7439,144.437,THR-9
-168.87,145.133,TYR-10
-74.4109,-34.125,GLN-11
85.7773,-152.646,GLY-12
-66.9169,-30.12,SER-13
-131.591,-5.45879,TYR-14
111.382,6.89352,GLY-15
-36.9084,124.649,PHE-16
-159.581,167.181,ARG-17
-114.674,151.885,LEU-18
-108.852,116.873,GLY-19
-92.0211,173.714,PHE-20
-75.831,152.809,LEU-21
-110.209,50.4308,HIS-22
-105.459,-30.8781,SER-23
75.0514,-145.299,GLY-24
-120.979,0.135626,THR-25
-61.7146,170.484,ALA-26
-67.7934,-30.0459,LYS-27
-53.9291,-18.996,SER-28
-56.5773,137.774,VAL-29
-111.904,-38.2542,THR-30
-150.507,143.697,CYS-31
-144.263,155.299,THR-32
-129.571,144.487,TYR-33
-115.835,101.828,SER-34
-58.7169,-29.3664,PRO-35
-72.9307,-46.0318,ALA-36
-89.0111,-11.43,LEU-37
50.4967,40.5064,ASN-38
-117.911,131.435,LYS-39
-96.2114,145.338,MET-40
-121.106,115.324,PHE-41
-114.211,148.103,CYS-42
-77.4908,133.905,GLN-43
-55.4151,139.229,LEU-44
72.3067,-27.2881,ALA-45
-63.8638,151.679,LYS-46
-74.8658,136.814,THR-47
-135.191,106.324,CYS-48
-79.1319,144.515,PRO-49
-121.651,144.223,VAL-50
-107.679,143.52,GLN-51
-127.556,141.299,LEU-52
-131.711,149.209,TRP-53
-138.01,146.71,VAL-54
-94.7104,13.6922,ASP-55
-171.377,-171.923,SER-56
-96.7826,114.855,THR-57
-65.4641,155.216,PRO-58
-63.8735,159.464,PRO-59
-80.3294,135.548,PRO-60
90.1667,25.0339,GLY-61
-80.3592,135.998,THR-62
-114.655,151.068,ARG-63
-98.2896,134.251,VAL-64
-112.073,150.565,ARG-65
-123.859,130.489,ALA-66
-136.068,169.755,MET-67
-148.822,131.292,ALA-68
-114.311,153.187,ILE-69
-123.05,105.166,TYR-70
-86.9492,139.39,LYS-71
-131.487,158.374,GLN-72
-66.1345,-13.8817,SER-73
-125.545,4.72257,GLN-74
-148.372,118.814,HIS-75
-103.135,-32.5326,MET-76
-88.7356,9.62658,THR-77
-95.911,161.237,GLU-78
-108.889,153.04,VAL-79
-68.1262,99.6578,VAL-80
-103.628,155.389,ARG-81
-58.8421,163.487,ARG-82
-29.0561,147.748,CYS-83
-71.8583,-36.9123,PRO-84
-72.7913,-0.00422395,HIS-85
-128.675,4.08347,HIS-86
-95.6002,10.0624,GLU-87
-145.809,-26.8378,ARG-88
-66.6236,153.485,CYS-89
-54.2587,-22.292,SER-90
-55.4095,-8.61561,ASP-91
-137.665,-14.8785,SER-92
-77.3298,142.996,ASP-93
179.938,-117.563,GLY-94
-64.7558,-49.3746,LEU-95
-79.2027,137.868,ALA-96
-68.3049,155.942,PRO-97
-73.4869,-11.2791,PRO-98
-69.7202,-30.7011,GLN-99
-75.6586,123.985,HIS-100
-82.6964,-41.0526,LEU-101
-79.4358,127.748,ILE-102
-152.927,141.989,ARG-103
-143.073,145.007,VAL-104
-144.515,174.903,GLU-105
86.0667,-58.5659,GLY-106
-65.9415,124.678,ASN-107
-68.9855,-39.5822,LEU-108
-71.8341,4.26148,ARG-109
-48.233,123.131,VAL-110
-147.522,170.281,GLU-111
-106.921,139.136,TYR-112
-150.463,155.064,LEU-113
-71.8507,119.486,ASP-114
-49.1072,125.406,ASP-115
-65.3982,-16.57,ARG-116
-119.688,-15.0273,ASN-117
-119.574,-8.70651,THR-118
64.6946,8.10008,PHE-119
-74.9811,124.64,ARG-120
-82.4545,121.375,HIS-121
-160.113,160.773,SER-122
-73.2549,131.952,VAL-123
-139.026,146.053,VAL-124
-132.798,161.517,VAL-125
-70.6571,146.897,PRO-126
-68.8786,105.701,TYR-127
-88.6393,159.924,GLU-128
-65.6934,159.691,PRO-129
-47.4562,138.658,PRO-130
-90.5702,155.608,GLU-131
-38.9845,133.112,VAL-132
72.2213,-18.2826,GLY-133
-79.713,145.602,SER-134
-87.7798,-21.5856,ASP-135
-137.25,167.62,CYS-136
-50.9467,125.169,THR-137
-113.668,138.399,THR-138
-116.087,131.967,ILE-139
-97.0331,124.17,HIS-140
-110.886,166.189,TYR-141
-158.885,139.195,ASN-142
-139.56,129.513,TYR-143
-119.919,123.05,MET-144
-168.249,172.093,CYS-145
-122.573,159.009,ASN-146
-127.554,-16.6169,SER-147
-108.936,-23.2113,SER-148
-57.4543,161.822,CYS-149
-86.7445,-28.2117,MET-150
85.3542,-157.952,GLY-151
-85.2982,-141.219,GLY-152
-62.4982,-30.2572,ILE-153
-163.286,145.195,ASN-154
-63.1276,115.939,ARG-155
-131.143,155.007,ARG-156
-71.9545,144.631,PRO-157
-160.883,119.184,ILE-158
-98.731,144.891,LEU-159
-93.3485,143.434,THR-160
-116.198,115.118,ILE-161
-106.403,135.806,ILE-162
-141.838,144.558,THR-163
-104.568,130.395,LEU-164
-138.777,134.704,GLU-165
-87.8793,175.054,ASP-166
-63.3315,-27.2326,SER-167
-77.0816,-4.98033,SER-168
80.0678,9.1566,GLY-169
-77.7738,124.65,ASN-170
-70.3706,119.863,LEU-171
-104.615,6.24977,LEU-172
149.457,152.454,GLY-173
-133.77,146.287,ARG-174
-137.382,123.618,ASN-175
-138.994,145.365,SER-176
-151.093,149.178,PHE-177
-61.5381,136.013,GLU-178
-121.24,158.977,VAL-179
-147.098,136.742,ARG-180
-115.842,124.265,VAL-181
-138.005,170.126,CYS-182
-85.8744,-51.7468,ALA-183
-118.972,79.443,CYS-184
-64.3501,-22.3996,PRO-185
-83.5959,-26.4649,GLY-186
-78.6795,-48.3861,ARG-187
-52.7592,-30.7067,ASP-188
-67.087,-58.4967,ARG-189
-44.1,-51.5491,ARG-190
-55.9737,-40.2115,THR-191
-85.9342,-18.0258,GLU-192
-85.0433,-33.1487,GLU-193
-65.279,-24.0628,GLU-194
-60.7561,-25.9349,ASN-195
-78.8978,148.365,LEU-196
-76.2352,-29.6233,ARG-197
-70.7907,162.547,LYS-198
-81.0125,151.781,LYS-199
-141.7,-168.112,GLY-200
-65.6388,126.975,GLU-201
-75.5322,-168.933,PRO-202
-176.329,-179.815,HIS-203
-59.4804,108.984,HIS-204
-85.2934,-26.9334,GLU-205
-63.3853,-46.3981,LEU-206
-72.2204,151.949,PRO-207
-72.1897,-164.275,PRO-208
-112.774,-113.577,GLY-209
-172.29,-154.557,SER-210
-96.1351,172.29,THR-211
-123.158,133.298,LYS-212
84.8263,143.804,ARG-213
-59.4824,171.025,ALA-214
-80.5047,-50.2936,LEU-215
-45.0269,133.862,PRO-216
-80.492,16.4132,ASN-217
-48.5373,121.697,ASN-218
-99.4477,-156.957,SER-2
-177.054,150.592,SER-3
-78.5713,134.576,VAL-4
-59.3999,141.421,PRO-5
-79.3861,144.729,SER-6
-110.411,-32.1012,GLN-7
-34.1506,129.121,LYS-8
-67.4173,143.291,THR-9
-152.72,153.795,TYR-10
-65.3317,-60.0068,GLN-11
81.3687,-146.455,GLY-12
-77.1854,-13.8177,SER-13
-133.406,-7.7824,TYR-14
96.9052,12.0763,GLY-15
-38.9551,136.546,PHE-16
-160.847,171.023,ARG-17
-90.3253,151.698,LEU-18
-107.715,156.879,GLY-19
-128.06,179.619,PHE-20
-75.3066,166.532,LEU-21
-128.72,21.3688,HIS-22
-92.1784,3.22242,SER-23
64.4439,-125.953,GLY-24
-143.642,-11.6954,THR-25
-60.8496,159.122,ALA-26
-44.9989,-38.8406,LYS-27
-77.0937,-11.8143,SER-28
-68.1467,117.692,VAL-29
-80.7103,-30.4396,THR-30
-158.689,136.147,CYS-31
-152.904,168.195,THR-32
-146.335,138.479,TYR-33
-102.23,100.009,SER-34
-52.3583,-31.6241,PRO-35
-88.3322,4.61511,ALA-36
-125.269,-8.18715,LEU-37
45.0497,40.9721,ASN-38
-129.654,129.547,LYS-39
-104.521,124.618,MET-40
-108.506,127.763,PHE-41
-151.055,135.437,CYS-42
-78.6541,134.663,GLN-43
-62.4272,146.388,LEU-44
56.8817,14.4517,ALA-45
-107.91,162.467,LYS-46
-60.9217,125.309,THR-47
-129.162,101.507,CYS-48
-89.2642,135.688,PRO-49
-129.376,154.522,VAL-50
-114.972,151.483,GLN-51
-137.972,133.058,LEU-52
-142.999,132.879,TRP-53
-132.913,130.952,VAL-54
-78.9137,-22.1497,ASP-55
-112.698,132.48,SER-56
-59.9469,122.057,THR-57
-85.5408,173.791,PRO-58
-95.3118,172.054,PRO-59
-64.4759,170.714,PRO-60
86.6646,-3.62931,GLY-61
-95.6005,129.111,THR-62
-133.79,160.478,ARG-63
-105.781,142.787,VAL-64
-124.561,144.695,ARG-65
-126.767,137.719,ALA-66
-148.313,168.653,MET-67
-172.522,125.636,ALA-68
-131.404,137.507,ILE-69
-105.866,119.379,TYR-70
-105.445,135.277,LYS-71
-126.493,166.755,GLN-72
-61.6072,-2.92012,SER-73
-146.715,18.3961,GLN-74
-169.435,146.498,HIS-75
-156.147,-4.10056,MET-76
-80.8418,40.0745,THR-77
-129.992,162.342,GLU-78
-130.922,140.658,VAL-79
-62.6893,113.196,VAL-80
-132.618,155.437,ARG-81
-56.7392,150.262,ARG-82
-44.1858,154.39,CYS-83
-48.2082,-37.7835,PRO-84
-86.4532,-9.4656,HIS-85
-121.157,-13.1929,HIS-86
-75.1646,-5.8631,GLU-87
-135.507,-7.8487,ARG-88
-67.3501,156.954,CYS-89
-77.0686,-12.3787,SER-90
-55.2198,-35.0906,ASP-91
-97.3485,-11.9264,SER-92
-82.4474,156.477,ASP-93
152.025,-155.094,GLY-94
-51.2741,-44.1283,LEU-95
-77.9262,149.306,ALA-96
-55.5042,148.501,PRO-97
-61.0033,-12.2928,PRO-98
-83.6296,-18.1119,GLN-99
-88.1269,119.57,HIS-100
-68.8549,-43.944,LEU-101
-81.5115,119.72,ILE-102
-149.288,153.683,ARG-103
-124.513,153.212,VAL-104
-138.263,-176.138,GLU-105
75.3233,-46.4781,GLY-106
-82.9698,127.796,ASN-107
-72.3988,-26.2213,LEU-108
-72.7873,-1.11106,ARG-109
-56.3934,141.223,VAL-110
-169.884,-174.806,GLU-111
-128.815,149.613,TYR-112
-156.256,154.375,LEU-113
-69.6227,142.353,ASP-114
-56.6483,142.508,ASP-115
-72.4124,-25.7933,ARG-116
-114.299,-53.2191,ASN-117
-81.5334,-2.97693,THR-118
63.7424,12.4381,PHE-119
-78.577,95.6745,ARG-120
-59.1085,114.256,HIS-121
-150.644,151.025,SER-122
-68.2217,136.918,VAL-123
-113.512,129.676,VAL-124
-130.138,145.813,VAL-125
-65.4993,139.014,PRO-126
-75.2907,150.761,TYR-127
-147.653,173.492,GLU-128
-88.2978,170.475,PRO-129
-51.9799,149.68,PRO-130
-84.0572,151.487,GLU-131
-60.376,135.614,VAL-132
73.1553,-2.56194,GLY-133
-83.9262,146.79,SER-134
-70.207,-47.3101,ASP-135
-144.805,172.388,CYS-136
-54.4313,134.262,THR-137
-120.677,142.452,THR-138
-126.264,132.316,ILE-139
-105.211,97.4943,HIS-140
-73.621,174.578,TYR-141
-160.352,156.201,ASN-142
-146.779,144.957,TYR-143
-142.008,141.888,MET-144
174.105,127.199,CYS-145
-56.7002,154.089,ASN-146
-129.105,-20.1587,SER-147
-80.7804,-20.1216,SER-148
-88.7262,-178.775,CYS-149
-90.3418,-50.6259,MET-150
81.496,-150.884,GLY-151
-82.8619,-127.406,GLY-152
-77.6659,-25.4241,ILE-153
-165.178,139.321,ASN-154
-68.9535,132.294,ARG-155
-139.447,147.917,ARG-156
-78.7214,154.87,PRO-157
-137.623,127.515,ILE-158
-84.0757,160.8,LEU-159
-132.72,138.796,THR-160
-120.682,113.237,ILE-161
-106.875,132.181,ILE-162
-126.487,150.942,THR-163
-96.6927,142.652,LEU-164
-153.222,146.615,GLU-165
-60.5917,165.168,ASP-166
-49.2353,-29.629,SER-167
-87.8532,-4.29107,SER-168
77.6535,10.3384,GLY-169
-62.647,128.519,ASN-170
-74.2849,128.951,LEU-171
-107.817,-26.2255,LEU-172
-177.297,150.267,GLY-173
-140.034,146.003,ARG-174
-163.66,134.993,ASN-175
-141.245,161.958,SER-176
-161.599,156.839,PHE-177
-79.6607,127.617,GLU-178
-97.6935,141.143,VAL-179
-147.289,107.424,ARG-180
-62.7092,127.597,VAL-181
-136.907,159.186,CYS-182
-78.2236,-50.7841,ALA-183
-114.689,62.029,CYS-184
-60.7704,-18.3263,PRO-185
-87.057,-46.9237,GLY-186
-60.4664,-42.6497,ARG-187
-58.8203,-53.3098,ASP-188
-52.1032,-49.232,ARG-189
-51.6487,-41.7272,ARG-190
-63.0492,-37.0487,THR-191
-98.5954,-9.10522,GLU-192
-97.1701,-29.8857,GLU-193
-46.2194,-24.8697,GLU-194
-71.4103,-27.7668,ASN-195
-81.8535,156.266,LEU-196
-64.2586,-42.8563,ARG-197
-54.6814,145.186,LYS-198
-59.7671,126.627,LYS-199
-103.967,-156.447,GLY-200
-83.8989,137.131,GLU-201
-75.0567,172.133,PRO-202
-151.186,174.805,HIS-203
-49.756,115.977,HIS-204
-83.9772,-19.295,GLU-205
-73.9938,-61.4712,LEU-206
-73.419,162.893,PRO-207
-83.5205,179.998,PRO-208
-85.0266,-137.301,GLY-209
-152.047,-138.771,SER-210
-126.103,164.431,THR-211
-101.805,152.095,LYS-212
68.4221,166.26,ARG-213
-58.9485,155.609,ALA-214
-67.9512,-44.4432,LEU-215
-48.297,140.829,PRO-216
-77.2029,20.4783,ASN-217
-57.3025,114.961,ASN-218
-84.4873,-161.114,SER-2
178.842,160.03,SER-3
-68.2162,133.317,VAL-4
-53.3802,142.064,PRO-5
-77.1102,133.868,SER-6
-90.3179,-42.7013,GLN-7
-58.6781,120.055,LYS-8
-56.5518,147.255,THR-9
-156.533,150.094,TYR-10
-69.7575,-41.0435,GLN-11
73.9782,-175.145,GLY-12
-71.5523,-14.7912,SER-13
-108.696,3.06554,TYR-14
56.3322,57.2797,GLY-15
-72.3108,125.726,PHE-16
-138.073,-178.858,ARG-17
-118.059,150.853,LEU-18
-106.417,116.807,GLY-19
-102.218,158.064,PHE-20
-63.2745,162.958,LEU-21
-129.763,31.9546,HIS-22
-72.9587,-35.1521,SER-23
91.4783,-124.301,GLY-24
-139.079,-7.68851,THR-25
-65.8652,156.556,ALA-26
-55.1326,-11.2315,LYS-27
-90.8623,-28.0204,SER-28
-46.1815,124.699,VAL-29
-100.711,-23.3338,THR-30
-156.534,148.233,CYS-31
-152.809,166.396,THR-32
-155.926,146.754,TYR-33
-131.802,92.8954,SER-34
-60.7655,-29.6751,PRO-35
-61.5557,-27.9648,ALA-36
-99.3792,-21.5012,LEU-37
51.5598,62.5938,ASN-38
-151.935,135.943,LYS-39
-111.229,146.264,MET-40
-134.069,117.745,PHE-41
-128.34,145.783,CYS-42
-78.7127,141.948,GLN-43
-62.0477,142.625,LEU-44
69.9078,-36.1722,ALA-45
-62.7829,160.269,LYS-46
-53.9124,120.918,THR-47
-123.316,93.82,CYS-48
-59.4456,139.232,PRO-49
-150.008,139.663,VAL-50
-106.247,137.957,GLN-51
-117.085,162.161,LEU-52
-174.665,131.627,TRP-53
-116.912,127.897,VAL-54
-64.9987,-25.54,ASP-55
-109.283,167.379,SER-56
-74.0498,123.4,THR-57
-68.6813,164.142,PRO-58
-65.7955,143.406,PRO-59
-53.9192,128.367,PRO-60
98.4082,5.5243,GLY-61
-64.9561,139.601,THR-62
-116.65,160.773,ARG-63
-109.401,133.631,VAL-64
-135.942,152.987,ARG-65
-134.556,156.302,ALA-66
-153.702,177.601,MET-67
-165.483,135.443,ALA-68
-113.31,138.497,ILE-69
-108.411,122.731,TYR-70
-100.524,137.268,LYS-71
-141.557,151.198,GLN-72
-56.7355,-16.1232,SER-73
-119.027,-7.79268,GLN-74
-147.287,145.987,HIS-75
-135.32,-9.04167,MET-76
-80.1968,-17.0131,THR-77
-58.0383,153.759,GLU-78
-120.53,162.726,VAL-79
-70.3175,130.896,VAL-80
-145.009,154.351,ARG-81
-57.2747,153.692,ARG-82
-59.7,164.49,CYS-83
-48.8965,-40.0008,PRO-84
-74.8389,-22.0362,HIS-85
-114.185,-6.72192,HIS-86
-76.5373,9.35751,GLU-87
-147.854,-34.5616,ARG-88
-69.2699,162.277,CYS-89
-72.3462,-6.00799,SER-90
-82.1782,-16.8173,ASP-91
-100.203,-22.8067,SER-92
-69.9161,148.866,ASP-93
-179.223,-131.192,GLY-94
-57.8062,-34.2159,LEU-95
-92.7174,153.052,ALA-96
-51.0948,137.749,PRO-97
-73.9232,-9.6241,PRO-98
-74.1039,-28.2212,GLN-99
-65.3993,125.07,HIS-100
-69.7394,-46.6244,LEU-101
-80.3219,132.121,ILE-102
-138.916,162.03,ARG-103
-133.446,137.895,VAL-104
-138.017,-163.411,GLU-105
76.2968,-50.8528,GLY-106
-87.2411,147.014,ASN-107
-87.7638,-29.5866,LEU-108
-76.2347,52.0173,ARG-109
-110.041,140.56,VAL-110
-161.053,155.509,GLU-111
-101.894,151.893,TYR-112
-161.648,167.157,LEU-113
-87.8903,175.498,ASP-114
-129.361,131.216,ASP-115
-66.3904,-14.8174,ARG-116
-108.666,-48.3426,ASN-117
-112.651,-5.4729,THR-118
60.6704,-10.2242,PHE-119
-49.732,116.875,ARG-120
-57.5463,118.311,HIS-121
-145.008,155.367,SER-122
-74.2527,142.56,VAL-123
-128.049,131.475,VAL-124
-118.396,156.1,VAL-125
-66.6198,156.85,PRO-126
-79.9215,145.648,TYR-127
-151.332,169.229,GLU-128
-63.4169,143.269,PRO-129
-53.9674,172.188,PRO-130
-104.78,163.837,GLU-131
-56.6015,118.649,VAL-132
94.6087,-20.4203,GLY-133
-67.6872,157.163,SER-134
-69.2429,-51.806,ASP-135
-157.592,161.942,CYS-136
-62.988,111.534,THR-137
-85.9398,127.031,THR-138
-112.74,136.15,ILE-139
-98.9987,117.931,HIS-140
-102.805,-174.879,TYR-141
-164.006,164.487,ASN-142
-163.286,160.989,TYR-143
-163.829,138.165,MET-144
174.624,143.507,CYS-145
-64.9254,163.832,ASN-146
-134.988,-32.8005,SER-147
-69.6797,-35.601,SER-148
-84.5443,171.156,CYS-149
-60.011,-58.2804,MET-150
80.6865,-147.385,GLY-151
-73.5523,-162.659,GLY-152
-60.0387,-20.6007,ILE-153
-148.985,145.487,ASN-154
-77.2966,131.151,ARG-155
-139.253,142.32,ARG-156
-71.4878,148.485,PRO-157
-136.394,138.182,ILE-158
-99.6992,138.615,LEU-159
-102.135,158.595,THR-160
-125.224,114.022,ILE-161
-99.0968,136.081,ILE-162
-130.985,162.285,THR-163
-119.39,133.433,LEU-164
-141.721,147.22,GLU-165
-65.259,170.156,ASP-166
-75.7013,-22.33,SER-167
-84.5672,-20.7072,SER-168
100.251,8.69703,GLY-169
-49.7167,130.105,ASN-170
-77.9427,98.0092,LEU-171
-69.1375,-20.2852,LEU-172
169.272,177.756,GLY-173
-165.356,132.591,ARG-174
-137.396,131.868,ASN-175
-131.404,147.71,SER-176
-160.932,155.853,PHE-177
-78.7355,142.565,GLU-178
-108.629,148.618,VAL-179
-162.021,123.944,ARG-180
-91.992,145.286,VAL-181
-133.017,157.03,CYS-182
-78.7033,-51.6148,ALA-183
-117.129,99.8127,CYS-184
-77.2929,-34.085,PRO-185
-55.2174,-37.8505,GLY-186
-78.9084,-51.8066,ARG-187
-53.2433,-48.9321,ASP-188
-49.0119,-56.3707,ARG-189
-50.3047,-52.4386,ARG-190
-52.1538,-39.5926,THR-191
-91.2106,-23.8625,GLU-192
-92.2113,-32.6253,GLU-193
-58.406,-34.6035,GLU-194
-58.8338,-7.0112,ASN-195
-63.3163,166.074,LEU-196
-88.3533,-38.7162,ARG-197
-66.4167,163.833,LYS-198
-82.3982,167.312,LYS-199
-125.441,-173.224,GLY-200
-64.5879,132.117,GLU-201
-62.9132,156.162,PRO-202
-158.347,162.713,HIS-203
-61.4419,134.292,HIS-204
-64.0634,-56.9806,GLU-205
-69.1337,-44.5694,LEU-206
-72.3779,160.459,PRO-207
-65.9652,152.648,PRO-208
-72.471,-121.629,GLY-209
-164.202,-139.98,SER-210
-110.627,172.691,THR-211
-117.541,133.499,LYS-212
92.5572,153.06,ARG-213
-59.1508,156.45,ALA-214
-65.8701,-39.611,LEU-215
-63.8003,168.11,PRO-216
-94.6054,29.961,ASN-217
-60.3984,105.303,ASN-218
178.58,176.002,SER-2
-173.185,177.617,SER-3
-79.9837,141.297,VAL-4
-62.6848,151.088,PRO-5
-86.9037,135.082,SER-6
-87.9747,-27.7399,GLN-7
-73.9585,128.029,LYS-8
-54.8868,135.329,THR-9
-157.36,155.435,TYR-10
-97.8286,-47.0548,GLN-11
80.7283,-168.217,GLY-12
-47.883,-45.497,SER-13
-92.9974,13.2916,TYR-14
62.4568,36.15,GLY-15
-69.5184,137.695,PHE-16
-160.193,174.508,ARG-17
-109.708,145.519,LEU-18
-110.938,108.424,GLY-19
-83.6048,169.227,PHE-20
-83.1249,164.965,LEU-21
-121.598,31.6252,HIS-22
-67.1816,-35.4185,SER-23
78.448,-139.093,GLY-24
-127.467,-18.1205,THR-25
-70.4842,166.752,ALA-26
-58.5747,-41.9813,LYS-27
-67.743,-15.1382,SER-28
-55.0837,131.021,VAL-29
-106.667,-27.1683,THR-30
-159.363,132.038,CYS-31
-154.615,153.215,THR-32
-146.661,123.353,TYR-33
-91.817,99.9008,SER-34
-67.1551,-30.4545,PRO-35
-84.0261,-11.9754,ALA-36
-100.613,-12.6261,LEU-37
43.8188,66.4699,ASN-38
-135.776,147.183,LYS-39
-128.819,158.228,MET-40
-144.317,98.0237,PHE-41
-105.645,166.595,CYS-42
-95.2845,135.412,GLN-43
-61.5334,133.87,LEU-44
61.7586,37.6809,ALA-45
-135.299,171.959,LYS-46
-56.7585,146.547,THR-47
-139.19,108.561,CYS-48
-77.1169,122.992,PRO-49
-115.273,140.931,VAL-50
-110.259,162.331,GLN-51
-139.775,151.19,LEU-52
-141.098,152.649,TRP-53
-133.69,136.317,VAL-54
-62.4585,-23.7891,ASP-55
-158.384,155.303,SER-56
-60.9648,121.961,THR-57
-74.9281,175.495,PRO-58
-49.1052,145.032,PRO-59
-63.1049,134.039,PRO-60
80.0153,27.9758,GLY-61
-70.6033,142.551,THR-62
-117.995,162.224,ARG-63
-109.147,146.196,VAL-64
-126.72,141.68,ARG-65
-114.81,148.677,ALA-66
-152.213,159.382,MET-67
-162.313,127.761,ALA-68
-114.6,146.195,ILE-69
-108.557,113.202,TYR-70
-96.5227,147.077,LYS-71
-134.867,-172.188,GLN-72
-73.5895,-16.7697,SER-73
-147.596,41.9524,GLN-74
-150.916,140.316,HIS-75
-165.186,10.4506,MET-76
-78.0351,-22.1549,THR-77
-69.3069,163.509,GLU-78
-142.558,153.182,VAL-79
-63.641,122.05,VAL-80
-130.841,158.361,ARG-81
-72.8623,163.4,ARG-82
-46.328,155.361,CYS-83
-67.3501,-55.0499,PRO-84
-63.9645,-6.07485,HIS-85
-110.231,-12.4422,HIS-86
-71.4937,-6.97309,GLU-87
-134.088,-16.4985,ARG-88
-80.6744,156.075,CYS-89
-63.5926,-22.8022,SER-90
-71.1073,-4.50473,ASP-91
-113.251,-32.029,SER-92
-57.6103,157.849,ASP-93
149.668,-139.306,GLY-94
-65.3981,-58.5703,LEU-95
-65.0535,147.452,ALA-96
-76.2651,146.661,PRO-97
-68.1002,-20.1717,PRO-98
-70.3432,-28.5902,GLN-99
-80.4778,123.713,HIS-100
-73.1259,-55.8518,LEU-101
-76.1887,129.415,ILE-102
-152.518,159.978,ARG-103
-146.352,149.037,VAL-104
-152.738,-156.123,GLU-105
63.7613,-5.96555,GLY-106
-148.849,148.206,ASN-107
-59.1154,-38.5488,LEU-108
-83.7924,80.1829,ARG-109
-151.875,142.83,VAL-110
-178.424,169.57,GLU-111
-100.673,156.217,TYR-112
-157.521,163.038,LEU-113
-64.6988,139.181,ASP-114
-69.8992,139.143,ASP-115
-83.891,14.4516,ARG-116
-144.571,-30.5271,ASN-117
-134.851,-12.462,THR-118
78.241,3.67028,PHE-119
-66.9358,118.193,ARG-120
-52.6317,124.73,HIS-121
-159.307,158.275,SER-122
-79.6548,141.137,VAL-123
-149.127,133.14,VAL-124
-138.845,152.593,VAL-125
-58.7879,130.165,PRO-126
-74.9319,127.186,TYR-127
-110.303,162.019,GLU-128
-82.349,159.962,PRO-129
-60.6982,143.806,PRO-130
-71.0961,164.582,GLU-131
-53.5015,104.581,VAL-132
94.6052,-10.7522,GLY-133
-76.054,162.817,SER-134
-84.7442,-42.7064,ASP-135
-137.214,171.271,CYS-136
-65.3293,131.527,THR-137
-97.6654,124.006,THR-138
-116.317,150.135,ILE-139
-116.549,112.874,HIS-140
-108.397,161.306,TYR-141
-146.552,170.312,ASN-142
-152.872,140.454,TYR-143
-150.879,113.679,MET-144
-159.146,154.385,CYS-145
-69.047,165.668,ASN-146
-115.373,-48.0891,SER-147
-76.7452,-13.8649,SER-148
-56.2877,171.093,CYS-149
-87.8271,-43.8764,MET-150
72.5933,-154.969,GLY-151
-80.8859,-133.691,GLY-152
-71.1406,-25.9231,ILE-153
-166.722,139.534,ASN-154
-79.4389,92.9483,ARG-155
-102.135,157.667,ARG-156
-73.1779,164.818,PRO-157
-145.381,145.908,ILE-158
-99.7293,146.403,LEU-159
-110.683,159.445,THR-160
-140.522,111.094,ILE-161
-119.284,130.432,ILE-162
-145.917,157.809,THR-163
-129.338,126.016,LEU-164
-147.404,137.14,GLU-165
-60.6939,158.086,ASP-166
-48.2893,-50.8399,SER-167
-83.1104,31.1935,SER-168
87.1926,-2.29867,GLY-169
-70.2189,137.801,ASN-170
-83.8472,107.199,LEU-171
-80.8341,-40.6597,LEU-172
-165.925,171.899,GLY-173
-154.74,145.37,ARG-174
-141.309,149.129,ASN-175
-151.909,140.331,SER-176
-148.298,157.98,PHE-177
-86.1772,134.933,GLU-178
-98.2406,152.036,VAL-179
-151.438,108.256,ARG-180
-89.1413,129.837,VAL-181
-133.321,143.812,CYS-182
-77.1437,-30.4292,ALA-183
-134.695,83.6665,CYS-184
-65.1039,-19.031,PRO-185
-80.9769,-49.0821,GLY-186
-56.283,-35.4492,ARG-187
-68.8543,-38.7816,ASP-188
-47.6821,-62.464,ARG-189
-57.5045,-49.4481,ARG-190
-39.7949,-43.8838,THR-191
-98.6962,-28.677,GLU-192
-72.4866,-18.9225,GLU-193
-86.7016,-1.57519,GLU-194
-88.6004,-18.4452,ASN-195
-59.3729,162.327,LEU-196
-82.894,-27.7351,ARG-197
-74.3193,157.861,LYS-198
-61.807,166.662,LYS-199
-166.397,177.202,GLY-200
-69.8692,136.08,GLU-201
-68.2843,165.581,PRO-202
-158.126,165.806,HIS-203
-54.7193,106.001,HIS-204
-77.791,-12.2823,GLU-205
-77.7499,-54.0887,LEU-206
-67.9046,151.229,PRO-207
-53.8083,176.25,PRO-208
-88.7835,-168.613,GLY-209
-111.528,-137.507,SER-210
-122.584,148.301,THR-211
-82.6442,142.397,LYS-212
66.7173,170.152,ARG-213
-79.8937,154.679,ALA-214
-45.9728,-47.4035,LEU-215
-65.5321,158.478,PRO-216
-95.6561,7.23138,ASN-217
-51.7379,129.005,ASN-218
-171.872,175.235,SER-2
169.459,172.234,SER-3
-88.9152,127.321,VAL-4
-55.6263,154.407,PRO-5
-100.224,133.602,SER-6
-107.045,-5.83055,GLN-7
-72.53,136.776,LYS-8
-82.8435,127.786,THR-9
-143.834,127.48,TYR-10
-83.7401,-32.7667,GLN-11
79.5334,-163.214,GLY-12
-73.5333,-36.2043,SER-13
-74.1228,-34.0043,TYR-14
87.4643,49.0424,GLY-15
-67.8493,136.514,PHE-16
-168.028,163.55,ARG-17
-87.3616,158.003,LEU-18
-111.96,99.1326,GLY-19
-64.1646,173.656,PHE-20
-91.5259,150.514,LEU-21
-130.997,40.4204,HIS-22
-73.9569,-36.5061,SER-23
87.2983,-139.892,GLY-24
-128.88,3.99494,THR-25
-73.0486,166.206,ALA-26
-63.7218,-10.7182,LYS-27
-85.3217,-6.35282,SER-28
-65.5119,130.213,VAL-29
-104.476,-36.1707,THR-30
-143.836,143.315,CYS-31
-155.249,145.647,THR-32
-138.003,137.354,TYR-33
-100.048,106.607,SER-34
-56.4198,-37.7473,PRO-35
-70.1132,-21.865,ALA-36
-99.0096,-16.2307,LEU-37
59.1236,33.9959,ASN-38
-121.045,132.254,LYS-39
-109.994,144.491,MET-40
-126.841,116.846,PHE-41
-129.007,153.25,CYS-42
-77.5289,148.08,GLN-43
-70.9375,134.196,LEU-44
85.1735,-21.9477,ALA-45
-66.1493,163.741,LYS-46
-83.5207,131.817,THR-47
-126.181,93.7111,CYS-48
-72.762,141.949,PRO-49
-136.994,136.157,VAL-50
-94.7432,148.912,GLN-51
-133.369,147.37,LEU-52
-145.935,156.255,TRP-53
-137.792,136.22,VAL-54
-60.1244,-38.5408,ASP-55
-127.946,135.262,SER-56
-83.1585,112.287,THR-57
-65.9174,146.166,PRO-58
-49.6161,157.887,PRO-59
-67.853,148.707,PRO-60
101.219,-26.5585,GLY-61
-46.2441,128.364,THR-62
-108.907,153.835,ARG-63
-84.4725,153.215,VAL-64
-129.702,140.099,ARG-65
-126.29,138.475,ALA-66
-146.878,177.601,MET-67
-149.897,115.402,ALA-68
-110.239,155.933,ILE-69
-128.701,112.841,TYR-70
-90.9501,144.241,LYS-71
-128.1,176.079,GLN-72
-71.0872,8.56658,SER-73
-156.505,-6.90802,GLN-74
-152.152,138.86,HIS-75
-134.349,-1.94048,MET-76
-98.0612,32.6539,THR-77
-117.88,162.632,GLU-78
-106.212,157.699,VAL-79
-82.0354,99.9704,VAL-80
-108.886,154.683,ARG-81
-44.298,153.213,ARG-82
-62.861,151.666,CYS-83
-43.9155,-40.6066,PRO-84
-83.8792,2.93843,HIS-85
-152.272,4.32286,HIS-86
-75.2005,7.61953,GLU-87
-150.286,-28.4654,ARG-88
-58.4294,167.567,CYS-89
-72.5276,-0.627066,SER-90
-78.6808,-21.9197,ASP-91
-112.596,-24.6852,SER-92
-76.2606,159.692,ASP-93
147.172,-144.328,GLY-94
-76.7955,-43.8545,LEU-95
-84.0975,162.519,ALA-96
-59.4601,138.55,PRO-97
-39.6218,-38.0605,PRO-98
-84.1811,-27.1127,GLN-99
-72.3409,116.58,HIS-100
-66.2262,-57.6861,LEU-101
-66.7421,117.564,ILE-102
-137.997,156.041,ARG-103
-127.656,150.918,VAL-104
-148.982,171.321,GLU-105
103.584,-83.1937,GLY-106
-53.9991,129.458,ASN-107
-54.5136,-39.0391,LEU-108
-79.9631,102.177,ARG-109
-154.565,131.72,VAL-110
-164.288,165.233,GLU-111
-100.656,143.03,TYR-112
-140.912,164.308,LEU-113
-64.1407,143.252,ASP-114
-67.9107,136.672,ASP-115
-84.5645,-8.12809,ARG-116
-109.844,-40.1263,ASN-117
-106.346,-7.05558,THR-118
64.7326,-3.96895,PHE-119
-58.4471,123.668,ARG-120
-85.0669,128.894,HIS-121
-169.525,145.082,SER-122
-53.5502,127.804,VAL-123
-124.777,142.434,VAL-124
-155.191,143.143,VAL-125
-42.9133,138.917,PRO-126
-88.305,142.088,TYR-127
-139.008,169.103,GLU-128
-71.0485,149.556,PRO-129
-59.3665,143.617,PRO-130
-62.8,157.919,GLU-131
-56.9678,131.977,VAL-132
81.7287,-17.9789,GLY-133
-96.6866,150.644,SER-134
-66.2771,-57.7057,ASP-135
-141.481,166.286,CYS-136
-58.9899,118.619,THR-137
-102.467,129.136,THR-138
-122.512,123.651,ILE-139
-93.5523,124.792,HIS-140
-101.177,173.644,TYR-141
-145.751,162.796,ASN-142
-151.673,149.971,TYR-143
-154.638,121.282,MET-144
-159.848,176.401,CYS-145
-103.62,146.576,ASN-146
-105.035,-31.8841,SER-147
-90.8088,-15.6298,SER-148
-73.9049,143.502,CYS-149
-67.0236,-35.5757,MET-150
100.974,178.223,GLY-151
-80.7879,-113.083,GLY-152
-81.1946,-3.31538,ILE-153
163.133,147.649,ASN-154
-52.0358,143.153,ARG-155
-164.142,152.767,ARG-156
-80.3662,160.737,PRO-157
-153.923,137.528,ILE-158
-121.859,148.459,LEU-159
-103.92,147.228,THR-160
-100.186,129.089,ILE-161
-105.52,125.794,ILE-162
-132.17,146.632,THR-163
-101.228,124.845,LEU-164
-132.656,140.826,GLU-165
-57.856,156.147,ASP-166
-42.3167,-31.9366,SER-167
-93.6386,7.71987,SER-168
83.7477,5.94148,GLY-169
-70.8903,120.173,ASN-170
-71.5674,119.615,LEU-171
-91.688,-41.6277,LEU-172
-154.425,176.331,GLY-173
-162.154,151.959,ARG-174
-159.428,110.793,ASN-175
-102.254,166.318,SER-176
-167.519,162.462,PHE-177
-89.8282,134.738,GLU-178
-119.99,150.664,VAL-179
-145.641,121.987,ARG-180
-79.4996,138.933,VAL-181
-135.049,151.799,CYS-182
-71.9177,-40.0198,ALA-183
-131.288,104.067,CYS-184
-70.9379,-20.3219,PRO-185
-76.975,-44.6659,GLY-186
-58.9072,-57.0265,ARG-187
-63.7324,-24.9309,ASP-188
-62.27,-58.9938,ARG-189
-59.7856,-38.803,ARG-190
-33.1842,-64.329,THR-191
-78.6846,-25.6825,GLU-192
-84.8956,-41.571,GLU-193
-56.9133,-4.18891,GLU-194
-73.7401,-31.685,ASN-195
-62.9887,173.992,LEU-196
-83.8507,-53.7417,ARG-197
-71.1551,145.977,LYS-198
-81.2402,147.629,LYS-199
-95.311,178.669,GLY-200
-49.1963,129.315,GLU-201
-70.4749,172.179,PRO-202
-162.094,156.845,HIS-203
-49.2206,138.747,HIS-204
-82.1236,-30.0137,GLU-205
-74.5653,-53.2451,LEU-206
-59.1822,148.564,PRO-207
-63.2727,170.118,PRO-208
-93.746,-137.442,GLY-209
-156.978,-175.422,SER-210
-74.121,141.201,THR-211
-70.9475,147.294,LYS-212
78.8876,155.36,ARG-213
-73.6469,165.58,ALA-214
-67.6858,-52.2637,LEU-215
-62.2761,139.039,PRO-216
-82.2159,16.4124,ASN-217
-56.1772,128.955,ASN-218
137.275,-173.657,SER-2
-172.064,157.073,SER-3
-82.0916,126.901,VAL-4
-65.2425,129.888,PRO-5
-65.7178,136.802,SER-6
-101.248,10.5863,GLN-7
-98.8218,125.693,LYS-8
-60.3586,149.665,THR-9
-172.135,126.304,TYR-10
-73.5242,-50.494,GLN-11
82.9929,-157.676,GLY-12
-67.8669,-33.4633,SER-13
-94.0958,-3.20342,TYR-14
77.9412,40.7105,GLY-15
-69.9279,139.179,PHE-16
-168.59,169.153,ARG-17
-104.83,152.422,LEU-18
-117.412,106.229,GLY-19
-86.9642,-173.124,PHE-20
-112.652,121.377,LEU-21
-91.4845,3.49,HIS-22
-56.2457,-25.2142,SER-23
88.3683,-113.339,GLY-24
-147.688,-18.5214,THR-25
-66.6011,-175.571,ALA-26
-76.812,-46.6649,LYS-27
-77.6638,12.0246,SER-28
-58.3629,107.658,VAL-29
-87.6673,-31.9794,THR-30
-159.374,158.259,CYS-31
-168.573,159.622,THR-32
-137.976,139.688,TYR-33
-96.9823,112.093,SER-34
-53.0769,-44.2733,PRO-35
-67.7265,-24.193,ALA-36
-102.221,-21.2125,LEU-37
67.6609,32.0258,ASN-38
-130.269,126.853,LYS-39
-103.427,134.968,MET-40
-110.923,123.11,PHE-41
-128.714,137.679,CYS-42
-77.9694,139.93,GLN-43
-74.7409,133.575,LEU-44
80.7023,-25.7123,ALA-45
-66.5297,162.332,LYS-46
-66.7154,113.873,THR-47
-112.048,87.2316,CYS-48
-65.011,141.707,PRO-49
-134.344,129.447,VAL-50
-99.6487,162.281,GLN-51
-133.752,170.996,LEU-52
-155.232,155.652,TRP-53
-145.445,156.418,VAL-54
-90.6731,-25.5379,ASP-55
-138.407,137.448,SER-56
-53.3093,112.222,THR-57
-69.0349,171.515,PRO-58
-60.7622,144.728,PRO-59
-49.3281,139.508,PRO-60
75.8372,-0.445293,GLY-61
-55.2295,146.613,THR-62
-124.081,165.001,ARG-63
-94.0716,122.625,VAL-64
-106.229,129.956,ARG-65
-118.036,138.431,ALA-66
-166.328,170.986,MET-67
-152.921,137.834,ALA-68
-124.557,157.723,ILE-69
-127.965,117.663,TYR-70
-108.174,143.122,LYS-71
-134.469,-172.015,GLN-72
-81.6431,-7.01547,SER-73
-139.501,31.8253,GLN-74
-153.336,135.017,HIS-75
-143.015,-20.2898,MET-76
-89.2973,48.512,THR-77
-138.524,158.413,GLU-78
-104.427,158.491,VAL-79
-74.4097,116.896,VAL-80
-127.735,158.942,ARG-81
-65.5191,159.847,ARG-82
-65.0549,151.231,CYS-83
-53.7114,-28.2132,PRO-84
-66.4722,-9.09621,HIS-85
-142.489,-3.04592,HIS-86
-85.4746,-23.1013,GLU-87
-150.637,85.5153,ARG-88
-159.462,173.87,CYS-89
-68.832,-22.4233,SER-90
-72.7381,-13.9486,ASP-91
-118.172,-10.1831,SER-92
-98.3359,142.388,ASP-93
149.078,-154.008,GLY-94
-48.9229,-39.3173,LEU-95
-93.3488,130.179,ALA-96
-55.549,146.164,PRO-97
-72.2651,-13.6198,PRO-98
-75.3288,-34.2145,GLN-99
-62.147,126.139,HIS-100
-79.7053,-44.6535,LEU-101
-82.6777,132.528,ILE-102
-146.801,156.044,ARG-103
-116.357,132.597,VAL-104
-130.274,-172.182,GLU-105
79.0385,15.249,GLY-106
-152.202,149.765,ASN-107
-69.4105,-26.0171,LEU-108
-92.7671,133.719,ARG-109
170.548,128.901,VAL-110
-171.164,150.286,GLU-111
-100.413,151.589,TYR-112
-150.313,155.581,LEU-113
-63.6997,148.149,ASP-114
-72.4457,140.497,ASP-115
-82.9265,1.4629,ARG-116
-133.219,-42.57,ASN-117
-91.1825,-11.8203,THR-118
64.848,-19.459,PHE-119
-50.7324,114.049,ARG-120
-79.3549,121.322,HIS-121
-153.849,164.613,SER-122
-64.261,144.081,VAL-123
-146.612,123.845,VAL-124
-126.285,143.317,VAL-125
-62.8934,152.42,PRO-126
-93.363,120.31,TYR-127
-126.266,167.839,GLU-128
-76.129,156.525,PRO-129
-49.9387,156.326,PRO-130
-90.0324,158.397,GLU-131
-61.833,127.473,VAL-132
61.5908,-4.58964,GLY-133
-62.936,153.433,SER-134
-71.8189,-36.0488,ASP-135
-154.276,173.941,CYS-136
-66.1867,132.251,THR-137
-118.732,131.915,THR-138
-119.19,141.556,ILE-139
-112.188,119.411,HIS-140
-106.531,-177.906,TYR-141
-164.812,150.196,ASN-142
-143.086,144.893,TYR-143
-135.46,130.703,MET-144
-161.987,174.738,CYS-145
-96.2547,150.791,ASN-146
-112.266,-22.3685,SER-147
-84.0221,-27.3694,SER-148
-74.1955,174.515,CYS-149
-90.7729,-30.595,MET-150
59.9169,-137.815,GLY-151
-92.189,-149.722,GLY-152
-58.3814,-32.7152,ILE-153
-156.406,151.923,ASN-154
-73.9047,138.625,ARG-155
-147.563,173.069,ARG-156
-80.5821,147.098,PRO-157
-134.911,136.742,ILE-158
-108.535,142.458,LEU-159
-92.4337,143.518,THR-160
-107.888,112.907,ILE-161
-107.029,134.147,ILE-162
-130.749,144.632,THR-163
-101.682,136.791,LEU-164
-142.374,150.955,GLU-165
-66.0342,166.681,ASP-166
-57.1984,-33.5438,SER-167
-80.3307,-7.6081,SER-168
86.653,9.03825,GLY-169
-70.4215,128.675,ASN-170
-56.2877,129.108,LEU-171
-108.445,-33.2875,LEU-172
179.407,163.708,GLY-173
-128.798,138.979,ARG-174
-137.829,112.809,ASN-175
-100.993,156.26,SER-176
-159.944,161.256,PHE-177
-89.5294,129.35,GLU-178
-117.167,135.7,VAL-179
-127.735,117.851,ARG-180
-85.9835,134.468,VAL-181
-138.767,138.846,CYS-182
-64.3041,-42.5449,ALA-183
-122.44,99.074,CYS-184
-83.3474,-11.4505,PRO-185
-84.7153,-43.4878,GLY-186
-54.5745,-51.6953,ARG-187
-61.0643,-51.2075,ASP-188
-39.2287,-55.3365,ARG-189
-59.2293,-48.0167,ARG-190
-49.6444,-33.0434,THR-191
-97.9234,-33.6259,GLU-192
-79.0359,-24.8264,GLU-193
-74.2785,-0.332268,GLU-194
-82.5658,-20.6619,ASN-195
-72.8896,150.593,LEU-196
-60.4187,-54.0369,ARG-197
-72.0926,150.761,LYS-198
-59.8092,149.604,LYS-199
-94.1698,165.929,GLY-200
-62.2677,143.303,GLU-201
-88.9899,148.382,PRO-202
-150.007,131.501,HIS-203
-55.634,129.129,HIS-204
-81.5958,-11.279,GLU-205
-70.7778,-45.2793,LEU-206
-78.7138,171.586,PRO-207
-73.2011,158.535,PRO-208
-93.3071,-134.569,GLY-209
-156.804,-164.354,SER-210
-116.329,169.566,THR-211
-104.76,143.406,LYS-212
65.0882,163.363,ARG-213
-81.0753,168.358,ALA-214
-68.7344,-42.9231,LEU-215
-69.6645,152.911,PRO-216
-86.3703,8.63534,ASN-217
-51.1972,120.514,ASN-218
-179.687,152.878,SER-2
-179.363,149.776,SER-3
-63.0301,122.402,VAL-4
-59.5476,136.056,PRO-5
-75.0395,146.169,SER-6
-114.887,-8.55989,GLN-7
-52.7901,126.824,LYS-8
-77.8406,143.059,THR-9
-155.813,148.9,TYR-10
-79.0163,-48.5093,GLN-11
66.427,-179.43,GLY-12
-66.4833,-12.6586,SER-13
-94.7056,-16.4135,TYR-14
92.1954,26.7528,GLY-15
-68.3418,134.406,PHE-16
-161.77,177.602,ARG-17
-105.091,152.232,LEU-18
-95.0528,177.833,GLY-19
-142.066,173.682,PHE-20
-69.1334,150.395,LEU-21
-113.956,17.6102,HIS-22
-78.7854,-2.98644,SER-23
70.2158,-130.841,GLY-24
-149.03,-11.742,THR-25
-34.3945,154.352,ALA-26
-56.8897,-8.83124,LYS-27
-83.8339,7.14522,SER-28
-78.6906,124.108,VAL-29
-83.1082,-36.4493,THR-30
-167.585,148.323,CYS-31
-151.328,153.551,THR-32
-139.664,129.443,TYR-33
-97.1958,109.223,SER-34
-53.9017,-37.841,PRO-35
-75.6368,7.29313,ALA-36
-144.335,-5.23299,LEU-37
30.0028,54.1353,ASN-38
-140.834,127.645,LYS-39
-98.1085,130.103,MET-40
-109.669,112.579,PHE-41
-126.097,135.276,CYS-42
-64.9136,149.577,GLN-43
-68.6059,128.226,LEU-44
74.4127,-22.0322,ALA-45
-69.0456,153.023,LYS-46
-66.4977,122.834,THR-47
-116.615,98.4277,CYS-48
-74.0574,129.757,PRO-49
-128.779,132.73,VAL-50
-94.9648,139.095,GLN-51
-97.5504,161.146,LEU-52
-144.842,149.545,TRP-53
-139.803,140.726,VAL-54
-94.7883,0.955126,ASP-55
-157.707,134.517,SER-56
-76.07,129.344,THR-57
-84.2635,161.546,PRO-58
-65.7209,144.225,PRO-59
-40.2396,136.09,PRO-60
85.6262,0.565567,GLY-61
-62.7774,141.308,THR-62
-142.619,154.214,ARG-63
-96.0952,131.805,VAL-64
-116.311,142.46,ARG-65
-139.2,147.869,ALA-66
-177.308,170.283,MET-67
-157.035,147.689,ALA-68
-128.683,130.747,ILE-69
-109.945,133.353,TYR-70
-127.082,133.617,LYS-71
-122.467,172.172,GLN-72
-69.4152,20.7808,SER-73
-150.07,1.53576,GLN-74
-156.986,137.388,HIS-75
-143.569,-22.5427,MET-76
-88.288,38.9827,THR-77
-115.875,154.403,GLU-78
-108.977,153.481,VAL-79
-71.7721,132.537,VAL-80
-156.635,158.488,ARG-81
-61.7734,156.338,ARG-82
-46.703,157.267,CYS-83
-57.6182,-33.114,PRO-84
-79.0724,-6.24882,HIS-85
-128.137,-2.15724,HIS-86
-72.8375,-18.4559,GLU-87
-162.988,97.4854,ARG-88
-179.446,161.015,CYS-89
-76.6726,-3.52035,SER-90
-82.5809,-16.6086,ASP-91
-106.253,-20.5519,SER-92
-79.2693,149.506,ASP-93
164.639,-156.293,GLY-94
-54.7145,-47.406,LEU-95
-84.7552,156.243,ALA-96
-54.6722,139.818,PRO-97
-72.0876,-17.3958,PRO-98
-72.006,-33.2445,GLN-99
-72.2917,126.165,HIS-100
-64.5976,-49.1921,LEU-101
-77.8598,121.114,ILE-102
-139.312,165.689,ARG-103
-137.97,164.745,VAL-104
-163.997,-156.254,GLU-105
80.0251,12.8334,GLY-106
-168.749,110.6,ASN-107
-68.6716,-42.5026,LEU-108
-54.8018,-2.04048,ARG-109
-54.7072,134.861,VAL-110
-161.919,154.317,GLU-111
-109.702,153.705,TYR-112
-171.089,140.989,LEU-113
-61.8401,149.663,ASP-114
-74.5459,146.859,ASP-115
-90.8378,5.45296,ARG-116
-129.424,-57.6337,ASN-117
-83.4158,-19.8394,THR-118
73.6359,6.37549,PHE-119
-73.1043,130.269,ARG-120
-60.4513,138.894,HIS-121
-171.342,174.686,SER-122
-73.5281,142.937,VAL-123
-128.837,125.974,VAL-124
-128.662,141.882,VAL-125
-65.5418,150.3,PRO-126
-99.7696,131.527,TYR-127
-138.161,155.546,GLU-128
-57.3167,158.143,PRO-129
-72.6377,150.765,PRO-130
-75.012,158.512,GLU-131
-56.2172,129.226,VAL-132
88.5049,-16.2111,GLY-133
-78.9689,140.09,SER-134
-78.0289,-26.3364,ASP-135
-145.59,156.443,CYS-136
-72.6724,130.447,THR-137
-100.577,126.061,THR-138
-108.981,138.663,ILE-139
-106.696,110.643,HIS-140
-105.989,-172.938,TYR-141
178.696,151.587,ASN-142
-134.173,155.104,TYR-143
-153.254,129.709,MET-144
178.016,140.434,CYS-145
-64.4349,151.044,ASN-146
-136.495,15.6641,SER-147
-119.169,-32.7661,SER-148
-80.7258,176.14,CYS-149
-61.1396,-50.9066,MET-150
86.8704,-133.016,GLY-151
-99.3278,-149.067,GLY-152
-72.1087,-20.19,ILE-153
-163.348,116.101,ASN-154
-49.7039,113.171,ARG-155
-135.456,158.18,ARG-156
-58.6614,157.713,PRO-157
-136.442,135.431,ILE-158
-97.1376,155.637,LEU-159
-122.101,147.785,THR-160
-122.364,117.371,ILE-161
-125.333,131.727,ILE-162
-145.773,139.402,THR-163
-88.518,150.719,LEU-164
-159.621,138.699,GLU-165
-55.9763,164.537,ASP-166
-61.32,-27.8687,SER-167
-86.5538,17.3679,SER-168
76.7277,2.7666,GLY-169
-64.0524,122.926,ASN-170
-78.9708,123.314,LEU-171
-111.839,3.98409,LEU-172
160.622,144.315,GLY-173
-118.955,141.402,ARG-174
-143.094,159.25,ASN-175
-154.562,155.045,SER-176
-155.944,165.36,PHE-177
-89.4526,137.716,GLU-178
-113.39,130.136,VAL-179
-127.549,109.634,ARG-180
-83.3061,132.128,VAL-181
-124.21,153.308,CYS-182
-80.8525,-38.5232,ALA-183
-124.651,85.4647,CYS-184
-72.995,-33.6854,PRO-185
-71.204,-28.8956,GLY-186
-68.8753,-47.9983,ARG-187
-65.6265,-35.4543,ASP-188
-45.9213,-73.3535,ARG-189
-54.8482,-44.8402,ARG-190
-43.191,-46.2157,THR-191
-79.3436,-46.1329,GLU-192
-72.7221,-42.6186,GLU-193
-41.628,-8.22676,GLU-194
-91.0304,-34.1197,ASN-195
-53.589,147.301,LEU-196
-67.9588,-15.0419,ARG-197
-96.7246,150.046,LYS-198
-44.4144,153.496,LYS-199
-97.9587,178.07,GLY-200
-60.6773,150.706,GLU-201
-65.826,154.861,PRO-202
-160.953,151.456,HIS-203
-59.1481,131.948,HIS-204
-107.9,-9.5393,GLU-205
-69.5808,-45.849,LEU-206
-74.4728,167.792,PRO-207
-83.4508,164.267,PRO-208
-97.1328,-141.119,GLY-209
-140.516,-161.139,SER-210
-96.5197,156.221,THR-211
-82.1664,146.956,LYS-212
80.4531,174.25,ARG-213
-117.221,158.957,ALA-214
-66.0663,-29.9703,LEU-215
-60.5165,150.093,PRO-216
-93.2962,9.24906,ASN-217
-41.3584,124.176,ASN-218
-139.672,138.229,SER-2
-146.594,158.382,SER-3
-70.2148,135.656,VAL-4
-63.7039,131.521,PRO-5
-77.7483,134.629,SER-6
-90.6975,-11.8192,GLN-7
-58.1817,125.602,LYS-8
-67.4911,147.376,THR-9
-167.205,161.31,TYR-10
-87.8599,-58.4516,GLN-11
79.0715,177.382,GLY-12
-72.7418,-0.0396038,SER-13
-113.716,-8.76405,TYR-14
81.9224,19.9633,GLY-15
-62.2728,125.782,PHE-16
-152.173,173.708,ARG-17
-115.684,145.523,LEU-18
-114.469,97.1892,GLY-19
-78.2841,167.74,PHE-20
-72.916,159.431,LEU-21
-119.221,66.6145,HIS-22
-102.79,-21.6723,SER-23
87.8584,-129.378,GLY-24
-139.508,5.46613,THR-25
-62.4152,163.76,ALA-26
-72.0834,2.13447,LYS-27
-88.2268,-4.22429,SER-28
-64.2179,115.769,VAL-29
-84.4301,-37.4585,THR-30
-148.511,129.442,CYS-31
-139.72,148.368,THR-32
-119.971,142.317,TYR-33
-110.793,101.916,SER-34
-70.5508,-23.0345,PRO-35
-75.4701,-11.9422,ALA-36
-113.555,-21.5716,LEU-37
72.7563,19.2446,ASN-38
-117.216,128.705,LYS-39
-108.144,119.543,MET-40
-100.24,134.998,PHE-41
-140.185,156.812,CYS-42
-102.68,141.802,GLN-43
-43.9129,123.725,LEU-44
63.5852,-19.7516,ALA-45
-67.8119,157.325,LYS-46
-67.353,127.34,THR-47
-114.731,86.0162,CYS-48
-78.9508,130.083,PRO-49
-137.787,140.638,VAL-50
-104.684,141.506,GLN-51
-106.275,124.521,LEU-52
-108.743,147.072,TRP-53
-142.549,128.331,VAL-54
-81.5599,-19.5891,ASP-55
-134.548,152.64,SER-56
-79.5364,128.084,THR-57
-74.9155,-178.384,PRO-58
-67.9959,152.242,PRO-59
-65.1691,145.032,PRO-60
77.1474,15.2721,GLY-61
-60.1503,154.552,THR-62
-138.95,151.525,ARG-63
-96.4798,139.145,VAL-64
-118.235,155.105,ARG-65
-152.86,133.59,ALA-66
-155.925,170.326,MET-67
-145.303,135.967,ALA-68
-110.654,155.387,ILE-69
-121.706,103.457,TYR-70
-81.4713,139.902,LYS-71
-138.398,171.848,GLN-72
-58.0536,-13.7848,SER-73
-135.058,10.7137,GLN-74
-142.937,142.285,HIS-75
-148.821,-13.0127,MET-76
-97.4768,48.2367,THR-77
-139.111,148.589,GLU-78
-94.4857,152.681,VAL-79
-51.8981,107.991,VAL-80
-117.282,153.112,ARG-81
-69.8508,164.49,ARG-82
-60.5731,153.367,CYS-83
-53.4398,-35.2631,PRO-84
-82.2015,0.91539,HIS-85
-129.258,-11.4331,HIS-86
-84.6541,-5.4272,GLU-87
-144.525,67.8132,ARG-88
-156.765,161.775,CYS-89
-59.3406,-19.266,SER-90
-67.9929,-31.724,ASP-91
-93.9398,-30.6713,SER-92
-56.5159,172.929,ASP-93
119.929,-151.082,GLY-94
-42.1385,-55.6592,LEU-95
-89.1417,143.189,ALA-96
-61.3689,157.978,PRO-97
-73.7868,-20.1092,PRO-98
-59.9473,-34.1039,GLN-99
-84.1386,134.478,HIS-100
-107.339,-20.009,LEU-101
-85.9904,126.929,ILE-102
-132.156,149.976,ARG-103
-113.355,143.839,VAL-104
-120.659,-153.138,GLU-105
87.5651,-29.8256,GLY-106
-132.98,115.103,ASN-107
-77.6048,2.2949,LEU-108
-79.1996,16.0127,ARG-109
-57.4784,143.389,VAL-110
-162.339,154.494,GLU-111
-95.6442,155.086,TYR-112
-155.687,144.755,LEU-113
-75.7263,165.98,ASP-114
-103.316,144.695,ASP-115
-84.4881,11.6872,ARG-116
-137.973,-50.5368,ASN-117
-78.8364,-27.0406,THR-118
69.7707,21.5803,PHE-119
-96.0176,95.6829,ARG-120
-31.768,117.049,HIS-121
-166.42,160.466,SER-122
-73.8347,144.5,VAL-123
-144.038,132.175,VAL-124
-138.562,153.113,VAL-125
-64.7791,142.292,PRO-126
-76.3938,121.404,TYR-127
-131.702,124.473,GLU-128
-50.2201,154.557,PRO-129
-56.534,146.442,PRO-130
-81.9805,154.851,GLU-131
-55.7095,134.925,VAL-132
79.2579,-7.65922,GLY-133
-96.2795,148.928,SER-134
-77.0349,-45.7956,ASP-135
-144.189,-166.14,CYS-136
-78.0858,134.816,THR-137
-114.962,130.003,THR-138
-101.093,128.728,ILE-139
-99.1805,105.879,HIS-140
-95.1297,-176.66,TYR-141
-165.665,155.475,ASN-142
-147.398,144.062,TYR-143
-135.381,106.466,MET-144
-119.623,162.941,CYS-145
-70.6487,163.345,ASN-146
-137.05,6.81734,SER-147
-109.179,-37.2626,SER-148
-60.0968,158.249,CYS-149
-72.8499,-38.986,MET-150
89.199,-116.795,GLY-151
-106.087,-131.277,GLY-152
-77.4841,-22.9793,ILE-153
-158.316,143.262,ASN-154
-70.0648,132.002,ARG-155
-149.809,156.981,ARG-156
-75.357,153.417,PRO-157
-138.568,120.661,ILE-158
-97.1819,144.614,LEU-159
-121.494,151.11,THR-160
-124.567,110.291,ILE-161
-90.5614,127.344,ILE-162
-120.7,152.818,THR-163
-110.473,134.13,LEU-164
-145.331,138.991,GLU-165
-75.2094,161.094,ASP-166
-61.4455,-16.9867,SER-167
-80.0284,-12.5679,SER-168
104.184,9.57961,GLY-169
-86.8363,122.484,ASN-170
-81.1265,112.318,LEU-171
-89.4546,-16.7531,LEU-172
166.132,153.579,GLY-173
-152.147,148.112,ARG-174
-141.151,146.164,ASN-175
-136.693,128.671,SER-176
-134.936,154.228,PHE-177
-78.4651,123.478,GLU-178
-82.3815,155.047,VAL-179
-139.543,112.298,ARG-180
-80.0848,143.367,VAL-181
-145.07,164.03,CYS-182
-77.7884,-52.0575,ALA-183
-118.5,78.2077,CYS-184
-63.6045,-38.6895,PRO-185
-69.3325,-31.3144,GLY-186
-69.8683,-37.6104,ARG-187
-76.1142,-32.4201,ASP-188
-54.2602,-50.7688,ARG-189
-60.5337,-47.4249,ARG-190
-52.6515,-24.797,THR-191
-107.453,-36.6499,GLU-192
-73.7666,-29.3637,GLU-193
-68.6151,0.170932,GLU-194
-95.9255,3.36304,ASN-195
-87.1788,144.2,LEU-196
-56.9255,-35.9975,ARG-197
-87.795,171.517,LYS-198
-52.8745,154.596,LYS-199
-151.556,161.973,GLY-200
-67.1889,146.241,GLU-201
-67.3259,147.996,PRO-202
-135.708,166.782,HIS-203
-53.1667,131.347,HIS-204
-110.744,-8.43951,GLU-205
-86.8929,-56.3543,LEU-206
-80.1559,167.634,PRO-207
-55.6645,174.364,PRO-208
-103.847,-111.205,GLY-209
-169.674,-178.254,SER-210
-95.5976,156.095,THR-211
-92.2859,154.048,LYS-212
95.6043,143.471,ARG-213
-57.2885,153.734,ALA-214
-63.0412,-51.8892,LEU-215
-66.241,146.649,PRO-216
-85.6121,17.3193,ASN-217
-54.5813,126.627,ASN-218
169.889,161.406,SER-2
-173.586,152.857,SER-3
-76.9666,138.42,VAL-4
-79.5891,135.187,PRO-5
-69.9439,153.586,SER-6
-115.315,-0.697597,GLN-7
-64.7485,132.755,LYS-8
-71.8917,147.955,THR-9
-151.628,168.735,TYR-10
-78.0603,-80.8008,GLN-11
90.8809,-176.441,GLY-12
-49.3253,-25.1437,SER-13
-124.889,6.38195,TYR-14
47.6139,38.3736,GLY-15
-50.6585,122.454,PHE-16
-151.74,164.741,ARG-17
-97.6751,158.103,LEU-18
-129.256,133.578,GLY-19
-114.724,160.852,PHE-20
-59.6605,149.373,LEU-21
-109.598,65.662,HIS-22
-88.1574,-43.2621,SER-23
99.0031,-152.237,GLY-24
-129.63,9.01931,THR-25
-66.8489,147.808,ALA-26
-64.0976,-25.3853,LYS-27
-51.6379,-32.271,SER-28
-65.6454,125.884,VAL-29
-93.8223,-30.6997,THR-30
-156.923,149.019,CYS-31
-172.782,155.333,THR-32
-146.553,127.614,TYR-33
-92.6668,116.345,SER-34
-50.3434,-39.8828,PRO-35
-70.0943,-38.2475,ALA-36
-85.7139,-23.0211,LEU-37
53.6741,58.366,ASN-38
-144.271,129.928,LYS-39
-104.919,132.154,MET-40
-109.925,124.001,PHE-41
-125.195,134.207,CYS-42
-74.9609,124.539,GLN-43
-49.3847,131.775,LEU-44
76.2848,-18.4661,ALA-45
-79.9276,161.219,LYS-46
-74.0083,126.53,THR-47
-127.546,109.191,CYS-48
-92.5252,134.79,PRO-49
-117.295,136.068,VAL-50
-80.0167,135.988,GLN-51
-113.409,129.697,LEU-52
-117.983,147.005,TRP-53
-135.756,137.045,VAL-54
-86.5758,-12.0756,ASP-55
-146.564,137.519,SER-56
-52.4331,116.094,THR-57
-78.223,168.316,PRO-58
-59.1832,150.552,PRO-59
-54.0099,146.652,PRO-60
66.4962,1.64362,GLY-61
-57.3047,141.32,THR-62
-131.014,141.024,ARG-63
-87.5294,155.337,VAL-64
-134.156,137.334,ARG-65
-128.583,143.654,ALA-66
-167.035,177.824,MET-67
-146.081,130.785,ALA-68
-103.06,150.505,ILE-69
-113.168,95.7849,TYR-70
-82.3087,141.919,LYS-71
-128.012,-173,GLN-72
-78.1041,-10.7421,SER-73
-131.485,6.29101,GLN-74
-149.508,137.761,HIS-75
-139.415,-24.0658,MET-76
-84.8234,47.523,THR-77
-121.244,167.274,GLU-78
-116.612,149.929,VAL-79
-69.8892,111.023,VAL-80
-120.735,156.165,ARG-81
-50.9059,163.011,ARG-82
-59.7803,152.158,CYS-83
-54.4535,-30.5513,PRO-84
-84.1175,-15.3772,HIS-85
-119.509,-5.31628,HIS-86
-85.1099,-2.03931,GLU-87
-140.404,-28.1934,ARG-88
-67.4467,157.905,CYS-89
-64.9461,-3.6925,SER-90
-75.6124,-14.8501,ASP-91
-123.749,-19.6648,SER-92
-73.1852,130.105,ASP-93
-174.815,-143.946,GLY-94
-58.5857,-32.7692,LEU-95
-91.9262,144.899,ALA-96
-62.1569,136.819,PRO-97
-64.7088,-13.8558,PRO-98
-81.985,-26.3245,GLN-99
-82.2539,125.714,HIS-100
-84.0275,-37.4035,LEU-101
-82.5807,119.795,ILE-102
-138.895,163.039,ARG-103
-130.24,143.826,VAL-104
-143.872,-163.559,GLU-105
75.7461,-46.9113,GLY-106
-71.673,129.086,ASN-107
-89.726,-25.9262,LEU-108
-61.9072,-16.6501,ARG-109
-46.9318,129.07,VAL-110
-145.96,157.135,GLU-111
-85.2139,137.508,TYR-112
-157.096,142.57,LEU-113
-72.2109,163.105,ASP-114
-113.308,141.36,ASP-115
-73.3882,-39.1135,ARG-116
-91.7916,-30.7328,ASN-117
-128.495,-4.53448,THR-118
63.4899,-16.5584,PHE-119
-52.0466,113.147,ARG-120
-70.9923,102.924,HIS-121
-146.889,164.081,SER-122
-65.462,137.155,VAL-123
-139.741,138.819,VAL-124
-145.103,145.538,VAL-125
-64.2448,130.564,PRO-126
-73.3262,128.379,TYR-127
-104.317,154.512,GLU-128
-75.1826,161.891,PRO-129
-58.5853,135.58,PRO-130
-78.6719,166.915,GLU-131
-67.6056,126.303,VAL-132
89.2379,-13.415,GLY-133
-91.0327,160.784,SER-134
-93.3739,-44.3816,ASP-135
-144.357,161.663,CYS-136
-65.066,155.409,THR-137
-131.227,143.29,THR-138
-104.655,141.028,ILE-139
-98.4347,120.054,HIS-140
-100.917,166.145,TYR-141
-157.613,158.439,ASN-142
-143.411,143.025,TYR-143
-142.796,109.92,MET-144
-156.701,149.584,CYS-145
-80.0301,155.308,ASN-146
-124.749,8.75112,SER-147
-134.046,-18.2583,SER-148
-73.4594,145.211,CYS-149
-60.023,-45.0892,MET-150
93.1853,-142.831,GLY-151
-77.0984,-166.691,GLY-152
-58.475,-8.26259,ILE-153
-165.476,141.872,ASN-154
-78.3514,122.577,ARG-155
-148.647,159.051,ARG-156
-87.83,119.831,PRO-157
-99.4853,127.119,ILE-158
-107.394,134.555,LEU-159
-106.983,148.061,THR-160
-119.739,124.29,ILE-161
-132.735,124.222,ILE-162
-138.023,137.299,THR-163
-105.962,134.866,LEU-164
-144.512,144.363,GLU-165
-67.2682,173.911,ASP-166
-65.7808,-20.9059,SER-167
-76.6727,5.34378,SER-168
75.6343,-9.39888,GLY-169
-57.4224,119.771,ASN-170
-72.6179,111.951,LEU-171
-84.9871,-11.4482,LEU-172
169.738,145.352,GLY-173
-140.429,143.535,ARG-174
-145.004,146.877,ASN-175
-146.589,159.697,SER-176
-156.181,164.74,PHE-177
-92.1027,148.851,GLU-178
-119.197,139.234,VAL-179
-125.217,129.724,ARG-180
-98.0578,129.746,VAL-181
-127.398,144.61,CYS-182
-56.1849,-64.3089,ALA-183
-122.939,89.5919,CYS-184
-70.7965,-39.5966,PRO-185
-62.8573,-41.8274,GLY-186
-63.8868,-41.9121,ARG-187
-72.8482,-33.3859,ASP-188
-54.2253,-54.5683,ARG-189
-59.9849,-48.6989,ARG-190
-55.5096,-31.7393,THR-191
-89.1741,-49.7868,GLU-192
-64.1489,-27.7758,GLU-193
-72.4301,-6.69769,GLU-194
-71.3705,-11.5699,ASN-195
-84.1057,153.111,LEU-196
-77.3391,-34.5202,ARG-197
-94.8161,170.21,LYS-198
-66.8099,170.898,LYS-199
-123.691,-150.238,GLY-200
-84.5678,149.029,GLU-201
-80.7215,158.388,PRO-202
-144.805,165.656,HIS-203
-61.8363,125.415,HIS-204
-67.0372,-30.4487,GLU-205
-73.4112,-62.1687,LEU-206
-63.29,161.984,PRO-207
-74.7768,166.408,PRO-208
-86.102,-127.62,GLY-209
-168.725,-142.508,SER-210
-114.584,159.405,THR-211
-93.6709,141.542,LYS-212
77.871,147.883,ARG-213
-79.08,155.712,ALA-214
-54.1008,-48.4156,LEU-215
-64.2665,159.794,PRO-216
-88.1062,28.8122,ASN-217
-74.2198,114.331,ASN-218
-80.4257,121.729,SER-2
-131.872,158.05,SER-3
-77.1601,121.812,VAL-4
-54.2862,142.159,PRO-5
-76.6194,141.035,SER-6
-110.021,-10.0014,GLN-7
-82.7144,130.944,LYS-8
-60.9228,151.299,THR-9
-168.034,160.245,TYR-10
-90.0056,-43.457,GLN-11
64.3699,-166.955,GLY-12
-81.8422,-18.8847,SER-13
-103.268,-8.99695,TYR-14
80.4,43.2471,GLY-15
-63.0731,136.428,PHE-16
-160.982,162.851,ARG-17
-120.243,153.242,LEU-18
-130.844,140.52,GLY-19
-138.865,165.879,PHE-20
-73.9156,119.188,LEU-21
-79.909,46.0931,HIS-22
-89.9657,-55.9739,SER-23
107.7,-137.293,GLY-24
-133.693,-6.5247,THR-25
-72.2802,175.821,ALA-26
-55.9398,-43.1335,LYS-27
-93.6668,12.3936,SER-28
-74.3784,107.422,VAL-29
-65.797,-37.0327,THR-30
178.469,136.415,CYS-31
-169.03,157.792,THR-32
-138.185,129.288,TYR-33
-93.6438,108.045,SER-34
-75.1608,-31.293,PRO-35
-71.3191,-28.2288,ALA-36
-73.2687,-20.569,LEU-37
54.739,50.3517,ASN-38
-141.002,132.798,LYS-39
-103.444,128.82,MET-40
-101.403,138.007,PHE-41
-140.403,150.421,CYS-42
-92.2854,119.32,GLN-43
-36.8017,129.086,LEU-44
79.442,-10.384,ALA-45
-100.209,158.187,LYS-46
-63.8946,125.172,THR-47
-129.842,92.743,CYS-48
-48.0024,131.173,PRO-49
-129.548,142.797,VAL-50
-111.655,156.246,GLN-51
-132.318,152.203,LEU-52
-152.656,154.956,TRP-53
-141.6,132.353,VAL-54
-84.3625,-26.7226,ASP-55
-100.618,158.852,SER-56
-77.233,118.03,THR-57
-72.2745,170.166,PRO-58
-85.1878,150.74,PRO-59
-67.8643,129.036,PRO-60
89.8987,28.7396,GLY-61
-72.9604,144.735,THR-62
-139.163,159.803,ARG-63
-100.653,119.84,VAL-64
-117.317,147.622,ARG-65
-163.07,149.596,ALA-66
176.299,162.119,MET-67
-124.959,127.514,ALA-68
-109.105,156.725,ILE-69
-111.267,82.9803,TYR-70
-68.6581,142.21,LYS-71
-132.046,-169.174,GLN-72
-58.7878,-37.94,SER-73
-133.563,-39.4612,GLN-74
-70.9123,151.522,HIS-75
-154.553,-23.6046,MET-76
-78.4549,79.6276,THR-77
-166.392,152.501,GLU-78
-89.1243,149.487,VAL-79
-69.2432,135.142,VAL-80
-142.556,164.568,ARG-81
-77.0362,157.341,ARG-82
-45.9105,150.521,CYS-83
-51.9529,-24.9583,PRO-84
-80.6218,-2.92868,HIS-85
-133.892,-23.0097,HIS-86
-59.7731,0.170975,GLU-87
-144.954,-30.0877,ARG-88
-71.6995,166.51,CYS-89
-60.2336,-28.6486,SER-90
-56.0308,-38.534,ASP-91
-90.5276,-7.44898,SER-92
-79.1534,164.908,ASP-93
120.529,-164.311,GLY-94
-35.6925,-43.1485,LEU-95
-91.0651,120.944,ALA-96
-39.688,133.542,PRO-97
-43.422,-47.5428,PRO-98
-67.7995,-32.8431,GLN-99
-63.1667,131.847,HIS-100
-84.4544,-45.7383,LEU-101
-81.6265,112.779,ILE-102
-139.052,166.658,ARG-103
-147.11,154.66,VAL-104
-149.393,-159.796,GLU-105
64.6721,19.515,GLY-106
-156.221,123.895,ASN-107
-76.3303,-33.5585,LEU-108
-81.6289,36.5406,ARG-109
-98.5411,142.208,VAL-110
-153.696,148.841,GLU-111
-96.0821,143.729,TYR-112
-165.421,147.883,LEU-113
-70.1312,134.495,ASP-114
-80.8834,135.32,ASP-115
-66.6649,-37.5466,ARG-116
-74.6221,-38.876,ASN-117
-124.269,-26.1807,THR-118
89.8257,-15.6639,PHE-119
-51.3657,108.854,ARG-120
-60.5908,134.501,HIS-121
-162.185,141.704,SER-122
-62.1822,135.797,VAL-123
-133.208,125.881,VAL-124
-125.663,137.535,VAL-125
-43.6413,155.362,PRO-126
-118.786,133.933,TYR-127
-134.03,151.949,GLU-128
-64.4366,161.692,PRO-129
-72.3622,154.055,PRO-130
-62.6611,150.716,GLU-131
-51.9151,124.049,VAL-132
71.2941,5.5812,GLY-133
-83.7382,164.237,SER-134
-92.7011,-49.5508,ASP-135
-135.194,169.943,CYS-136
-88.0425,137.53,THR-137
-95.9764,144.386,THR-138
-123.334,124.665,ILE-139
-92.9891,134.085,HIS-140
-123.842,152.353,TYR-141
-145.702,156.315,ASN-142
-156.6,150.368,TYR-143
-131.478,132.804,MET-144
-163.907,154.996,CYS-145
-84.1361,148.935,ASN-146
-123.802,19.8569,SER-147
-137.063,-20.6914,SER-148
-77.0205,173.644,CYS-149
-66.9707,-52.9817,MET-150
52.3109,-135.427,GLY-151
-85.4396,-153.396,GLY-152
-50.6503,-27.0302,ILE-153
-166.881,135.909,ASN-154
-57.8926,126.943,ARG-155
-141.501,148.87,ARG-156
-74.9567,167.944,PRO-157
-138.021,138.861,ILE-158
-112.719,136.716,LEU-159
-98.6943,131.657,THR-160
-105.164,105.195,ILE-161
-90.7187,129.984,ILE-162
-136.931,139.645,THR-163
-111.503,122.765,LEU-164
-141.789,161.919,GLU-165
-90.9667,175.399,ASP-166
-68.8077,-3.00373,SER-167
-96.3473,-20.5379,SER-168
93.8605,8.12175,GLY-169
-65.0889,123.611,ASN-170
-72.2635,153.014,LEU-171
-111.373,-48.9243,LEU-172
-144.42,171.714,GLY-173
-150.883,143.01,ARG-174
-140.678,146.232,ASN-175
-143.409,107.453,SER-176
-116.463,152.875,PHE-177
-69.9868,120.395,GLU-178
-83.0282,154.352,VAL-179
-159.421,123.85,ARG-180
-98.3239,141.849,VAL-181
-146.854,137.823,CYS-182
-61.3079,-31.5987,ALA-183
-135.843,60.1218,CYS-184
-58.1798,-34.4172,PRO-185
-73.3592,-34.2707,GLY-186
-69.4527,-50.9033,ARG-187
-52.7584,-39.5123,ASP-188
-58.2229,-51.9677,ARG-189
-64.2788,-38.0803,ARG-190
-44.4363,-60.8763,THR-191
-82.9914,-32.7383,GLU-192
-70.8963,-32.5067,GLU-193
-67.5566,-20.2931,GLU-194
-70.4223,-13.789,ASN-195
-88.1665,130.617,LEU-196
-67.3736,-40.6726,ARG-197
-66.5753,140.619,LYS-198
-53.0763,156.7,LYS-199
-128.234,-167.736,GLY-200
-87.0091,139.599,GLU-201
-84.0892,172.239,PRO-202
-168.905,162.292,HIS-203
-73.1849,119.931,HIS-204
-89.8905,-14.8692,GLU-205
-78.2695,-36.4004,LEU-206
-80.2351,154.472,PRO-207
-63.842,143.086,PRO-208
-73.0623,-134.838,GLY-209
-149.661,-137.023,SER-210
-148.139,166.449,THR-211
-99.3062,144.224,LYS-212
66.8618,167.203,ARG-213
-71.3173,168.806,ALA-214
-76.2734,-38.8449,LEU-215
-60.3878,150.313,PRO-216
-77.6412,10.2788,ASN-217
-51.8511,136.538,ASN-218
-86.7096,156.184,SER-2
-175.543,152.138,SER-3
-69.6971,136.38,VAL-4
-64.4338,113.352,PRO-5
-64.5461,138.382,SER-6
-104.931,-18.464,GLN-7
-72.9378,139.171,LYS-8
-72.1704,145.345,THR-9
-152.465,143.152,TYR-10
-77.8816,-24.9471,GLN-11
73.6003,-177.751,GLY-12
-83.3457,3.74067,SER-13
-118.44,-6.81829,TYR-14
78.8376,31.3604,GLY-15
-56.9469,128.945,PHE-16
-149.05,144.316,ARG-17
-90.8311,152.129,LEU-18
-130.413,147.248,GLY-19
-148.131,158.87,PHE-20
-66.0526,129.675,LEU-21
-93.4607,31.8725,HIS-22
-57.0008,-15.6246,SER-23
82.9075,-139.674,GLY-24
-142.166,0.624615,THR-25
-93.6663,164.708,ALA-26
-40.9952,-50.2239,LYS-27
-67.1932,-8.72938,SER-28
-58.559,101.216,VAL-29
-82.7843,-28.4357,THR-30
-150.625,162.259,CYS-31
-173.504,148.051,THR-32
-133.317,146.911,TYR-33
-112.727,117.511,SER-34
-54.5495,-46.9662,PRO-35
-68.7597,-0.562522,ALA-36
-134.513,-14.8399,LEU-37
36.447,63.2594,ASN-38
-140.933,130.874,LYS-39
-112.881,130.654,MET-40
-116.747,133.822,PHE-41
-129.004,135.788,CYS-42
-67.8029,138.577,GLN-43
-78.6064,142.983,LEU-44
70.9997,21.902,ALA-45
-137.358,148.285,LYS-46
-74.3348,117.86,THR-47
-108.694,108.747,CYS-48
-81.9081,127.347,PRO-49
-119.522,147.068,VAL-50
-109.344,136.998,GLN-51
-113.576,142.659,LEU-52
-146.199,154.583,TRP-53
-129.002,128.048,VAL-54
-87.6615,-31.768,ASP-55
-84.2925,160.268,SER-56
-65.4007,126.281,THR-57
-72.3232,130.291,PRO-58
-71.3578,161.785,PRO-59
-62.8456,134.549,PRO-60
79.1714,12.8752,GLY-61
-60.9004,129.421,THR-62
-124.181,159.75,ARG-63
-102.675,148.418,VAL-64
-150.702,124.834,ARG-65
-118.535,142.115,ALA-66
-163.037,160.449,MET-67
-130.06,124.587,ALA-68
-99.0369,148.882,ILE-69
-106.264,138.774,TYR-70
-114.309,134.922,LYS-71
-127.648,-172.038,GLN-72
-58.767,-17.2915,SER-73
-147.971,-10.283,GLN-74
-84.9558,138.462,HIS-75
-128.735,-23.6181,MET-76
-81.6362,76.9769,THR-77
-173.952,162.339,GLU-78
-120.962,136.035,VAL-79
-56.5806,116.079,VAL-80
-119.398,160.33,ARG-81
-68.1879,155.501,ARG-82
-40.7734,150.158,CYS-83
-42.6062,-43.4873,PRO-84
-78.4529,-12.4387,HIS-85
-116.477,-15.8715,HIS-86
-69.0448,0.0500771,GLU-87
-149.662,-30.4188,ARG-88
-51.0618,160.644,CYS-89
-64.7478,-11.4859,SER-90
-68.4776,-40.4265,ASP-91
-87.4989,-11.6302,SER-92
-82.951,148.95,ASP-93
178.664,-139.245,GLY-94
-57.1116,-43.7926,LEU-95
-65.0384,152.525,ALA-96
-63.9139,135.929,PRO-97
-59.1868,-16.6298,PRO-98
-74.524,-44.6386,GLN-99
-55.1078,131.725,HIS-100
-95.3633,-29.0508,LEU-101
-83.4934,122.795,ILE-102
-124.109,155.218,ARG-103
-116.224,158.905,VAL-104
-156.808,-158.104,GLU-105
83.9238,-61.9688,GLY-106
-72.7925,146.741,ASN-107
-77.6318,-40.3721,LEU-108
-92.7257,48.8252,ARG-109
-94.2477,131.771,VAL-110
-160.334,150.275,GLU-111
-83.4486,150.922,TYR-112
-157.464,157.649,LEU-113
-79.8358,144.33,ASP-114
-84.4985,144.052,ASP-115
-70.3722,-37.1777,ARG-116
-90.0199,-55.3106,ASN-117
-83.5778,-19.3235,THR-118
74.1143,-17.5447,PHE-119
-49.8428,106.54,ARG-120
-48.3954,127.929,HIS-121
-172.438,155.045,SER-122
-65.2132,127.534,VAL-123
-111.111,140.865,VAL-124
-131.983,152.188,VAL-125
-88.7038,124.391,PRO-126
-64.0523,135.16,TYR-127
-124.715,168.474,GLU-128
-73.7144,171.193,PRO-129
-73.5376,161.212,PRO-130
-65.4361,161.892,GLU-131
-70.6327,134.108,VAL-132
71.6846,-13.0392,GLY-133
-86.6914,175.557,SER-134
-102.945,-50.5197,ASP-135
-129.878,146.875,CYS-136
-62.8301,128.605,THR-137
-78.5742,131.817,THR-138
-124.711,127.357,ILE-139
-97.3341,135.585,HIS-140
-117.113,167.643,TYR-141
-151.738,159.64,ASN-142
-153.473,139.232,TYR-143
-142.545,141.477,MET-144
171.712,159.252,CYS-145
-76.4639,168.754,ASN-146
-129.738,-20.0189,SER-147
-104.264,-16.196,SER-148
-56.5009,140.662,CYS-149
-78.5467,-21.3667,MET-150
70.3376,-176.266,GLY-151
-69.0429,-153.394,GLY-152
-57.9653,-20.6895,ILE-153
-154.662,145.523,ASN-154
-46.7946,139.063,ARG-155
-161.744,157.911,ARG-156
-75.3382,171.618,PRO-157
-158.056,123.75,ILE-158
-87.7214,138.689,LEU-159
-109.981,130.772,THR-160
-109.714,113.463,ILE-161
-116.995,110.309,ILE-162
-106.878,171.434,THR-163
-140.961,125.492,LEU-164
-134.209,145.439,GLU-165
-57.8789,162.4,ASP-166
-68.0452,-25.9539,SER-167
-72.222,-14.4907,SER-168
120.258,-11.4448,GLY-169
-64.8129,125.955,ASN-170
-72.0266,128.025,LEU-171
-84.2788,-41.0949,LEU-172
-174.391,153.76,GLY-173
-123.557,141.09,ARG-174
-147.804,114.929,ASN-175
-116.501,141.497,SER-176
-136.095,161.805,PHE-177
-83.8075,147.033,GLU-178
-108.194,143.943,VAL-179
-147.735,135.232,ARG-180
-104.799,140.472,VAL-181
-141.731,159.767,CYS-182
-83.4117,-39.6358,ALA-183
-124.593,92.3261,CYS-184
-66.818,-40.6311,PRO-185
-71.6919,-34.1583,GLY-186
-69.0701,-49.0899,ARG-187
-56.5073,-35.361,ASP-188
-71.4358,-35.8852,ARG-189
-60.1449,-52.585,ARG-190
-42.5178,-47.1766,THR-191
-89.1457,-16.4618,GLU-192
-99.4127,-34.2504,GLU-193
-59.3465,-21.9797,GLU-194
-70.2264,-12.6149,ASN-195
-88.2342,-172.385,LEU-196
-120.859,-39.1332,ARG-197
-62.2668,156.266,LYS-198
-73.9553,142.367,LYS-199
-86.1463,-168.36,GLY-200
-87.51,150.03,GLU-201
-64.2204,160.537,PRO-202
-160.112,172.967,HIS-203
-68.9461,124.01,HIS-204
-98.4749,-21.3676,GLU-205
-74.5771,-70.1575,LEU-206
-85.5631,165.219,PRO-207
-69.671,179.964,PRO-208
-110.68,-111.818,GLY-209
-161.215,-162.952,SER-210
-116.361,144.476,THR-211
-66.4193,143.268,LYS-212
88.7348,144.558,ARG-213
-68.9555,175.799,ALA-214
-80.9914,-53.9744,LEU-215
-64.5356,142.042,PRO-216
-82.9345,9.35871,ASN-217
-46.9328,131.213,ASN-218
-170.905,136.751,SER-2
-167.107,171.118,SER-3
-87.6502,123.266,VAL-4
-64.8908,136.103,PRO-5
-83.1522,159.205,SER-6
-107.629,-22.9369,GLN-7
-58.9585,118.382,LYS-8
-71.3022,142.157,THR-9
-159.624,150.902,TYR-10
-77.0047,-38.0332,GLN-11
81.5451,-176.899,GLY-12
-62.7819,-21.1208,SER-13
-111.203,-12.1875,TYR-14
92.7085,53.3335,GLY-15
-73.174,124.343,PHE-16
-135.997,173.519,ARG-17
-117.223,-177.199,LEU-18
-157.271,124.847,GLY-19
-121.09,-176.928,PHE-20
-75.6507,144.635,LEU-21
-104.75,73.4411,HIS-22
-103.573,-54.0017,SER-23
97.2864,-117.992,GLY-24
-150.734,-8.90764,THR-25
-55.2794,143.167,ALA-26
-47.7534,-36.9285,LYS-27
-73.6746,-11.4304,SER-28
-69.3194,133.709,VAL-29
-106.485,-32.9189,THR-30
-133.466,151.232,CYS-31
-161.285,135.657,THR-32
-124.955,124.74,TYR-33
-108.338,110.453,SER-34
-57.468,-38.6863,PRO-35
-90.1438,-10.2035,ALA-36
-91.4451,-22.1528,LEU-37
40.8736,65.6657,ASN-38
-134.783,149.255,LYS-39
-120.505,140.101,MET-40
-126.477,130.558,PHE-41
-136.437,120.623,CYS-42
-67.4165,128.853,GLN-43
-68.5417,145.265,LEU-44
75.7134,-32.7481,ALA-45
-73.1128,161.791,LYS-46
-66.1269,121.879,THR-47
-129.174,83.8056,CYS-48
-66.0902,138.207,PRO-49
-124.022,150.972,VAL-50
-108.275,131.628,GLN-51
-115.112,138.024,LEU-52
-134.39,148.144,TRP-53
-125.419,149.871,VAL-54
-81.6939,-14.1113,ASP-55
-126.568,145.124,SER-56
-65.5584,110.846,THR-57
-80.0846,161.216,PRO-58
-62.9272,158.78,PRO-59
-67.8146,136.41,PRO-60
85.1758,9.4403,GLY-61
-62.4801,145.871,THR-62
-138.04,157.078,ARG-63
-102.332,139.31,VAL-64
-113.574,149.501,ARG-65
-138.78,164.183,ALA-66
168.934,-179.741,MET-67
-162.463,130.162,ALA-68
-92.0198,163.394,ILE-69
-116.038,141.287,TYR-70
-153.255,142.164,LYS-71
-145.776,-169.457,GLN-72
-59.003,-26.1019,SER-73
-135.276,-21.1112,GLN-74
-79.5304,122.772,HIS-75
-137.442,-3.68202,MET-76
-98.1229,66.1416,THR-77
-167.677,154.701,GLU-78
-105.025,164.586,VAL-79
-68.9167,109.269,VAL-80
-120.631,173.991,ARG-81
-68.7725,157.532,ARG-82
-51.2689,149.943,CYS-83
-44.7911,-35.7778,PRO-84
-76.6178,-11.1839,HIS-85
-136.43,12.774,HIS-86
-94.335,-1.7549,GLU-87
-146.883,-20.7226,ARG-88
-76.2231,164.273,CYS-89
-68.0568,-16.855,SER-90
-74.7323,-22.751,ASP-91
-85.9179,-8.41695,SER-92
-96.7282,146.539,ASP-93
159.446,-152.707,GLY-94
-37.1055,-64.8579,LEU-95
-79.5624,132.991,ALA-96
-60.3704,152.78,PRO-97
-71.5702,-23.7359,PRO-98
-70.2496,-33.222,GLN-99
-67.9651,134.814,HIS-100
-110.39,-39.6857,LEU-101
-63.2519,119.302,ILE-102
-146.673,168.26,ARG-103
-135.262,132.416,VAL-104
-119.165,165.37,GLU-105
78.1907,-26.5351,GLY-106
-66.7842,133.168,ASN-107
-87.73,-42.4722,LEU-108
-78.7092,-4.5559,ARG-109
-55.5246,145.772,VAL-110
-162.545,167.95,GLU-111
-101.821,140.012,TYR-112
-140.943,149.416,LEU-113
-70.1596,143.917,ASP-114
-88.7702,143.821,ASP-115
-55.4047,-31.6588,ARG-116
-125.321,-9.00279,ASN-117
-134.591,-7.26935,THR-118
62.8945,13.2007,PHE-119
-76.2689,123.96,ARG-120
-70.985,113.983,HIS-121
-151.369,153.803,SER-122
-78.2343,138.531,VAL-123
-134.168,127.765,VAL-124
-112.642,146.303,VAL-125
-58.0344,130.346,PRO-126
-81.8673,128.253,TYR-127
-111.255,152.089,GLU-128
-62.7162,160.866,PRO-129
-72.2301,154.986,PRO-130
-83.5303,150.471,GLU-131
-48.3471,122.799,VAL-132
85.8961,6.55693,GLY-133
-101.582,142.762,SER-134
-69.941,-61.496,ASP-135
-124.11,156.497,CYS-136
-59.8982,129.989,THR-137
-101.419,125.399,THR-138
-114.664,127.594,ILE-139
-103.265,104.08,HIS-140
-81.2468,177.423,TYR-141
-169.807,164.313,ASN-142
-148.85,148.865,TYR-143
-140.755,139.346,MET-144
176.153,143.518,CYS-145
-63.528,155.794,ASN-146
-121.223,-17.6046,SER-147
-98.6189,-19.7074,SER-148
-73.5499,171.909,CYS-149
-67.5518,-55.354,MET-150
108.97,-139.59,GLY-151
-86.8789,-124.601,GLY-152
-79.0932,-30.3293,ILE-153
-155.853,148.658,ASN-154
-77.8739,127.14,ARG-155
-139.445,172.985,ARG-156
-55.1192,141.475,PRO-157
-138.009,133.469,ILE-158
-103.922,146.583,LEU-159
-103.063,152.448,THR-160
-131.379,117.943,ILE-161
-109.466,136.358,ILE-162
-139.475,143.935,THR-163
-96.0581,130.128,LEU-164
-138.513,137.222,GLU-165
-51.6863,164.373,ASP-166
-69.4514,-19.6733,SER-167
-88.5732,8.3602,SER-168
96.1366,7.5022,GLY-169
-77.2588,115.826,ASN-170
-78.9129,103.619,LEU-171
-92.4991,-16.2685,LEU-172
173.055,159.793,GLY-173
-141.779,138.409,ARG-174
-149.049,137.032,ASN-175
-138.453,151.796,SER-176
-163.066,146.054,PHE-177
-73.09,131.043,GLU-178
-101.902,147.147,VAL-179
-140.085,129.321,ARG-180
-102.686,109.946,VAL-181
-110.458,159.246,CYS-182
-99.9271,-23.9392,ALA-183
-133.326,79.616,CYS-184
-62.5707,-13.7615,PRO-185
-84.6194,-49.3414,GLY-186
-57.3278,-41.8518,ARG-187
-68.6092,-42.7589,ASP-188
-51.2585,-64.5054,ARG-189
-52.0542,-41.9921,ARG-190
-55.6502,-47.0428,THR-191
-76.9916,-37.2302,GLU-192
-70.582,-22.1082,GLU-193
-79.1803,-8.83932,GLU-194
-76.9446,-4.90902,ASN-195
-101.189,165.983,LEU-196
-95.2546,-27.95,ARG-197
-67.5045,145.583,LYS-198
-55.1989,158.357,LYS-199
-160.552,-152.808,GLY-200
-114.456,154.745,GLU-201
-72.9317,156.046,PRO-202
-134.846,-179.155,HIS-203
-73.0731,118.453,HIS-204
-74.2604,-24.1633,GLU-205
-78.7865,-40.1992,LEU-206
-88.0253,141.088,PRO-207
-76.6918,172.854,PRO-208
-67.46,-169.434,GLY-209
-105.759,-107.994,SER-210
-128.955,167.31,THR-211
-95.9291,136.315,LYS-212
80.6928,164.012,ARG-213
-77.9876,159.113,ALA-214
-70.0541,-26.1096,LEU-215
-71.8449,144.414,PRO-216
-73.4383,8.27475,ASN-217
-55.2131,134.368,ASN-218
-145.768,141.199,SER-2
-168.455,177.048,SER-3
-84.5471,129.942,VAL-4
-44.943,125.735,PRO-5
-57.0212,136.07,SER-6
-99.452,11.2051,GLN-7
-75.329,129.195,LYS-8
-82.4207,149.043,THR-9
-169.63,141.351,TYR-10
-104.01,-42.6645,GLN-11
72.2346,-159.579,GLY-12
-72.1006,-23.7968,SER-13
-75.6759,-25.43,TYR-14
81.1889,37.1191,GLY-15
-72.7349,147.356,PHE-16
-158.437,167.015,ARG-17
-119.781,134.859,LEU-18
-100.991,124.488,GLY-19
-114.292,152.978,PHE-20
-56.6011,136.161,LEU-21
-96.9129,23.6219,HIS-22
-49.657,-14.0053,SER-23
77.9768,-132.402,GLY-24
-140.628,16.3002,THR-25
-76.3378,173.711,ALA-26
-51.7966,-48.4437,LYS-27
-72.3881,13.4563,SER-28
-98.9263,122.836,VAL-29
-84.7499,-39.2831,THR-30
-150.236,136.068,CYS-31
-159.086,139.802,THR-32
-117.061,136.974,TYR-33
-95.4621,102.932,SER-34
-46.5081,-57.0328,PRO-35
-66.8882,13.5167,ALA-36
-133.665,-7.3874,LEU-37
36.4954,62.5522,ASN-38
-142.643,126.328,LYS-39
-99.1621,138.601,MET-40
-117.008,106.796,PHE-41
-108.595,131.969,CYS-42
-65.5785,126.701,GLN-43
-47.0042,147.872,LEU-44
78.2442,-41.8264,ALA-45
-67.3362,171.202,LYS-46
-73.4162,126.881,THR-47
-118.493,95.4305,CYS-48
-62.0234,133.851,PRO-49
-135.71,135.487,VAL-50
-93.0745,155.401,GLN-51
-137.566,153.169,LEU-52
-148.82,136.04,TRP-53
-119.23,146.743,VAL-54
-84.4894,-36.4952,ASP-55
-81.3617,150.949,SER-56
-62.7077,120.339,THR-57
-80.8226,159.268,PRO-58
-68.0843,159.234,PRO-59
-73.6819,117.872,PRO-60
111.232,0.203262,GLY-61
-50.338,145.156,THR-62
-132.423,140.379,ARG-63
-80.1525,131.853,VAL-64
-123.335,147.325,ARG-65
-131.112,155.442,ALA-66
-166.595,172.638,MET-67
-151.335,101.838,ALA-68
-87.2652,156.915,ILE-69
-116.788,129.138,TYR-70
-117.238,148.719,LYS-71
-123.631,-168.042,GLN-72
-60.0372,-24.9022,SER-73
-142.919,-47.3789,GLN-74
-67.2463,135.776,HIS-75
-148.432,-8.88857,MET-76
-80.8621,66.3911,THR-77
-152.588,173.405,GLU-78
-126.166,151.239,VAL-79
-60.6826,127.855,VAL-80
-145.58,158.605,ARG-81
-61.9425,166.882,ARG-82
-50.2843,155.645,CYS-83
-56.0689,-35.6465,PRO-84
-73.4107,-17.0227,HIS-85
-114.775,5.32689,HIS-86
-90.1157,-4.06486,GLU-87
-136.096,-35.8469,ARG-88
-70.8703,150.712,CYS-89
-54.7852,-27.7368,SER-90
-58.4413,-29.3724,ASP-91
-105.739,-20.7061,SER-92
-58.1723,149.197,ASP-93
179.988,-150.582,GLY-94
-62.7599,-22.8265,LEU-95
-99.2796,130.918,ALA-96
-42.0303,143.407,PRO-97
-67.8838,-21.0474,PRO-98
-65.3707,-46.8821,GLN-99
-79.3756,135.764,HIS-100
-72.2845,-48.6641,LEU-101
-78.1482,122.085,ILE-102
-143.275,148.485,ARG-103
-100.623,141.596,VAL-104
-125.815,171.141,GLU-105
76.4988,-41.2578,GLY-106
-75.6643,141.04,ASN-107
-113.793,-34.5733,LEU-108
-80.1671,-19.215,ARG-109
-33.53,144.856,VAL-110
-159.513,168.58,GLU-111
-112.632,147.198,TYR-112
-157.275,141.942,LEU-113
-57.7572,140.612,ASP-114
-84.5292,134.772,ASP-115
-65.9667,-23.8468,ARG-116
-94.5191,-34.1969,ASN-117
-121.852,-6.95013,THR-118
75.1285,-3.36155,PHE-119
-69.9819,112.788,ARG-120
-61.1209,102.636,HIS-121
-125.827,157.016,SER-122
-66.4092,139.07,VAL-123
-135.284,147.118,VAL-124
-131.685,156.557,VAL-125
-66.7286,144.616,PRO-126
-76.1001,131.267,TYR-127
-116.25,140.561,GLU-128
-69.3326,159.582,PRO-129
-64.8123,139.509,PRO-130
-68.086,146.099,GLU-131
-40.2719,119.162,VAL-132
92.473,-8.2602,GLY-133
-85.8053,152.991,SER-134
-78.4331,-37.5139,ASP-135
-135.971,-173.289,CYS-136
-79.979,156.532,THR-137
-121.454,142.317,THR-138
-116.537,135.531,ILE-139
-102.566,102.145,HIS-140
-87.9125,172.64,TYR-141
-160.923,156.924,ASN-142
-147.568,141.505,TYR-143
-128.276,138.873,MET-144
-168.583,156.904,CYS-145
-69.4331,160.871,ASN-146
-126.206,-8.24239,SER-147
-95.1591,-19.1238,SER-148
-66.2461,171.591,CYS-149
-71.2558,-49.7318,MET-150
89.8215,-143.059,GLY-151
-89.9112,-145.331,GLY-152
-64.473,-24.548,ILE-153
-159.687,156.795,ASN-154
-62.3071,127.314,ARG-155
-127.841,161.544,ARG-156
-73.1398,147.997,PRO-157
-134.32,140.256,ILE-158
-114.02,144.982,LEU-159
-120.456,150.067,THR-160
-132.946,131.897,ILE-161
-126.403,132.039,ILE-162
-136.884,175.099,THR-163
-143.708,136.09,LEU-164
-159.41,145.836,GLU-165
-79.2998,154.418,ASP-166
-56.8391,-19.1601,SER-167
-94.7769,-0.62449,SER-168
89.506,9.72329,GLY-169
-61.7568,119.256,ASN-170
-82.4855,126.673,LEU-171
-102.017,-16.9698,LEU-172
176.458,157.621,GLY-173
-153.307,143.694,ARG-174
-161.385,138.721,ASN-175
-117.412,152.56,SER-176
-160.912,163.679,PHE-177
-88.9854,150.154,GLU-178
-107.248,137.749,VAL-179
-131.069,129.844,ARG-180
-90.2975,129.343,VAL-181
-125.681,154.522,CYS-182
-92.1415,-35.6348,ALA-183
-120.525,83.1751,CYS-184
-72.8818,-26.1754,PRO-185
-78.1938,-39.1224,GLY-186
-62.839,-58.0573,ARG-187
-44.5306,-50.1677,ASP-188
-62.968,-54.0026,ARG-189
-53.2913,-49.748,ARG-190
-53.0738,-38.9759,THR-191
-98.6583,-26.4271,GLU-192
-70.1412,-29.3907,GLU-193
-82.4396,-14.4922,GLU-194
-78.5641,-5.82122,ASN-195
-92.463,164.347,LEU-196
-88.697,-39.222,ARG-197
-53.4206,153.977,LYS-198
-58.7456,169.06,LYS-199
-152.735,163.587,GLY-200
-51.6182,144.611,GLU-201
-76.1546,175.862,PRO-202
-163.8,178.361,HIS-203
-52.8548,139.855,HIS-204
-100.359,-12.4901,GLU-205
-69.6875,-50.4028,LEU-206
-81.4892,156.011,PRO-207
-79.6327,163.506,PRO-208
-70.5967,-157.331,GLY-209
-136.953,-154.824,SER-210
-93.3514,175.396,THR-211
-107.274,140.707,LYS-212
71.8465,165.07,ARG-213
-79.703,160.951,ALA-214
-61.0703,-46.861,LEU-215
-70.5375,143.435,PRO-216
-78.6542,22.5631,ASN-217
-82.3441,126.721,ASN-218
-143.331,163.751,SER-2
155.58,149.549,SER-3
-59.4561,126.196,VAL-4
-55.6204,134.466,PRO-5
-70.4305,160.852,SER-6
-111.009,-10.6132,GLN-7
-57.5069,112.908,LYS-8
-54.8239,136.703,THR-9
-144.603,126.826,TYR-10
-70.8434,-48.0488,GLN-11
77.6712,-166.145,GLY-12
-70.9937,-9.68311,SER-13
-106.112,-9.97712,TYR-14
72.0295,41.6369,GLY-15
-61.0144,123.523,PHE-16
-136.961,149.402,ARG-17
-96.7842,158.187,LEU-18
-122.675,127.655,GLY-19
-104.571,-179.602,PHE-20
-80.7903,127.127,LEU-21
-89.9136,45.1384,HIS-22
-86.5367,-4.21335,SER-23
71.2299,-130.285,GLY-24
-154.109,-13.7235,THR-25
-57.6416,174.634,ALA-26
-38.9231,-46.8178,LYS-27
-76.9773,-22.2071,SER-28
-64.8036,131.913,VAL-29
-111.716,-41.8739,THR-30
-139.29,133.807,CYS-31
-158.645,157.8,THR-32
-143.213,140.471,TYR-33
-108.643,95.4201,SER-34
-62.8271,-10.4969,PRO-35
-68.6007,-24.2681,ALA-36
-128.799,-16.935,LEU-37
55.6959,50.5413,ASN-38
-144.714,131.901,LYS-39
-106.981,141.016,MET-40
-122.384,126.008,PHE-41
-133.828,127.03,CYS-42
-91.7251,129.428,GLN-43
-54.7815,139.765,LEU-44
62.5889,-25.8686,ALA-45
-70.3981,159.43,LYS-46
-56.9866,116.111,THR-47
-121.309,96.313,CYS-48
-73.7888,139.845,PRO-49
-116.667,150.802,VAL-50
-120.499,160.796,GLN-51
-148.179,146.963,LEU-52
-145.204,158.335,TRP-53
-127.454,129.898,VAL-54
-65.0463,-16.2622,ASP-55
-118.142,179.917,SER-56
-90.8593,118.46,THR-57
-72.4115,163.814,PRO-58
-63.4746,164.075,PRO-59
-70.6091,109.076,PRO-60
114.699,18.4717,GLY-61
-77.8921,133.045,THR-62
-142.588,170.08,ARG-63
-112.475,139.948,VAL-64
-123.369,143.874,ARG-65
-124.781,148.603,ALA-66
-159.234,174.39,MET-67
-155.175,98.9597,ALA-68
-77.7831,152.278,ILE-69
-126.378,134.424,TYR-70
-136.947,150.025,LYS-71
-124.195,-177.736,GLN-72
-70.7166,-16.4627,SER-73
-113.824,-48.6318,GLN-74
-72.2462,129.271,HIS-75
-106.875,-23.2303,MET-76
-107.203,4.70449,THR-77
-79.8986,157.864,GLU-78
-120.706,145.507,VAL-79
-62.4209,123.448,VAL-80
-143.331,169.093,ARG-81
-77.3446,170.534,ARG-82
-73.9436,158.593,CYS-83
-48.3957,-27.6668,PRO-84
-82.5593,-4.97204,HIS-85
-149.46,17.4604,HIS-86
-120.267,-1.32276,GLU-87
-127.598,-25.2401,ARG-88
-62.0957,152.576,CYS-89
-65.0165,-35.2739,SER-90
-58.0375,-36.7486,ASP-91
-85.381,-14.3251,SER-92
-87.8928,169.018,ASP-93
143.285,-149.544,GLY-94
-49.5298,-30.1141,LEU-95
-106.46,133.335,ALA-96
-65.6298,139.9,PRO-97
-59.3588,-32.0543,PRO-98
-60.9922,-36.3326,GLN-99
-65.2135,126.25,HIS-100
-79.0317,-48.7315,LEU-101
-77.5071,124.069,ILE-102
-157.095,149.826,ARG-103
-122.242,132.657,VAL-104
-115.936,-177.794,GLU-105
76.8575,-23.3345,GLY-106
-102.963,127.34,ASN-107
-105.195,-10.2555,LEU-108
-88.7106,-15.4378,ARG-109
-42.5568,140.86,VAL-110
-162.313,158.474,GLU-111
-104.84,140.095,TYR-112
-146.541,143.406,LEU-113
-64.3206,141.681,ASP-114
-67.4164,131.46,ASP-115
-64.7581,-15.6877,ARG-116
-104.802,-38.7846,ASN-117
-115.793,-10.4435,THR-118
67.1906,-6.00176,PHE-119
-53.8879,102.04,ARG-120
-62.8462,123.621,HIS-121
-162.198,152.294,SER-122
-67.8592,126.788,VAL-123
-129.335,133.183,VAL-124
-123.857,147.25,VAL-125
-75.3385,149.234,PRO-126
-75.337,128.76,TYR-127
-112.154,139.651,GLU-128
-54.4719,162.431,PRO-129
-52.5867,150.082,PRO-130
-81.6302,172.743,GLU-131
-67.96,128.241,VAL-132
95.2204,-22.0659,GLY-133
-85.317,174.795,SER-134
-113.373,-28.1268,ASP-135
-134.909,164.366,CYS-136
-72.9452,150,THR-137
-120.793,118.7,THR-138
-101.581,140.221,ILE-139
-108.404,101.831,HIS-140
-81.6978,169.506,TYR-141
-157.338,146.863,ASN-142
-140.332,154.949,TYR-143
-152.425,105.163,MET-144
-160.377,154.668,CYS-145
-56.4535,141.218,ASN-146
-108.416,-28.7363,SER-147
-70.019,-41.6132,SER-148
-64.4267,174.18,CYS-149
-79.7318,-38.3473,MET-150
79.4562,-131.17,GLY-151
-70.9241,-176.361,GLY-152
-67.509,-21.2416,ILE-153
-159.77,133.517,ASN-154
-51.7271,137.432,ARG-155
-152.923,178.819,ARG-156
-76.571,163.614,PRO-157
-147.215,124.967,ILE-158
-112.552,149.901,LEU-159
-112.931,137.625,THR-160
-88.9764,122.394,ILE-161
-101.569,144.784,ILE-162
-146.43,148.974,THR-163
-106.08,136.028,LEU-164
-155.699,145.347,GLU-165
-77.8299,160.755,ASP-166
-55.4182,-36.7019,SER-167
-88.4602,3.93598,SER-168
110.292,-4.83778,GLY-169
-70.1489,128.592,ASN-170
-84.1052,122.163,LEU-171
-97.4709,-23.746,LEU-172
176.281,148.677,GLY-173
-132.887,154.801,ARG-174
-151.663,146.212,ASN-175
-128.086,146.762,SER-176
-148.198,156.297,PHE-177
-85.6439,140.8,GLU-178
-104.348,140.096,VAL-179
-135.13,126.791,ARG-180
-88.6853,124.567,VAL-181
-122.617,144.841,CYS-182
-76.4205,-32.4043,ALA-183
-142.27,89.0714,CYS-184
-78.5455,-11.9109,PRO-185
-79.3086,-46.3529,GLY-186
-60.6816,-41.5523,ARG-187
-74.4848,-34.1824,ASP-188
-57.5884,-52.0587,ARG-189
-61.9176,-54.7409,ARG-190
-50.5795,-35.7325,THR-191
-92.6278,-20.6717,GLU-192
-81.1799,-25.7403,GLU-193
-64.8454,-21.5041,GLU-194
-58.5271,-23.0339,ASN-195
-95.7487,157.538,LEU-196
-76.5197,-42.7257,ARG-197
-52.6,146.954,LYS-198
-70.418,159.869,LYS-199
-114.53,-149.793,GLY-200
-104.253,155.384,GLU-201
-78.4309,176.458,PRO-202
-152.329,-168.398,HIS-203
-74.9734,126.026,HIS-204
-86.2917,-5.12276,GLU-205
-71.9049,-53.9904,LEU-206
-77.5794,156.581,PRO-207
-78.3157,171.418,PRO-208
-77.9471,-162.067,GLY-209
-124.053,-120.836,SER-210
-137.872,156.945,THR-211
-94.3056,138.496,LYS-212
72.1839,155.659,ARG-213
-69.9425,158.327,ALA-214
-60.5745,-39.6015,LEU-215
-69.5068,145.322,PRO-216
-76.7214,18.5575,ASN-217
-61.0306,131.372,ASN-218
-167.674,150.945,SER-2
175.962,159.024,SER-3
-68.0467,136.948,VAL-4
-69.8337,141.044,PRO-5
-71.364,145.44,SER-6
-90.3687,-2.52948,GLN-7
-66.8855,118.814,LYS-8
-63.5689,131.027,THR-9
-153.243,141.917,TYR-10
-75.4278,-42.6493,GLN-11
61.4831,-153.049,GLY-12
-59.6852,-47.1155,SER-13
-87.3001,-10.2034,TYR-14
79.3203,33.5314,GLY-15
-70.434,147.098,PHE-16
-166.132,145.477,ARG-17
-107.161,139.88,LEU-18
-126.386,107.001,GLY-19
-77.2778,173.708,PHE-20
-74.436,153.242,LEU-21
-108.546,24.9911,HIS-22
-77.866,-12.128,SER-23
81.8164,-132.892,GLY-24
-150.492,0.0142574,THR-25
-69.0401,163.219,ALA-26
-44.0743,-38.1673,LYS-27
-61.2095,-23.7246,SER-28
-76.4325,119.73,VAL-29
-87.6945,-30.3477,THR-30
-167.189,139.317,CYS-31
-173.985,163.925,THR-32
-159.301,140.864,TYR-33
-117.787,111.86,SER-34
-59.2489,-38.485,PRO-35
-73.6036,-1.11075,ALA-36
-109.883,-23.3826,LEU-37
65.9919,35.6216,ASN-38
-130.138,146.182,LYS-39
-120.769,119.825,MET-40
-103.696,113.653,PHE-41
-114.17,132.413,CYS-42
-73.5929,121.382,GLN-43
-52.3299,125.413,LEU-44
93.7079,-38.1004,ALA-45
-71.0913,173.473,LYS-46
-78.219,115.996,THR-47
-108.289,79.4678,CYS-48
-80.4979,145.138,PRO-49
-140.429,138.079,VAL-50
-106.439,174.948,GLN-51
-161.037,161.931,LEU-52
-138.217,151.498,TRP-53
-138.391,139.129,VAL-54
-91.3951,-14.2849,ASP-55
-124.705,149.082,SER-56
-77.2735,121.41,THR-57
-69.2903,165.163,PRO-58
-78.3633,144.414,PRO-59
-59.2845,126.331,PRO-60
105.882,6.27661,GLY-61
-71.2861,137.377,THR-62
-131.611,153.174,ARG-63
-87.4709,136.437,VAL-64
-117.988,138.79,ARG-65
-123.215,129.813,ALA-66
-142.604,-166.962,MET-67
-168.211,107.892,ALA-68
-99.9225,163.694,ILE-69
-135.24,138.308,TYR-70
-122.864,153.772,LYS-71
-123.072,-174.108,GLN-72
-58.0123,-17.0665,SER-73
-132.093,-59.1795,GLN-74
-78.5262,148.58,HIS-75
-137.279,-12.3054,MET-76
-91.4736,79.276,THR-77
-157.013,165.27,GLU-78
-119.299,140.379,VAL-79
-48.2246,133.335,VAL-80
-149.867,158.105,ARG-81
-59.2514,161.69,ARG-82
-58.5946,161.218,CYS-83
-55.9328,-37.7843,PRO-84
-64.2608,-14.2776,HIS-85
-144.716,11.0505,HIS-86
-88.1683,2.97753,GLU-87
-153.956,-27.9279,ARG-88
-64.1623,153.408,CYS-89
-74.4316,-15.4966,SER-90
-70.3978,-31.0115,ASP-91
-90.5784,-7.95661,SER-92
-95.6384,155.547,ASP-93
165.082,-137.358,GLY-94
-60.2538,-46.5369,LEU-95
-84.522,144.743,ALA-96
-69.196,149.044,PRO-97
-69.9993,-25.8088,PRO-98
-61.8664,-39.8249,GLN-99
-67.0716,131.175,HIS-100
-79.8341,-60.1433,LEU-101
-52.3987,106.855,ILE-102
-130.942,156.883,ARG-103
-124.112,149.086,VAL-104
-146.247,-168.598,GLU-105
63.9378,14.4102,GLY-106
-136.918,139.155,ASN-107
-77.9613,-49.4707,LEU-108
-58.1509,18.0209,ARG-109
-76.0438,136.547,VAL-110
-162.769,166.1,GLU-111
-101.697,157.883,TYR-112
-150.977,140.246,LEU-113
-59.0274,142.018,ASP-114
-80.192,137.517,ASP-115
-66.3745,-12.1376,ARG-116
-122.497,-63.3343,ASN-117
-55.9271,-38.2803,THR-118
75.4305,-2.09379,PHE-119
-61.4449,117.264,ARG-120
-77.1299,124.96,HIS-121
-154.919,153.686,SER-122
-68.0554,134.509,VAL-123
-131.691,144.468,VAL-124
-139.848,146.899,VAL-125
-49.1637,164.491,PRO-126
-98.6951,127.636,TYR-127
-119.732,143.314,GLU-128
-51.8969,153.85,PRO-129
-80.2065,136.2,PRO-130
-55.46,169.835,GLU-131
-60.7765,135.181,VAL-132
77.9836,-21.7422,GLY-133
-73.772,148.206,SER-134
-76.0696,-57.488,ASP-135
-129.88,-172.406,CYS-136
-89.4528,132.872,THR-137
-107.64,110.341,THR-138
-91.4577,129.045,ILE-139
-103.716,137.526,HIS-140
-128.813,170.158,TYR-141
-148.457,161.183,ASN-142
-140.679,135.363,TYR-143
-125.225,121.795,MET-144
-160.062,165.772,CYS-145
-70.475,157.216,ASN-146
-128.439,-30.4759,SER-147
-100.791,-23.678,SER-148
-63.2472,162.353,CYS-149
-52.1162,-51.794,MET-150
60.8366,-133.953,GLY-151
-63.4361,179.212,GLY-152
-60.3907,-13.7336,ILE-153
-157.608,133.621,ASN-154
-51.7717,137.163,ARG-155
-150.684,168.22,ARG-156
-83.2122,153.66,PRO-157
-134.309,117.83,ILE-158
-96.0077,131.616,LEU-159
-77.1104,140.638,THR-160
-108.211,130.686,ILE-161
-114.861,122.321,ILE-162
-111.596,165.24,THR-163
-117.167,149.454,LEU-164
-163.695,137.713,GLU-165
-71.1297,174.999,ASP-166
-74.8432,-18.8474,SER-167
-82.4335,15.4692,SER-168
77.5593,-0.116719,GLY-169
-75.2883,125.616,ASN-170
-74.2068,135.21,LEU-171
-99.9867,-12.0032,LEU-172
163.939,171.16,GLY-173
-143.213,148.566,ARG-174
-153.398,136.733,ASN-175
-120.741,136.578,SER-176
-131.986,158.247,PHE-177
-90.534,134.769,GLU-178
-99.5915,138.67,VAL-179
-129.369,129.613,ARG-180
-96.5986,129.215,VAL-181
-130.364,137.514,CYS-182
-66.0683,-46.0375,ALA-183
-128.823,97.8269,CYS-184
-68.3724,-23.9734,PRO-185
-59.9872,-54.797,GLY-186
-58.3239,-39.3753,ARG-187
-69.0698,-46.8164,ASP-188
-56.7563,-52.6014,ARG-189
-42.7607,-47.5913,ARG-190
-60.3223,-43.5196,THR-191
-71.4745,-42.452,GLU-192
-71.7774,-13.7425,GLU-193
-75.2277,-12.6599,GLU-194
-100.491,17.9205,ASN-195
-109.549,164.057,LEU-196
-89.9792,-33.8968,ARG-197
-52.8446,146.09,LYS-198
-50.483,121.696,LYS-199
-95.0979,166.114,GLY-200
-73.7224,143.176,GLU-201
-79.6722,157.995,PRO-202
-156.312,171.431,HIS-203
-64.0585,121.379,HIS-204
-67.5065,-39.5889,GLU-205
-68.7378,-56.3224,LEU-206
-69.1429,123.914,PRO-207
-53.9806,164.287,PRO-208
-77.7476,167.318,GLY-209
-96.2986,-108.08,SER-210
-135.434,176.833,THR-211
-118.742,127.445,LYS-212
85.6641,146.14,ARG-213
-71.9801,159.278,ALA-214
-54.0212,-52.5902,LEU-215
-59.0043,144.082,PRO-216
-81.3844,15.2123,ASN-217
-55.0598,122.053,ASN-218
-160.744,131.803,SER-2
-170.182,149.599,SER-3
-57.0477,125.81,VAL-4
-70.0879,166.596,PRO-5
-93.133,136.799,SER-6
-94.4134,-15.6928,GLN-7
-67.5726,126.091,LYS-8
-86.529,138.579,THR-9
-168.15,143.217,TYR-10
-92.4612,-44.1092,GLN-11
65.6201,-160.134,GLY-12
-75.1584,-21.5687,SER-13
-78.8855,-29.4073,TYR-14
92.8505,43.4708,GLY-15
-74.5903,128.309,PHE-16
-163.456,156.386,ARG-17
-107.403,171.384,LEU-18
-140.304,123.092,GLY-19
-98.6007,168.465,PHE-20
-61.3723,147.904,LEU-21
-105.429,6.58259,HIS-22
-77.0731,-14.2017,SER-23
81.3232,-118.651,GLY-24
-127.566,-29.5295,THR-25
-64.45,158.454,ALA-26
-56.4151,-32.8679,LYS-27
-53.8267,-21.9432,SER-28
-80.2621,129.698,VAL-29
-108.436,-33.7647,THR-30
-135.993,151.742,CYS-31
-161.431,159.744,THR-32
-142.356,128.716,TYR-33
-97.2432,113.937,SER-34
-52.5655,-49.2342,PRO-35
-65.1821,-16.1784,ALA-36
-112.117,-29.0668,LEU-37
75.024,32.8822,ASN-38
-127.744,121.182,LYS-39
-92.3411,132.057,MET-40
-117.474,115.875,PHE-41
-125.999,123.236,CYS-42
-65.7205,132.734,GLN-43
-62.5003,152.934,LEU-44
57.5523,-25.2049,ALA-45
-78.0741,167.815,LYS-46
-77.1604,125.451,THR-47
-110.425,93.9382,CYS-48
-71.5503,131.276,PRO-49
-131.363,128.446,VAL-50
-107.191,153.308,GLN-51
-141.547,150.214,LEU-52
-134.493,168.177,TRP-53
-150.292,134.578,VAL-54
-74.6701,-25.1754,ASP-55
-136.538,175.511,SER-56
-78.6811,125.788,THR-57
-56.9844,170.525,PRO-58
-68.6386,153.018,PRO-59
-68.1308,140.123,PRO-60
100.333,7.83415,GLY-61
-64.7353,121.233,THR-62
-116.695,148.845,ARG-63
-85.4684,130.999,VAL-64
-117.788,136.618,ARG-65
-117.332,151.809,ALA-66
-160.156,169.778,MET-67
-153.629,114.122,ALA-68
-99.7976,143.95,ILE-69
-110.009,128.81,TYR-70
-119.706,137.39,LYS-71
-144.271,166.733,GLN-72
-67.8387,-4.90526,SER-73
-137.392,9.76479,GLN-74
-142.457,134,HIS-75
-135.518,-0.361179,MET-76
-83.2959,59.0844,THR-77
-139.379,159.161,GLU-78
-104.571,149.036,VAL-79
-62.886,137,VAL-80
-153.455,167.643,ARG-81
-75.1024,176.883,ARG-82
-74.2133,152.651,CYS-83
-58.0234,-15.7179,PRO-84
-92.7738,3.05227,HIS-85
-142.57,8.40306,HIS-86
-84.8076,-3.62344,GLU-87
-168.378,-7.77705,ARG-88
-69.9804,162.49,CYS-89
-70.2687,-12.1677,SER-90
-86.7473,4.95065,ASP-91
-122.385,-36.9332,SER-92
-86.7078,156.888,ASP-93
156.674,-127.991,GLY-94
-68.3609,-58.0245,LEU-95
-75.1356,155.054,ALA-96
-65.7082,147.195,PRO-97
-62.7467,-17.8401,PRO-98
-91.7367,-24.2812,GLN-99
-61.5811,119.036,HIS-100
-76.4179,-52.1464,LEU-101
-70.1263,100.626,ILE-102
-130.252,164.684,ARG-103
-142.46,146.828,VAL-104
-152.79,173.52,GLU-105
94.9827,-44.7605,GLY-106
-86.8409,128.127,ASN-107
-86.197,-34.4247,LEU-108
-78.0575,31.4835,ARG-109
-73.6804,150.953,VAL-110
-161.652,155.923,GLU-111
-87.6147,152.783,TYR-112
-179.346,141.85,LEU-113
-67.27,148.57,ASP-114
-85.2257,122.309,ASP-115
-44.3483,-41.8772,ARG-116
-83.4015,-38.5069,ASN-117
-109.459,-18.1783,THR-118
68.0013,1.9657,PHE-119
-56.1391,113.694,ARG-120
-73.0134,120.104,HIS-121
-149.013,159.809,SER-122
-73.6739,125.98,VAL-123
-118.116,131.84,VAL-124
-127.981,150.552,VAL-125
-80.235,-178.443,PRO-126
-115.853,152.087,TYR-127
-143.359,144.74,GLU-128
-56.2702,166.772,PRO-129
-60.8022,152.383,PRO-130
-77.2122,160.145,GLU-131
-50.7982,131.542,VAL-132
62.7694,-0.585576,GLY-133
-64.2497,151.272,SER-134
-85.8802,-37.5599,ASP-135
-124.273,-176.638,CYS-136
-88.1987,120.74,THR-137
-89.3898,139.729,THR-138
-123.587,140.004,ILE-139
-116.366,138.806,HIS-140
-133.581,164.999,TYR-141
-156.296,160.522,ASN-142
-146.033,160.003,TYR-143
-151.034,113.03,MET-144
-165.797,171.585,CYS-145
-85,166.444,ASN-146
-151.248,-17.9293,SER-147
-121.554,-16.3503,SER-148
-69.2969,177.4,CYS-149
-79.0044,-35.881,MET-150
69.1008,-136.492,GLY-151
-71.5466,179.509,GLY-152
-63.6903,-28.2478,ILE-153
-138.402,140.326,ASN-154
-66.5113,139.226,ARG-155
-162.363,158.801,ARG-156
-76.2578,105.819,PRO-157
-90.0713,128.111,ILE-158
-99.9025,176.284,LEU-159
-134.611,146.918,THR-160
-106.741,113.793,ILE-161
-105.741,137.749,ILE-162
-131.478,-179.976,THR-163
-148.198,133.471,LEU-164
-156.989,139.448,GLU-165
-60.928,156.997,ASP-166
-47.6811,-46.3666,SER-167
-62.0916,-6.17668,SER-168
95.7364,-10.4773,GLY-169
-52.0109,112.089,ASN-170
-77.0495,124.165,LEU-171
-91.2328,-36.0525,LEU-172
-165.082,178.503,GLY-173
-153.377,142.232,ARG-174
-148.749,171.09,ASN-175
-168.342,141.079,SER-176
-152.494,162.793,PHE-177
-86.9486,139.307,GLU-178
-111.914,133.385,VAL-179
-133.086,105.009,ARG-180
-71.2368,133.214,VAL-181
-135.528,163.148,CYS-182
-92.906,-53.443,ALA-183
-106.508,63.7101,CYS-184
-52.9458,-30.5581,PRO-185
-69.1857,-34.9402,GLY-186
-70.4231,-40.6218,ARG-187
-74.6965,-34.8256,ASP-188
-67.0582,-52.9367,ARG-189
-56.6723,-37.8532,ARG-190
-61.6132,-58.7257,THR-191
-72.4836,-39.3428,GLU-192
-62.2086,-33.5772,GLU-193
-61.5683,-11.6371,GLU-194
-65.6025,-10.9404,ASN-195
-107.593,154.094,LEU-196
-71.4109,-34.5463,ARG-197
-56.3619,148.777,LYS-198
-75.3809,138.258,LYS-199
-110.936,149.9,GLY-200
-63.9193,132.338,GLU-201
-55.5461,165.925,PRO-202
-153.308,169.979,HIS-203
-63.2815,127.144,HIS-204
-85.3565,-22.6246,GLU-205
-63.8127,-51.4051,LEU-206
-77.4335,140.756,PRO-207
-79.5104,164.102,PRO-208
-72.0521,162.406,GLY-209
-96.1074,-109.811,SER-210
-147.841,173.281,THR-211
-93.0716,129.499,LYS-212
76.2093,152.192,ARG-213
-66.7774,-179.505,ALA-214
-87.7052,-39.5866,LEU-215
-61.8006,142.636,PRO-216
-85.6114,32.3628,ASN-217
-68.3606,117.25,ASN-218
-153.586,150.058,SER-2
-160.707,176.275,SER-3
-82.3553,132.81,VAL-4
-67.847,142.521,PRO-5
-80.5687,146.477,SER-6
-110.398,-11.694,GLN-7
-47.1321,99.5312,LYS-8
-53.4987,146.289,THR-9
-154.785,124.97,TYR-10
-83.2219,-41.4121,GLN-11
47.876,-163.255,GLY-12
-69.065,-7.92072,SER-13
-86.5908,-25.2891,TYR-14
87.6133,17.0137,GLY-15
-59.8868,135.869,PHE-16
-171.986,176.144,ARG-17
-101.699,-156.343,LEU-18
175.177,159.021,GLY-19
-161.376,155.258,PHE-20
-62.8964,137.857,LEU-21
-112.615,32.0674,HIS-22
-76.5394,-17.9143,SER-23
74.604,-114.346,GLY-24
-141.124,-18.7321,THR-25
-51.9283,159.349,ALA-26
-59.1441,-18.9644,LYS-27
-66.682,-21.3046,SER-28
-54.4048,128.307,VAL-29
-108.791,-27.9115,THR-30
-161.601,134.829,CYS-31
-151.719,157.786,THR-32
-140.172,149.568,TYR-33
-125.391,103.843,SER-34
-61.9741,-46.94,PRO-35
-70.0641,-17.6044,ALA-36
-87.1874,-25.6128,LEU-37
64.3244,21.9247,ASN-38
-120.269,142.289,LYS-39
-123.493,130.645,MET-40
-105.417,93.2283,PHE-41
-102.814,139.681,CYS-42
-72.1823,140.68,GLN-43
-59.1076,144.817,LEU-44
84.7121,-50.5625,ALA-45
-61.3403,154.129,LYS-46
-68.3971,124.515,THR-47
-115.754,70.5648,CYS-48
-59.0789,127.664,PRO-49
-126.732,169.56,VAL-50
-147.531,170.608,GLN-51
-145.384,151.027,LEU-52
-118.37,136.164,TRP-53
-131.919,127.995,VAL-54
-87.4949,-41.7126,ASP-55
-81.9003,172.606,SER-56
-105.505,98.8343,THR-57
-69.9091,157.928,PRO-58
-74.7293,169.793,PRO-59
-66.8354,134.38,PRO-60
98.9734,8.8031,GLY-61
-71.3952,141.142,THR-62
-127.056,154.593,ARG-63
-105.709,142.285,VAL-64
-133.236,131.935,ARG-65
-124.76,128.936,ALA-66
-139.232,166.978,MET-67
-165.045,102.223,ALA-68
-95.0095,155.237,ILE-69
-119.005,141.292,TYR-70
-125.104,142.002,LYS-71
-125.896,177.515,GLN-72
-65.4039,-28.8643,SER-73
-124.114,20.9622,GLN-74
-143.155,141.791,HIS-75
-127.861,-9.14695,MET-76
-83.1537,67.7519,THR-77
-158.938,156.176,GLU-78
-113.585,150.602,VAL-79
-79.7768,134.926,VAL-80
-151.812,153.083,ARG-81
-60.3945,161.258,ARG-82
-50.2717,157.664,CYS-83
-58.6826,-18.615,PRO-84
-77.6084,-14.0869,HIS-85
-158.121,37.0115,HIS-86
-104.009,1.19009,GLU-87
-150.667,-25.9759,ARG-88
-63.8918,173.409,CYS-89
-62.6026,-22.3986,SER-90
-80.927,-28.9409,ASP-91
-81.4992,-27.8637,SER-92
-79.049,158.093,ASP-93
159.119,-142.344,GLY-94
-56.1429,-46.0884,LEU-95
-73.3254,146.428,ALA-96
-51.1251,143.656,PRO-97
-63.4855,-22.9635,PRO-98
-74.2765,-40.0428,GLN-99
-67.7777,134.102,HIS-100
-76.6217,-45.3736,LEU-101
-75.7121,118.748,ILE-102
-133.036,149.104,ARG-103
-99.7527,136.789,VAL-104
-128.373,-168.179,GLU-105
67.5841,-12.2111,GLY-106
-111.545,137.123,ASN-107
-91.3119,-24.3663,LEU-108
-82.1611,-5.2278,ARG-109
-64.6805,140.889,VAL-110
-160.009,171.192,GLU-111
-108.877,158.233,TYR-112
-156.86,155.079,LEU-113
-70.6439,145.025,ASP-114
-77.0561,126.356,ASP-115
-42.7958,-28.4481,ARG-116
-107.853,-37.6145,ASN-117
-100.858,-17.6407,THR-118
70.1218,3.45044,PHE-119
-70.0685,110.098,ARG-120
-59.5798,102.796,HIS-121
-141.199,151.181,SER-122
-66.547,157.764,VAL-123
-140.721,134.635,VAL-124
-124.483,139.502,VAL-125
-71.0344,141.565,PRO-126
-60.9603,128.461,TYR-127
-140.292,149.63,GLU-128
-57.5767,173.818,PRO-129
-65.7481,159.67,PRO-130
-81.5364,165.22,GLU-131
-51.6119,130.702,VAL-132
88.0447,11.1964,GLY-133
-135.17,169.279,SER-134
-109.944,-7.3237,ASP-135
-151.342,143.074,CYS-136
-60.1733,130.309,THR-137
-94.8475,147.702,THR-138
-129.676,135.006,ILE-139
-110.374,124.346,HIS-140
-109.917,177.903,TYR-141
-166.961,153.303,ASN-142
-152.904,154.706,TYR-143
-150.318,130.868,MET-144
169.131,170.276,CYS-145
-86.4929,157.103,ASN-146
-132.606,6.95586,SER-147
-154.165,-9.54483,SER-148
-53.6283,161.285,CYS-149
-64.1499,-49.7126,MET-150
89.333,-131.583,GLY-151
-79.9653,-173.103,GLY-152
-69.888,-10.0831,ILE-153
-154.163,150.783,ASN-154
-71.8919,151.565,ARG-155
-165.264,163.966,ARG-156
-92.0951,159.685,PRO-157
-135.875,134.114,ILE-158
-120.401,146.835,LEU-159
-126.146,132.876,THR-160
-107.902,117.923,ILE-161
-111.179,112.705,ILE-162
-114.949,136.88,THR-163
-109.378,126.497,LEU-164
-145.827,138.422,GLU-165
-68.2683,142.271,ASP-166
-28.5067,-31.2664,SER-167
-93.9259,0.110172,SER-168
95.4769,5.5879,GLY-169
-80.0752,112.191,ASN-170
-67.0156,122.352,LEU-171
-103.819,-0.145826,LEU-172
172.681,158.815,GLY-173
-139.92,134.57,ARG-174
-142.089,129.306,ASN-175
-123.454,139.851,SER-176
-148.048,168.533,PHE-177
-96.2098,136.743,GLU-178
-93.9377,145.145,VAL-179
-143.265,116.803,ARG-180
-88.8399,110.524,VAL-181
-120.461,138.386,CYS-182
-68.7184,-41.7003,ALA-183
-126.34,87.2544,CYS-184
-66.3303,-37.9007,PRO-185
-87.0414,-24.5049,GLY-186
-63.3456,-50.19,ARG-187
-63.4318,-49.9957,ASP-188
-49.0194,-67.2434,ARG-189
-39.5447,-44.4004,ARG-190
-59.1528,-49.0694,THR-191
-72.4479,-33.3626,GLU-192
-73.8474,-26.1835,GLU-193
-88.0438,-26.3877,GLU-194
-60.2676,-25.2839,ASN-195
-71.4322,144.461,LEU-196
-78.301,-36.5569,ARG-197
-78.2258,162.647,LYS-198
-80.0583,130.854,LYS-199
-110.114,-165.848,GLY-200
-101.333,136.638,GLU-201
-73.5132,139.83,PRO-202
-110.691,-177.061,HIS-203
-66.7812,125.901,HIS-204
-79.9143,-18.2382,GLU-205
-61.1967,-64.2491,LEU-206
-78.7986,139.487,PRO-207
-86.4468,172.9,PRO-208
-62.321,153.458,GLY-209
-83.7351,-112.402,SER-210
-125.514,159.499,THR-211
-105.997,141.053,LYS-212
75.0306,143.636,ARG-213
-62.2181,159.457,ALA-214
-66.1907,-43.6548,LEU-215
-62.8265,148.203,PRO-216
-83.2902,12.128,ASN-217
-44.6679,125.306,ASN-218
-108.254,145.575,SER-2
-174.118,161.624,SER-3
-84.9965,128.524,VAL-4
-46.0916,122.863,PRO-5
-64.6903,118.661,SER-6
-79.8792,-14.3535,GLN-7
-64.9522,132.718,LYS-8
-64.0743,151.636,THR-9
-151.192,148.496,TYR-10
-93.648,-40.2996,GLN-11
53.1332,-145.041,GLY-12
-64.3639,-39.5653,SER-13
-74.7806,-21.0241,TYR-14
67.9018,27.9782,GLY-15
-70.212,134.734,PHE-16
-161.95,159.259,ARG-17
-110.159,165.042,LEU-18
-143.133,136.193,GLY-19
-100.092,-179.224,PHE-20
-92.5471,153.205,LEU-21
-97.6406,-2.72742,HIS-22
-60.952,-19.4455,SER-23
84.8356,-113.21,GLY-24
-149.305,-13.1549,THR-25
-68.2307,174.419,ALA-26
-55.2634,-28.6845,LYS-27
-62.4108,-14.5431,SER-28
-72.9966,103.796,VAL-29
-82.4129,-29.3032,THR-30
-148.301,141.929,CYS-31
-151.85,176.939,THR-32
-156.114,154.269,TYR-33
-130.292,95.2535,SER-34
-65.1309,-22.7342,PRO-35
-72.6071,-14.0722,ALA-36
-112.203,-17.6226,LEU-37
54.6821,35.749,ASN-38
-115.108,131.781,LYS-39
-110.409,137.543,MET-40
-124.746,115.681,PHE-41
-126.507,149.679,CYS-42
-87.5913,128.19,GLN-43
-49.1678,144.351,LEU-44
66.675,-49.6633,ALA-45
-55.9496,151.741,LYS-46
-63.0873,127.697,THR-47
-125.328,103.524,CYS-48
-82.3298,158.928,PRO-49
-151.838,142.721,VAL-50
-121.42,165.875,GLN-51
-151.865,151.589,LEU-52
-135.89,158.056,TRP-53
-135.752,126.689,VAL-54
-74.9115,-40.4138,ASP-55
-79.7812,143.623,SER-56
-74.9188,119.51,THR-57
-93.8143,167.381,PRO-58
-67.0833,162.562,PRO-59
-74.9358,125.39,PRO-60
101.161,28.6873,GLY-61
-66.703,146.376,THR-62
-129.019,148.257,ARG-63
-96.78,122.011,VAL-64
-93.999,149.957,ARG-65
-143.875,120.131,ALA-66
-108.072,-172.871,MET-67
179.752,90.2925,ALA-68
-78.7514,146.617,ILE-69
-106.102,143.16,TYR-70
-130.96,134.368,LYS-71
-132.519,170.701,GLN-72
-59.1296,-5.92383,SER-73
-155.071,39.0175,GLN-74
-173.441,113.621,HIS-75
-137.624,-6.94785,MET-76
-76.4606,43.8668,THR-77
-146.441,163.768,GLU-78
-121.979,147.222,VAL-79
-70.4075,132.848,VAL-80
-142.453,163.99,ARG-81
-61.6079,157.781,ARG-82
-52.365,158.36,CYS-83
-58.7395,-35.564,PRO-84
-76.0264,6.6488,HIS-85
-140.122,18.7521,HIS-86
-114.058,-9.89382,GLU-87
-153.859,-26.4487,ARG-88
-59.8265,154.682,CYS-89
-63.4526,-3.40714,SER-90
-81.6358,-23.2425,ASP-91
-107.794,-17.3175,SER-92
-87.6608,144.208,ASP-93
168.411,-115.388,GLY-94
-75.1732,-60.6098,LEU-95
-84.3884,132.462,ALA-96
-68.2566,152.167,PRO-97
-72.6023,-16.1658,PRO-98
-68.4276,-43.8725,GLN-99
-69.0581,123.317,HIS-100
-76.2132,-20.814,LEU-101
-95.941,130.848,ILE-102
-149.359,165.866,ARG-103
-136.718,134.194,VAL-104
-127.06,-174.164,GLU-105
83.6422,-66.2306,GLY-106
-64.247,119.74,ASN-107
-67.7207,-23.666,LEU-108
-103.559,2.72778,ARG-109
-36.9944,136.25,VAL-110
-170.603,140.641,GLU-111
-79.4839,144.961,TYR-112
-142.68,169.643,LEU-113
-78.3966,150.122,ASP-114
-88.7789,124.968,ASP-115
-59.6066,-11.8756,ARG-116
-123.042,-39.8752,ASN-117
-103.33,-6.16137,THR-118
64.0301,-19.5528,PHE-119
-54.9015,121.428,ARG-120
-78.2466,132.511,HIS-121
-167.768,151.627,SER-122
-74.4781,128.127,VAL-123
-118.059,131.499,VAL-124
-117.661,157.113,VAL-125
-71.1537,157.979,PRO-126
-77.7475,139.464,TYR-127
-152.395,139.997,GLU-128
-56.1912,154.028,PRO-129
-63.324,151.961,PRO-130
-80.7255,161.898,GLU-131
-51.4976,117.27,VAL-132
72.3798,-2.47853,GLY-133
-78.3917,148.14,SER-134
-110.081,-7.28084,ASP-135
-150.817,164.453,CYS-136
-83.285,127.952,THR-137
-97.7264,131.109,THR-138
-101.867,142.33,ILE-139
-112.5,98.9335,HIS-140
-87.1171,173.866,TYR-141
-165.628,158.162,ASN-142
-149.493,141.379,TYR-143
-133.575,109.708,MET-144
-156.283,-170.524,CYS-145
-77.5139,138.672,ASN-146
-98.8121,-19.9597,SER-147
-133.402,-21.2532,SER-148
-88.3808,-177.072,CYS-149
-64.6409,-53.4671,MET-150
83.9852,-128.516,GLY-151
-77.3328,-150.242,GLY-152
-72.9589,-31.8088,ILE-153
-141.966,147.92,ASN-154
-65.4991,131.118,ARG-155
-132.775,177.738,ARG-156
-90.5079,140.631,PRO-157
-121.94,142.181,ILE-158
-114.675,144.275,LEU-159
-95.721,155.209,THR-160
-126.05,101.262,ILE-161
-93.5466,133.918,ILE-162
-132.439,143.461,THR-163
-98.6192,138.818,LEU-164
-144.571,133.098,GLU-165
-68.7772,157.473,ASP-166
-58.4751,-15.1458,SER-167
-78.9761,7.3648,SER-168
57.6153,2.16978,GLY-169
-60.1506,115.804,ASN-170
-72.193,113.634,LEU-171
-81.3504,-19.3225,LEU-172
-173.34,150.815,GLY-173
-133.341,137.779,ARG-174
-142.941,145.476,ASN-175
-136.916,143.541,SER-176
-135.156,153.515,PHE-177
-82.5048,136.51,GLU-178
-103.093,152.957,VAL-179
-154.316,116.394,ARG-180
-77.5048,140.088,VAL-181
-144.507,147.209,CYS-182
-103.271,-34.6195,ALA-183
-117.608,79.3795,CYS-184
-61.3111,-32.3402,PRO-185
-75.5539,-26.1515,GLY-186
-79.6213,-45.5614,ARG-187
-65.7395,-31.2848,ASP-188
-54.9282,-62.7481,ARG-189
-55.7753,-43.0214,ARG-190
-50.982,-46.1585,THR-191
-83.2215,-48.2909,GLU-192
-70.8484,-17.6581,GLU-193
-69.0826,-29.0289,GLU-194
-83.7912,8.06012,ASN-195
-83.2154,160.666,LEU-196
-79.7989,-22.4782,ARG-197
-87.0582,150.912,LYS-198
-56.4763,141.2,LYS-199
-116.79,163.222,GLY-200
-74.1714,125.516,GLU-201
-62.9645,171.948,PRO-202
-158.145,-168.164,HIS-203
-61.1787,124.759,HIS-204
-88.9509,-28.555,GLU-205
-65.345,-72.2596,LEU-206
-70.5193,164.672,PRO-207
-82.1146,169.428,PRO-208
-75.9211,-117.467,GLY-209
-163.402,-132.75,SER-210
-127.325,161.174,THR-211
-84.6847,138.986,LYS-212
80.8786,164.741,ARG-213
-75.2194,157.399,ALA-214
-60.6793,-45.9015,LEU-215
-60.8307,148.404,PRO-216
-88.6228,18.4759,ASN-217
-55.1043,124.549,ASN-218
-105.17,165.71,SER-2
-178.788,154.657,SER-3
-72.3179,130.229,VAL-4
-55.251,147.82,PRO-5
-86.8182,143.858,SER-6
-114.979,11.3547,GLN-7
-80.5517,126.962,LYS-8
-68.6706,141.926,THR-9
-154.745,147.912,TYR-10
-94.9756,-52.6034,GLN-11
61.7776,-163.733,GLY-12
-61.0306,-15.1197,SER-13
-105.833,10.8908,TYR-14
58.4363,26.6104,GLY-15
-61.1882,130.425,PHE-16
-157.566,159.219,ARG-17
-111.448,152.362,LEU-18
-117.056,122.698,GLY-19
-113.747,157.476,PHE-20
-61.9081,155.454,LEU-21
-93.3337,-8.7838,HIS-22
-46.7512,-37.1908,SER-23
74.0045,-106.499,GLY-24
-137.44,-21.4229,THR-25
-49.1278,151.352,ALA-26
-43.2189,-23.1708,LYS-27
-60.1666,-19.4418,SER-28
-69.4645,124.921,VAL-29
-122.722,-11.1016,THR-30
-156.894,109.718,CYS-31
-139.247,157.351,THR-32
-125.33,132.338,TYR-33
-98.5457,102.937,SER-34
-71.8551,-24.4903,PRO-35
-82.5102,-4.93517,ALA-36
-110.856,-13.1979,LEU-37
52.3311,30.5668,ASN-38
-125.057,132.708,LYS-39
-104.644,124.106,MET-40
-99.8901,113.455,PHE-41
-107.027,142.579,CYS-42
-85.5554,133.323,GLN-43
-66.4906,152.355,LEU-44
62.5438,20.3525,ALA-45
-143.251,165.736,LYS-46
-77.1704,123.936,THR-47
-115.301,89.4435,CYS-48
-73.6716,135.532,PRO-49
-123.772,139.81,VAL-50
-108.919,172.192,GLN-51
-158.093,139.258,LEU-52
-114.901,140.185,TRP-53
-127.382,102.932,VAL-54
-75.6644,23.7752,ASP-55
-151.926,165.732,SER-56
-83.8979,126.772,THR-57
-74.8601,163.861,PRO-58
-60.3171,168.074,PRO-59
-76.5597,131.304,PRO-60
86.0221,10.1712,GLY-61
-55.2704,140.079,THR-62
-113.729,148.229,ARG-63
-93.0273,138.581,VAL-64
-146.986,131.313,ARG-65
-110.839,129.435,ALA-66
-123.301,169.661,MET-67
-171.168,76.4494,ALA-68
-90.27,145.37,ILE-69
-98.8096,162.472,TYR-70
-150.1,128.293,LYS-71
-123.752,177.95,GLN-72
-68.8952,-1.43233,SER-73
-143.611,25.6218,GLN-74
-146.148,128.013,HIS-75
-145.287,13.6816,MET-76
-73.1581,58.5988,THR-77
-158.387,179.756,GLU-78
-121.638,150.884,VAL-79
-88.8773,122.655,VAL-80
-127.041,170.116,ARG-81
-61.7095,157.681,ARG-82
-62.6963,163.002,CYS-83
-55.2534,-35.1494,PRO-84
-79.7532,-12.708,HIS-85
-130.531,9.32812,HIS-86
-85.2579,-6.91632,GLU-87
-146.822,-25.5871,ARG-88
-70.5468,165.523,CYS-89
-66.7958,-28.2431,SER-90
-57.515,-22.4737,ASP-91
-95.3637,-35.0644,SER-92
-83.5721,149.771,ASP-93
175.407,-132.355,GLY-94
-59.8582,-39.841,LEU-95
-89.6181,145.555,ALA-96
-57.4395,145.324,PRO-97
-62.5,-29.804,PRO-98
-69.3645,-24.5539,GLN-99
-78.6433,132.471,HIS-100
-85.46,-44.2773,LEU-101
-79.7636,117.71,ILE-102
-154.168,154.061,ARG-103
-122.915,155.754,VAL-104
-139.301,175.488,GLU-105
77.7449,-27.1564,GLY-106
-90.5272,126.889,ASN-107
-69.9979,-25.5391,LEU-108
-88.3448,8.6107,ARG-109
-67.3881,125.498,VAL-110
-161.915,171.378,GLU-111
-109.335,154.597,TYR-112
-164.538,152.764,LEU-113
-58.0377,154.808,ASP-114
-91.6892,141.691,ASP-115
-57.7227,-31.3046,ARG-116
-116.782,-27.5819,ASN-117
-108.196,-10.8902,THR-118
70.8791,2.43038,PHE-119
-81.4183,113.008,ARG-120
-68.6681,115.642,HIS-121
-150.775,150.993,SER-122
-68.3912,130.294,VAL-123
-125.179,126.823,VAL-124
-133.512,140.233,VAL-125
-63.6605,156.316,PRO-126
-75.8656,132.828,TYR-127
-146.211,140.522,GLU-128
-59.9041,168.588,PRO-129
-56.961,147.694,PRO-130
-74.6981,161.877,GLU-131
-51.689,135.142,VAL-132
89.6375,-28.2888,GLY-133
-80.9245,155.907,SER-134
-102.392,-27.8909,ASP-135
-112.662,141.338,CYS-136
-51.2647,153.9,THR-137
-132.775,135.096,THR-138
-115.413,136.716,ILE-139
-110.291,93.2168,HIS-140
-74.862,162.473,TYR-141
-139.384,157.967,ASN-142
-145.032,140.445,TYR-143
-141.36,106.998,MET-144
-153.33,-176.677,CYS-145
-85.4616,132.748,ASN-146
-97.5564,-8.75165,SER-147
-152.435,-25.3087,SER-148
-64.2646,-177.394,CYS-149
-65.1834,-55.954,MET-150
90.5444,-126.126,GLY-151
-78.2198,-154.716,GLY-152
-76.7751,-8.51314,ILE-153
-167.318,130.345,ASN-154
-74.9827,142.29,ARG-155
-160.768,156.709,ARG-156
-67.651,156.29,PRO-157
-146.92,145.057,ILE-158
-132.27,129.866,LEU-159
-98.8278,149.739,THR-160
-119.075,95.3319,ILE-161
-87.2457,116.819,ILE-162
-113.591,153.908,THR-163
-128.391,133.002,LEU-164
-169.068,140.993,GLU-165
-84.1303,158.881,ASP-166
-48.3807,-19.7566,SER-167
-92.0097,14.4461,SER-168
76.5501,-16.4849,GLY-169
-50.1354,109.221,ASN-170
-67.8174,109.872,LEU-171
-77.1997,-27.2214,LEU-172
-171.791,-178.955,GLY-173
-153.923,138.964,ARG-174
-139.833,146.041,ASN-175
-130.203,128.374,SER-176
-137.131,157.903,PHE-177
-85.6481,128.008,GLU-178
-88.3729,142.312,VAL-179
-135.174,133.287,ARG-180
-100.518,134.752,VAL-181
-141.277,163.95,CYS-182
-97.2265,-26.4845,ALA-183
-137.041,71.0828,CYS-184
-76.4266,-29.4159,PRO-185
-64.2666,-49.4538,GLY-186
-48.2228,-68.7341,ARG-187
-58.2267,-34.5666,ASP-188
-52.9508,-58.6279,ARG-189
-59.3718,-39.9893,ARG-190
-44.1806,-48.3501,THR-191
-88.1909,-25.1094,GLU-192
-78.0004,-37.5545,GLU-193
-60.6034,-11.6529,GLU-194
-68.9953,-27.4647,ASN-195
-83.7353,143.203,LEU-196
-57.9827,-57.3377,ARG-197
-49.7449,160.751,LYS-198
-61.5028,157.261,LYS-199
-131.391,149.596,GLY-200
-79.9617,134.392,GLU-201
-87.7734,162.369,PRO-202
-153.016,165.519,HIS-203
-56.3048,117.389,HIS-204
-86.3939,-29.0532,GLU-205
-61.2522,-50.1895,LEU-206
-67.6869,160.933,PRO-207
-61.1923,166.787,PRO-208
-95.5392,-115.626,GLY-209
169.697,-169.086,SER-210
-93.5922,142.471,THR-211
-83.7505,124.127,LYS-212
89.925,146.055,ARG-213
-65.7376,173.658,ALA-214
-82.0262,-38.1495,LEU-215
-54.7187,145.795,PRO-216
-66.9595,2.85562,ASN-217
-59.7235,134.145,ASN-218
-116.88,158.956,SER-2
178.686,162.347,SER-3
-63.4434,129.526,VAL-4
-52.7719,147.236,PRO-5
-88.4489,139.087,SER-6
-97.1371,-7.76994,GLN-7
-80.6786,120.576,LYS-8
-62.4224,151.694,THR-9
-165.466,162.389,TYR-10
-114.011,-38.9922,GLN-11
57.9519,-157.581,GLY-12
-62.1813,-33.8397,SER-13
-86.2605,-9.69186,TYR-14
68.5423,14.6567,GLY-15
-50.4997,136.716,PHE-16
-163.583,157.037,ARG-17
-97.3962,159.438,LEU-18
-136.613,102.81,GLY-19
-76.665,171.901,PHE-20
-76.5866,159.606,LEU-21
-101.77,21.3982,HIS-22
-57.5437,-29.1622,SER-23
84.0964,-111.788,GLY-24
-148.946,-25.9022,THR-25
-27.0178,155.698,ALA-26
-60.3555,-12.7541,LYS-27
-69.2873,-31.6727,SER-28
-61.1203,107.752,VAL-29
-94.5573,-31.7095,THR-30
-152.921,147.727,CYS-31
-164.867,162.831,THR-32
-142.975,141.115,TYR-33
-109.898,114.144,SER-34
-64.3932,-36.6605,PRO-35
-83.7436,-10.5243,ALA-36
-105.386,-5.4854,LEU-37
46.8606,32.267,ASN-38
-114.628,136.738,LYS-39
-112.745,144.206,MET-40
-116.089,108.776,PHE-41
-95.6395,141.964,CYS-42
-95.5209,129.838,GLN-43
-59.1873,142.362,LEU-44
65.4093,-36.2478,ALA-45
-61.1123,169.449,LYS-46
-76.8647,121.505,THR-47
-119.312,97.46,CYS-48
-62.903,137.609,PRO-49
-132.204,152.571,VAL-50
-129.149,145.651,GLN-51
-115.625,161.317,LEU-52
-145.249,121.015,TRP-53
-103.344,144.983,VAL-54
-102.275,36.4841,ASP-55
176.253,-175.526,SER-56
-102.921,108.614,THR-57
-70.519,150.778,PRO-58
-67.9699,157.356,PRO-59
-49.5272,138.699,PRO-60
84.5636,21.8799,GLY-61
-74.3339,136.175,THR-62
-122.638,162.252,ARG-63
-97.5636,122.566,VAL-64
-109.031,135.256,ARG-65
-117.021,148.61,ALA-66
-141.64,160.478,MET-67
-148.514,103.056,ALA-68
-110.048,142.006,ILE-69
-114.044,132.941,TYR-70
-108.195,145.802,LYS-71
-142.673,179.692,GLN-72
-77.0007,3.76204,SER-73
-159.075,32.7215,GLN-74
-159.759,131.301,HIS-75
-132.939,-10.4571,MET-76
-93.8954,62.3313,THR-77
-150.115,149.645,GLU-78
-91.2626,135.814,VAL-79
-64.3893,130.822,VAL-80
-149.226,162.526,ARG-81
-60.1655,153.244,ARG-82
-39.4749,151.626,CYS-83
-62.2162,-30.6856,PRO-84
-74.8678,-10.9516,HIS-85
-113.248,-17.7705,HIS-86
-80.2662,14.7949,GLU-87
-139.153,-39.2251,ARG-88
-62.1757,164.173,CYS-89
-71.5533,-9.56362,SER-90
-64.8249,-22.4192,ASP-91
-105.317,-36.77,SER-92
-67.59,162.478,ASP-93
131.099,-114.048,GLY-94
-69.1532,-43.4617,LEU-95
-84.5211,147.185,ALA-96
-60.9937,140.157,PRO-97
-75.7472,-5.55959,PRO-98
-68.3121,-39.1507,GLN-99
-67.2403,139.064,HIS-100
-98.8256,-45.3287,LEU-101
-74.5472,124.092,ILE-102
-135.088,139.224,ARG-103
-94.0143,147.027,VAL-104
-144.577,179.237,GLU-105
79.7433,-21.1305,GLY-106
-101.795,131.556,ASN-107
-84.5811,-22.691,LEU-108
-100.283,-6.12561,ARG-109
-45.6934,139.394,VAL-110
-159.646,-174.899,GLU-111
-105.632,136.072,TYR-112
-153.001,147.679,LEU-113
-74.9187,155.309,ASP-114
-86.2601,147.53,ASP-115
-63.7729,-29.5267,ARG-116
-115.505,-15.7114,ASN-117
-109.678,-32.2524,THR-118
74.6175,13.8311,PHE-119
-82.0025,115.813,ARG-120
-61.4875,119.423,HIS-121
-144.49,145.102,SER-122
-68.6605,129.16,VAL-123
-118.312,146.319,VAL-124
-141.203,149.781,VAL-125
-70.361,152.586,PRO-126
-78.8958,153.21,TYR-127
-136.553,130.89,GLU-128
-51.504,147.168,PRO-129
-47.1897,161.449,PRO-130
-94.8517,150.953,GLU-131
-65.5857,125.097,VAL-132
96.4047,-10.3819,GLY-133
-106.546,-157.009,SER-134
-138.789,-54.125,ASP-135
-87.1967,153.275,CYS-136
-64.967,130.815,THR-137
-93.6377,120.811,THR-138
-101.779,124.135,ILE-139
-93.9538,132.566,HIS-140
-115.041,-177.994,TYR-141
-155.231,159.918,ASN-142
-144.968,146.241,TYR-143
-156.019,122.277,MET-144
-157.458,-171.302,CYS-145
-89.4703,141.623,ASN-146
-98.0696,-0.101613,SER-147
-157.122,-18.0576,SER-148
-71.1825,170.222,CYS-149
-58.7529,-48.316,MET-150
91.4557,-155.207,GLY-151
-61.6094,-143.812,GLY-152
-70.1142,-20.4647,ILE-153
-163.947,150.94,ASN-154
-59.1227,131.056,ARG-155
-144.84,157.803,ARG-156
-74.3759,153.484,PRO-157
-136.52,118.559,ILE-158
-79.9958,163.895,LEU-159
-129.559,145.589,THR-160
-114.868,125.092,ILE-161
-117.432,136.819,ILE-162
-131.64,150.727,THR-163
-100.712,144.608,LEU-164
-150.107,135.478,GLU-165
-72.5907,155.162,ASP-166
-63.0234,-34.7211,SER-167
-79.5395,13.7288,SER-168
89.3082,2.26992,GLY-169
-75.1532,115.86,ASN-170
-72.3969,102.465,LEU-171
-92.0901,22.3677,LEU-172
164.176,149.77,GLY-173
-150.717,153.325,ARG-174
-155.448,156.611,ASN-175
-138.875,135.399,SER-176
-149.098,165.22,PHE-177
-94.3967,146.828,GLU-178
-111.476,132.217,VAL-179
-132.284,109.007,ARG-180
-83.5687,136.744,VAL-181
-137.888,146.993,CYS-182
-74.6312,-24.5521,ALA-183
-152.872,74.84,CYS-184
-84.8193,-9.07819,PRO-185
-78.844,-39.1474,GLY-186
-65.7681,-39.1825,ARG-187
-69.3753,-41.2329,ASP-188
-58.9222,-49.2482,ARG-189
-63.1399,-46.1292,ARG-190
-49.7113,-36.566,THR-191
-92.5596,-32.9453,GLU-192
-80.2055,-51.9233,GLU-193
-63.8279,-6.63697,GLU-194
-73.8307,-14.7143,ASN-195
-71.9909,139.136,LEU-196
-53.0362,-37.5893,ARG-197
-82.4812,178.18,LYS-198
-71.4905,160.749,LYS-199
-144.672,-162.505,GLY-200
-123.079,128.585,GLU-201
-66.1177,156.721,PRO-202
-147.268,166.984,HIS-203
-49.5946,115.022,HIS-204
-68.933,-52.1219,GLU-205
-43.0691,-65.1897,LEU-206
-57.498,146.306,PRO-207
-83.7752,170.903,PRO-208
-72.6176,160.045,GLY-209
-87.2216,-119.74,SER-210
-123.12,142.821,THR-211
-77.0387,147.661,LYS-212
66.567,176.398,ARG-213
-103.316,170.293,ALA-214
-80.9213,-31.3485,LEU-215
-58.8969,146.69,PRO-216
-66.4692,1.80012,ASN-217
-52.0139,130.237,ASN-218
-141.31,168.321,SER-2
-178.943,163.625,SER-3
-71.8965,126.401,VAL-4
-52.282,150.478,PRO-5
-88.4811,156.361,SER-6
-123.779,-15.1604,GLN-7
-48.7178,103.321,LYS-8
-53.9096,132.292,THR-9
-153.861,147.765,TYR-10
-99.4195,-43.4607,GLN-11
54.2462,-155.619,GLY-12
-58.2216,-13.0674,SER-13
-109.254,-10.0965,TYR-14
52.4055,35.9848,GLY-15
-66.3245,146.15,PHE-16
178.669,160.856,ARG-17
-100.591,155.959,LEU-18
-110.86,122.293,GLY-19
-98.1637,140.441,PHE-20
-50.7892,156.303,LEU-21
-113.742,74.3355,HIS-22
-122.273,-7.90912,SER-23
75.9642,-128.565,GLY-24
-140.99,-16.5538,THR-25
-89.0011,-166.85,ALA-26
-36.3484,-44.3958,LYS-27
-80.2695,1.93499,SER-28
-86.1349,123.079,VAL-29
-108.112,-21.3364,THR-30
-154.532,140.307,CYS-31
-146.042,177.568,THR-32
-156.294,137.646,TYR-33
-124.66,107.548,SER-34
-67.778,-21.4735,PRO-35
-63.6499,-21.5489,ALA-36
-109.335,-26.718,LEU-37
59.9228,31.2084,ASN-38
-97.3571,130.808,LYS-39
-99.9256,135.178,MET-40
-108.678,102.986,PHE-41
-81.5479,141.685,CYS-42
-77.7109,128.519,GLN-43
-47.056,142.279,LEU-44
65.4877,-20.2313,ALA-45
-96.0142,146.844,LYS-46
-72.4025,120.233,THR-47
-105.201,101.403,CYS-48
-51.8444,143.599,PRO-49
-147.116,134.005,VAL-50
-106.257,163.052,GLN-51
-140.884,158.117,LEU-52
-131.302,150.609,TRP-53
-141.865,135.463,VAL-54
-104.724,20.2995,ASP-55
-177.128,165.689,SER-56
-94.4377,113.605,THR-57
-74.6941,151.793,PRO-58
-71.1642,158.871,PRO-59
-48.0994,131.01,PRO-60
100.945,0.566709,GLY-61
-63.9748,147.446,THR-62
-131.064,139.41,ARG-63
-75.8844,140.695,VAL-64
-132.656,158.703,ARG-65
-140.723,135.402,ALA-66
-135.124,174.277,MET-67
-159.319,103.025,ALA-68
-104.386,156.705,ILE-69
-91.5991,135.034,TYR-70
-135.455,143.965,LYS-71
-146.668,174.025,GLN-72
-70.9609,-2.0287,SER-73
-145.681,-1.46609,GLN-74
-151.27,135.959,HIS-75
-131.075,2.55701,MET-76
-91.8347,73.6575,THR-77
-154.282,168.409,GLU-78
-123.859,149.461,VAL-79
-79.8244,118.682,VAL-80
-140.895,147.516,ARG-81
-44.4746,149.528,ARG-82
-50.759,156.868,CYS-83
-56.4094,-24.4231,PRO-84
-95.849,-4.94236,HIS-85
-118.144,-11.9967,HIS-86
-81.423,12.6639,GLU-87
-148.159,-34.5953,ARG-88
-73.8611,174.713,CYS-89
-71.066,5.65138,SER-90
-85.7588,-4.16697,ASP-91
-137.183,-29.9893,SER-92
-72.6241,155.92,ASP-93
128.406,-159.464,GLY-94
-40.4035,-45.5625,LEU-95
-88.7904,149.267,ALA-96
-65.9628,136.577,PRO-97
-69.3639,-13.1437,PRO-98
-66.4191,-41.4126,GLN-99
-66.0703,145.844,HIS-100
-81.9047,-60.6147,LEU-101
-53.0996,125.364,ILE-102
-147.032,156.782,ARG-103
-109.204,131.987,VAL-104
-114.405,-168.955,GLU-105
78.4948,-29.9095,GLY-106
-96.0876,139.227,ASN-107
-92.5294,-25.0665,LEU-108
-78.0787,-27.5015,ARG-109
-31.6363,137.237,VAL-110
-157.543,133.726,GLU-111
-74.1164,142.82,TYR-112
-156.263,149.14,LEU-113
-65.7901,157.753,ASP-114
-105.667,139.295,ASP-115
-59.6158,-28.4895,ARG-116
-117.914,-18.2116,ASN-117
-107.49,-25.9195,THR-118
58.3809,16.5477,PHE-119
-68.5163,118.708,ARG-120
-67.1116,128.62,HIS-121
-166.73,156.214,SER-122
-62.6913,131,VAL-123
-116.214,151.874,VAL-124
-149.973,141.213,VAL-125
-66.6922,155.069,PRO-126
-85.1383,134.615,TYR-127
-128.75,151.891,GLU-128
-68.14,166.825,PRO-129
-57.838,168.039,PRO-130
-91.683,152.941,GLU-131
-49.9662,110.363,VAL-132
88.0456,-5.33612,GLY-133
-84.5593,164.966,SER-134
-92.8785,-37.3176,ASP-135
-148.12,151.364,CYS-136
-62.5476,143.091,THR-137
-105.949,136.448,THR-138
-116.71,124.346,ILE-139
-79.9874,98.9402,HIS-140
-76.6223,172.849,TYR-141
-156.049,164.376,ASN-142
-160.21,137.482,TYR-143
-144.31,112.406,MET-144
-154.278,168.789,CYS-145
-60.1316,136.987,ASN-146
-102.454,-20.8717,SER-147
-152.2,-2.21869,SER-148
-72.561,171.612,CYS-149
-43.9589,-43.9161,MET-150
64.5695,-159.305,GLY-151
-51.2046,-179.979,GLY-152
-50.3234,-31.751,ILE-153
-146.982,154.02,ASN-154
-68.704,137.788,ARG-155
-150.378,175.49,ARG-156
-85.8038,153.382,PRO-157
-135.747,139.351,ILE-158
-116.476,123.808,LEU-159
-93.6699,163.761,THR-160
-143.111,100.918,ILE-161
-89.2264,119.563,ILE-162
-127.648,166.956,THR-163
-123.407,149.045,LEU-164
-155.699,134.217,GLU-165
-63.1532,145.758,ASP-166
-53.229,-15.6481,SER-167
-72.2401,-11.2521,SER-168
88.0514,23.7239,GLY-169
-100.373,118.569,ASN-170
-73.5559,134.436,LEU-171
-106.388,-18.457,LEU-172
-169.253,160.902,GLY-173
-158.234,139.74,ARG-174
-143.674,132.603,ASN-175
-125.649,141.783,SER-176
-149.501,153.864,PHE-177
-83.4824,137.095,GLU-178
-106.872,141.195,VAL-179
-144.644,118.12,ARG-180
-86.7563,126.726,VAL-181
-120.416,150.816,CYS-182
-79.1226,-31.4135,ALA-183
-118.578,91.7241,CYS-184
-76.0345,-24.0097,PRO-185
-78.5622,-33.8201,GLY-186
-61.7571,-57.2822,ARG-187
-62.8885,-37.785,ASP-188
-49.5771,-65.9914,ARG-189
-52.4552,-32.511,ARG-190
-67.9352,-33.7743,THR-191
-92.6883,-18.9762,GLU-192
-103.278,-39.1542,GLU-193
-54.1522,-28.1656,GLU-194
-63.6615,-14.8315,ASN-195
-76.3785,155.119,LEU-196
-88.7847,-32.8697,ARG-197
-56.9493,157.62,LYS-198
-93.2347,138.458,LYS-199
-109.808,178.882,GLY-200
-91.4812,154.483,GLU-201
-62.6611,173.838,PRO-202
-168.849,168.558,HIS-203
-51.3211,105.173,HIS-204
-66.3295,-47.8357,GLU-205
-50.5273,-68.5967,LEU-206
-62.6476,169.177,PRO-207
-83.1678,161.874,PRO-208
-75.1999,-178.47,GLY-209
-107.955,-139.379,SER-210
-121.473,161.863,THR-211
-89.6712,155.24,LYS-212
70.1689,165.153,ARG-213
-86.9564,164.734,ALA-214
-68.6076,-41.3917,LEU-215
-64.6255,150.179,PRO-216
-90.621,10.935,ASN-217
-47.0533,127.998,ASN-218
-109.239,141.516,SER-2
-161.562,170.43,SER-3
-78.8889,114.861,VAL-4
-46.8928,153.111,PRO-5
-85.5416,120.918,SER-6
-75.7005,-5.30437,GLN-7
-90.6402,159.437,LYS-8
-85.6331,141.416,THR-9
-141.866,144.899,TYR-10
-86.8702,-43.1201,GLN-11
44.1152,-150.178,GLY-12
-47.496,-51.1837,SER-13
-82.5485,-6.47158,TYR-14
63.8071,20.7138,GLY-15
-60.1149,134.972,PHE-16
-155.419,159.066,ARG-17
-84.553,177.786,LEU-18
-140.977,135.24,GLY-19
-109.704,133.472,PHE-20
-56.9197,162.675,LEU-21
-96.0161,49.2777,HIS-22
-80.201,-20.1547,SER-23
85.3348,-125.12,GLY-24
-142.792,-18.6191,THR-25
-90.3688,-150.871,ALA-26
-61.9976,-30.0526,LYS-27
-44.9531,-17.1896,SER-28
-92.8238,124.594,VAL-29
-114.936,-44.9248,THR-30
-117.468,133.375,CYS-31
-142.333,158.253,THR-32
-136.987,141.396,TYR-33
-110.427,101.051,SER-34
-55.2297,-32.4929,PRO-35
-72.6151,-7.19438,ALA-36
-121.903,-6.4253,LEU-37
48.326,20.8184,ASN-38
-109.341,150.593,LYS-39
-110.002,147.711,MET-40
-123.759,97.4139,PHE-41
-89.7257,157.393,CYS-42
-103.372,139.513,GLN-43
-74.1867,161.162,LEU-44
73.0215,2.59826,ALA-45
-133.158,151.96,LYS-46
-47.8338,112.966,THR-47
-100.03,105.807,CYS-48
-77.483,129.429,PRO-49
-128.436,142.112,VAL-50
-116.151,175.535,GLN-51
-157.364,155.622,LEU-52
-128.087,149.186,TRP-53
-140.295,131.833,VAL-54
-84.9908,4.38208,ASP-55
-155.112,171.617,SER-56
-85.3854,110.017,THR-57
-77.2644,157.226,PRO-58
-44.9076,123.445,PRO-59
-51.7171,130.502,PRO-60
98.312,4.23252,GLY-61
-44.4976,133.722,THR-62
-117.011,166.918,ARG-63
-111.267,133.699,VAL-64
-128.511,142.878,ARG-65
-112.256,129.63,ALA-66
-115.089,168.135,MET-67
-171.266,101.459,ALA-68
-114.788,166.891,ILE-69
-93.3521,178.192,TYR-70
-166.892,119.91,LYS-71
-133.616,177.864,GLN-72
-75.6392,-28.5716,SER-73
-103.954,6.37709,GLN-74
-157.493,128.649,HIS-75
-132.839,-4.13323,MET-76
-90.5548,83.2126,THR-77
-173.884,155.264,GLU-78
-114.024,153.1,VAL-79
-81.1667,125.902,VAL-80
-140.955,155.316,ARG-81
-55.819,167.364,ARG-82
-68.0919,157.255,CYS-83
-45.5303,-43.0045,PRO-84
-68.3655,-16.4367,HIS-85
-118.023,-18.366,HIS-86
-82.6685,2.7279,GLU-87
-123.663,-41.9503,ARG-88
-57.0184,165.711,CYS-89
-57.3089,-21.5806,SER-90
-70.4066,-15.7072,ASP-91
-119.423,-31.3168,SER-92
-83.9172,146.362,ASP-93
154.381,-97.5569,GLY-94
-65.0978,-46.4178,LEU-95
-82.8364,155.603,ALA-96
-59.0927,144.531,PRO-97
-65.3433,-31.174,PRO-98
-64.3163,-41.7679,GLN-99
-60.0259,121.59,HIS-100
-63.7682,-40.1073,LEU-101
-81.2022,125.28,ILE-102
-143.282,165.343,ARG-103
-118.557,145.842,VAL-104
-154.497,-179.832,GLU-105
78.7845,15.567,GLY-106
-156.396,135.775,ASN-107
-95.8652,-28.6165,LEU-108
-77.6469,11.1273,ARG-109
-59.9022,122.54,VAL-110
-148.257,158.281,GLU-111
-81.4702,154.667,TYR-112
-161.988,153.678,LEU-113
-60.0164,154.193,ASP-114
-97.6215,142.485,ASP-115
-71.515,-11.3415,ARG-116
-97.0222,-46.8454,ASN-117
-105.202,-32.4745,THR-118
66.4884,6.4668,PHE-119
-69.5963,105.442,ARG-120
-57.2375,122.095,HIS-121
-153.712,160.127,SER-122
-64.2597,125.979,VAL-123
-121.54,138.041,VAL-124
-133.902,146.565,VAL-125
-53.5619,143.824,PRO-126
-79.2246,146.468,TYR-127
-141.411,144.992,GLU-128
-57.1621,163.634,PRO-129
-49.6331,163.282,PRO-130
-80.9076,165.834,GLU-131
-49.8248,137.878,VAL-132
89.3412,5.34201,GLY-133
-110.799,149.417,SER-134
-83.5423,-40.0341,ASP-135
-127.595,135.541,CYS-136
-67.9066,125.678,THR-137
-74.0722,124.261,THR-138
-108.101,148.084,ILE-139
-121.447,133.576,HIS-140
-116.494,177.105,TYR-141
-150.605,156.264,ASN-142
-146.535,158.016,TYR-143
-164.932,122.351,MET-144
-170.485,-174.669,CYS-145
-92.2519,138.819,ASN-146
-105.647,-29.9161,SER-147
-108.664,-41.0404,SER-148
-76.119,-173.707,CYS-149
-54.7538,-67.9459,MET-150
85.5282,-133.778,GLY-151
-88.8937,-140.593,GLY-152
-63.1184,-29.7962,ILE-153
-153.773,147.722,ASN-154
-51.3043,137.573,ARG-155
-171.03,170.626,ARG-156
-72.4833,160.772,PRO-157
-143.76,139.501,ILE-158
-125.365,144.595,LEU-159
-131.468,154.666,THR-160
-130.523,118.476,ILE-161
-116.426,129.848,ILE-162
-129.657,121.174,THR-163
-88.0382,122.261,LEU-164
-152.258,138.424,GLU-165
-57.2041,153.963,ASP-166
-49.1035,-33.7822,SER-167
-99.9783,9.92603,SER-168
106.336,-15.0329,GLY-169
-49.8062,127,ASN-170
-77.5685,132.495,LEU-171
-90.2645,-25.3117,LEU-172
-170.496,145.499,GLY-173
-155.312,143.627,ARG-174
-151.212,153.799,ASN-175
-151.756,150.567,SER-176
-150.345,147.542,PHE-177
-77.2408,140.331,GLU-178
-103.13,157.122,VAL-179
-156.911,122.154,ARG-180
-86.9221,123.397,VAL-181
-119.886,157.394,CYS-182
-86.0593,-46.5785,ALA-183
-127.799,85.9769,CYS-184
-74.7266,-23.6104,PRO-185
-78.4473,-51.4449,GLY-186
-51.8914,-41.6209,ARG-187
-80.5759,-39.3106,ASP-188
-59.9493,-50.3169,ARG-189
-59.2536,-39.5312,ARG-190
-64.7105,-43.5287,THR-191
-84.3131,-23.4389,GLU-192
-74.7205,-33.855,GLU-193
-76.7159,-18.1325,GLU-194
-71.0401,-19.863,ASN-195
-86.8317,169.503,LEU-196
-91.9012,-47.0274,ARG-197
-48.7832,150.995,LYS-198
-72.6006,141.836,LYS-199
-113.635,160.003,GLY-200
-76.4012,141.808,GLU-201
-76.2884,162.319,PRO-202
-151.755,171.184,HIS-203
-38.2913,119.33,HIS-204
-88.3202,-30.9467,GLU-205
-49.3094,-54.918,LEU-206
-83.0523,159.863,PRO-207
-80.9635,160.261,PRO-208
-75.7928,-174.673,GLY-209
-100.271,-125.262,SER-210
-116.263,161.668,THR-211
-93.5901,138.002,LYS-212
81.4938,153.234,ARG-213
-63.5216,171.337,ALA-214
-82.7826,-42.8586,LEU-215
-50.1569,131.954,PRO-216
-69.398,-6.06974,ASN-217
-41.6363,124.521,ASN-218
-148.713,155.096,SER-2
-163.618,162.253,SER-3
-77.5588,130.256,VAL-4
-76.4983,148.929,PRO-5
-81.3209,138.564,SER-6
-102.718,-13.1245,GLN-7
-56.5502,128.914,LYS-8
-53.0453,120.905,THR-9
-142.303,164.469,TYR-10
-108.753,-46.1783,GLN-11
63.4124,-164.586,GLY-12
-61.9317,-32.7454,SER-13
-84.8449,-18.6539,TYR-14
79.3289,42.5205,GLY-15
-72.9582,132.405,PHE-16
-161.801,145.584,ARG-17
-96.2118,171.454,LEU-18
-150.608,172.345,GLY-19
-145.113,176.069,PHE-20
-86.8217,166.204,LEU-21
-91.2271,1.66754,HIS-22
-42.7378,-27.4757,SER-23
69.2687,-122.348,GLY-24
-128.015,-17.0357,THR-25
-83.9612,-162.073,ALA-26
-61.4095,-21.8812,LYS-27
-49.7723,-29.1685,SER-28
-79.4197,122.553,VAL-29
-109.829,-17.1307,THR-30
-155.122,125.808,CYS-31
-146.025,146.97,THR-32
-120.1,127.367,TYR-33
-96.0572,112.217,SER-34
-74.4809,-24.4068,PRO-35
-68.9388,-24.5146,ALA-36
-98.9337,-25.8368,LEU-37
56.7104,37.9888,ASN-38
-120.07,157.45,LYS-39
-132.793,114.111,MET-40
-89.0803,118.314,PHE-41
-114.015,126.839,CYS-42
-75.1299,116.689,GLN-43
-50.2371,122.404,LEU-44
72.3038,23.5563,ALA-45
-121.875,158.296,LYS-46
-55.8761,136.751,THR-47
-125.272,91.3136,CYS-48
-66.5105,134.889,PRO-49
-141.206,137.897,VAL-50
-103.288,171.38,GLN-51
-170.053,140.569,LEU-52
-119.637,151.583,TRP-53
-135.839,135.773,VAL-54
-109.905,4.92102,ASP-55
-127.507,177.549,SER-56
-92.0279,121.841,THR-57
-68.4809,157.213,PRO-58
-70.2025,132.285,PRO-59
-53.9368,122.161,PRO-60
93.6148,33.5236,GLY-61
-66.8717,134.51,THR-62
-126.048,155.181,ARG-63
-105.716,154.776,VAL-64
-146.726,138.78,ARG-65
-120.225,115.443,ALA-66
-103.641,166.715,MET-67
-162.23,109.861,ALA-68
-114.116,152.502,ILE-69
-94.3807,154.887,TYR-70
-149.748,122.837,LYS-71
-124.133,170.586,GLN-72
-65.0126,-13.8019,SER-73
-132.202,4.76358,GLN-74
-133.043,143.96,HIS-75
-146.662,-18.8455,MET-76
-94.8657,84.8858,THR-77
-171.684,158.848,GLU-78
-112.482,140.707,VAL-79
-70.0301,113.365,VAL-80
-138.545,175.113,ARG-81
-73.3592,174.483,ARG-82
-64.5645,147.806,CYS-83
-64.1866,-19.3728,PRO-84
-95.0136,-1.00793,HIS-85
-133.148,-5.07547,HIS-86
-88.0137,22.2576,GLU-87
-156.445,-54.1439,ARG-88
-49.4054,172.718,CYS-89
-72.3036,-19.6575,SER-90
-60.6148,-8.91383,ASP-91
-132.199,-39.7934,SER-92
-77.0829,150.495,ASP-93
166.093,-144.066,GLY-94
-58.6072,-47.8999,LEU-95
-76.9193,157.293,ALA-96
-63.7889,149.947,PRO-97
-81.6964,-15.8721,PRO-98
-76.3352,-33.2468,GLN-99
-65.1472,116.577,HIS-100
-71.1219,-45.2058,LEU-101
-69.3379,118.548,ILE-102
-132.25,157.326,ARG-103
-103.905,150.921,VAL-104
-136.525,-172.731,GLU-105
71.3806,28.0755,GLY-106
-153.169,122.816,ASN-107
-83.6331,-35.2903,LEU-108
-91.7573,-14.2126,ARG-109
-27.4035,139.277,VAL-110
-153.839,-170.384,GLU-111
-124.984,121.773,TYR-112
-144.915,146.473,LEU-113
-68.6139,144.648,ASP-114
-80.8342,128.495,ASP-115
-51.3946,-46.7079,ARG-116
-62.881,-52.3297,ASN-117
-95.1861,-22.7422,THR-118
74.5303,0.798597,PHE-119
-66.0822,112.588,ARG-120
-56.9331,125.121,HIS-121
-169.051,160.555,SER-122
-77.4864,124.518,VAL-123
-121.611,118.318,VAL-124
-112.026,150.588,VAL-125
-50.4483,150.839,PRO-126
-75.5755,143.616,TYR-127
-142.25,150.666,GLU-128
-70.3597,167.606,PRO-129
-89.634,-172.463,PRO-130
-133.246,160.123,GLU-131
-44.4739,129.858,VAL-132
104.4,-15.3619,GLY-133
-125.875,138.486,SER-134
-81.4776,-37.7571,ASP-135
-120.628,-177.609,CYS-136
-87.7482,139.957,THR-137
-118.861,112.663,THR-138
-84.7298,147.714,ILE-139
-120.203,113.415,HIS-140
-85.9231,-170.684,TYR-141
-177.784,161.518,ASN-142
-158.514,156.378,TYR-143
-157.926,123.829,MET-144
-158.513,-154.936,CYS-145
-107.23,134.309,ASN-146
-103.331,-32.563,SER-147
-95.7394,-9.69534,SER-148
-87.1232,-153.534,CYS-149
-82.5109,-41.6249,MET-150
82.8061,-172.97,GLY-151
-72.2846,-162.337,GLY-152
-53.7075,-20.4209,ILE-153
-163.167,159.61,ASN-154
-76.7466,125.36,ARG-155
-145.178,157.578,ARG-156
-76.3643,168.968,PRO-157
-148.358,121.101,ILE-158
-108.063,125.948,LEU-159
-86.3242,132.248,THR-160
-98.2338,102.56,ILE-161
-85.4198,122.36,ILE-162
-118.641,151.594,THR-163
-112.644,132.626,LEU-164
-142.54,145.54,GLU-165
-71.4744,163.972,ASP-166
-60.9865,-12.4052,SER-167
-110.317,6.1408,SER-168
103.802,-30.3003,GLY-169
-57.2488,147.728,ASN-170
-88.0664,147.33,LEU-171
-110.424,-18.2596,LEU-172
-170.093,163.608,GLY-173
-155.437,143.914,ARG-174
-150.51,129.542,ASN-175
-135.757,139.719,SER-176
-150.38,150.877,PHE-177
-71.6325,137.966,GLU-178
-98.3396,151.503,VAL-179
-153.669,118.794,ARG-180
-95.9828,127.326,VAL-181
-137.909,137.961,CYS-182
-75.6723,-35.9356,ALA-183
-126.051,84.7298,CYS-184
-54.9083,-37.4993,PRO-185
-58.7234,-38.1442,GLY-186
-69.5338,-41.8768,ARG-187
-75.3962,-32.9352,ASP-188
-58.8619,-57.582,ARG-189
-64.5301,-33.4333,ARG-190
-61.6086,-38.1853,THR-191
-89.0912,-27.5604,GLU-192
-79.4175,-30.2277,GLU-193
-70.6828,-12.2271,GLU-194
-78.7907,-15.266,ASN-195
-96.0715,159.547,LEU-196
-83.3573,-21.2965,ARG-197
-68.4999,169.378,LYS-198
-86.2561,100.668,LYS-199
-88.2396,148.946,GLY-200
-72.0609,145.691,GLU-201
-88.7753,143.678,PRO-202
-140.154,163.549,HIS-203
-42.4043,130.133,HIS-204
-98.824,-19.9841,GLU-205
-72.5222,-60.6027,LEU-206
-73.1529,156.023,PRO-207
-80.219,167.265,PRO-208
-87.5053,172.801,GLY-209
-81.7371,-116.055,SER-210
-141.815,170.13,THR-211
-108.647,147.642,LYS-212
66.7212,166.625,ARG-213
-82.036,-179.298,ALA-214
-98.8019,-41.6796,LEU-215
-53.949,149.422,PRO-216
-80.3378,2.47821,ASN-217
-58.9242,138.973,ASN-218
-149.792,144.129,SER-2
-179.984,163.133,SER-3
-72.4021,124.333,VAL-4
-55.639,152.553,PRO-5
-96.6517,147.144,SER-6
-115.485,4.70531,GLN-7
-66.604,134.546,LYS-8
-94.0368,137.85,THR-9
-145.503,152.729,TYR-10
-94.6678,-47.7744,GLN-11
83.8208,-178.076,GLY-12
-49.6098,-51.0823,SER-13
-74.0699,-6.10446,TYR-14
60.0244,42.2307,GLY-15
-61.0031,128.462,PHE-16
-150.924,155.279,ARG-17
-80.1373,168.261,LEU-18
-140.955,144.52,GLY-19
-123.544,142.347,PHE-20
-80.1643,148.218,LEU-21
-62.1322,62.8897,HIS-22
-93.6947,-34.7037,SER-23
88.7317,-127.473,GLY-24
-136.124,-40.5445,THR-25
-71.0351,-166.402,ALA-26
-64.9207,-9.99728,LYS-27
-58.3904,-31.2523,SER-28
-82.2878,132.283,VAL-29
-114.461,-47.9272,THR-30
-114.084,124.347,CYS-31
-138.106,152.174,THR-32
-140.866,134.963,TYR-33
-102.533,105.829,SER-34
-63.919,-43.2452,PRO-35
-75.5272,5.20492,ALA-36
-113.408,-21.9226,LEU-37
56.3394,42.3181,ASN-38
-125.073,123.802,LYS-39
-92.6551,134.341,MET-40
-107.649,121.739,PHE-41
-123.473,139.576,CYS-42
-79.7899,130.668,GLN-43
-69.0093,140.831,LEU-44
63.0617,-18.6045,ALA-45
-76.6424,166.07,LYS-46
-71.5814,134.352,THR-47
-128.281,96.8347,CYS-48
-73.3434,125.158,PRO-49
-121.684,125.847,VAL-50
-94.5038,161.591,GLN-51
-150.291,147.482,LEU-52
-104.432,157.236,TRP-53
-146.052,118.998,VAL-54
-78.3919,22.5894,ASP-55
-163.26,-172.045,SER-56
-105.446,115.934,THR-57
-71.4127,151.451,PRO-58
-75.398,153.712,PRO-59
-56.5586,135.545,PRO-60
76.7917,9.34652,GLY-61
-46.231,125.512,THR-62
-116.864,157.18,ARG-63
-92.0596,127.437,VAL-64
-113.515,154.261,ARG-65
-126.346,145.963,ALA-66
-137.141,170.436,MET-67
-159.778,117.383,ALA-68
-106.825,141.94,ILE-69
-88.4161,115.956,TYR-70
-118.68,137.049,LYS-71
-120.794,-172.887,GLN-72
-60.201,0.621782,SER-73
-170.934,-26.2344,GLN-74
-80.6098,128.941,HIS-75
-136.51,9.61434,MET-76
-135.088,99.0484,THR-77
168.662,160.6,GLU-78
-112.247,159.19,VAL-79
-64.4051,105.637,VAL-80
-113.532,149.668,ARG-81
-53.5936,166.042,ARG-82
-61.0836,158.292,CYS-83
-52.8016,-50.8054,PRO-84
-64.369,-8.36137,HIS-85
-125.735,-20.0289,HIS-86
-67.4239,5.74396,GLU-87
-138.248,-25.0511,ARG-88
-74.2659,171.562,CYS-89
-75.7885,2.07585,SER-90
-87.032,1.0609,ASP-91
-138.199,-38.6584,SER-92
-77.9649,109.99,ASP-93
-146.197,-128.841,GLY-94
-49.9801,-49.188,LEU-95
-77.085,141.778,ALA-96
-61.2296,147.77,PRO-97
-79.7352,-14.4735,PRO-98
-64.5048,-39.1392,GLN-99
-71.7263,125.393,HIS-100
-88.4465,-42.6099,LEU-101
-77.1343,115.504,ILE-102
-135.654,148.811,ARG-103
-105.031,158.146,VAL-104
-144.745,173.941,GLU-105
97.0853,-58.7666,GLY-106
-73.6067,114.797,ASN-107
-75.5064,-17.0063,LEU-108
-93.1197,25.7931,ARG-109
-70.2666,128.002,VAL-110
-159.565,164.599,GLU-111
-104.806,150.486,TYR-112
-160.927,152.308,LEU-113
-77.2072,130.044,ASP-114
-57.6195,139.595,ASP-115
-79.481,0.0824473,ARG-116
-109.726,-56.6556,ASN-117
-87.2072,-22.3748,THR-118
66.8808,-1.25963,PHE-119
-83.3706,128.915,ARG-120
-79.0003,133.556,HIS-121
-162.822,147.186,SER-122
-68.6143,146.987,VAL-123
-145.13,147.471,VAL-124
-150.587,145.842,VAL-125
-69.6362,159.571,PRO-126
-88.9782,103.068,TYR-127
-91.1071,126.645,GLU-128
-64.8469,157.717,PRO-129
-70.5947,137.97,PRO-130
-74.8263,170.894,GLU-131
-45.376,148.832,VAL-132
81.7137,-50.2286,GLY-133
-71.846,158.222,SER-134
-115.85,-33.5981,ASP-135
-128.091,145.147,CYS-136
-68.3027,133.64,THR-137
-112.415,115.99,THR-138
-87.547,137.567,ILE-139
-106.492,118.155,HIS-140
-115.759,175.27,TYR-141
179.679,150.292,ASN-142
-150.236,137.447,TYR-143
-135.458,113.813,MET-144
-163.511,-176.696,CYS-145
-104.514,125.507,ASN-146
-91.3082,-21.4737,SER-147
-136.384,-0.367411,SER-148
-77.0174,-156.628,CYS-149
-83.5714,-41.7492,MET-150
95.4789,-161,GLY-151
-62.8919,-172.582,GLY-152
-66.1551,-28.188,ILE-153
-129.701,148.341,ASN-154
-61.5367,127.262,ARG-155
-153.256,162.359,ARG-156
-70.6601,160.59,PRO-157
-140.432,135.278,ILE-158
-115.08,152.578,LEU-159
-129.256,157.573,THR-160
-127.544,113.704,ILE-161
-116.986,120.035,ILE-162
-125.997,143.362,THR-163
-91.7476,139.941,LEU-164
-148.995,140.388,GLU-165
-67.7896,163.608,ASP-166
-68.5161,-25.7935,SER-167
-85.2753,13.4159,SER-168
98.7429,-22.6963,GLY-169
-66.9398,132.893,ASN-170
-56.1253,137.053,LEU-171
-115.757,9.88953,LEU-172
151.848,167.078,GLY-173
-164.761,142.102,ARG-174
-138.547,153.146,ASN-175
-140.939,147.335,SER-176
-145.375,155.643,PHE-177
-79.7437,145.339,GLU-178
-108.334,160.566,VAL-179
-155.891,124.954,ARG-180
-96.5003,127.721,VAL-181
-135.872,155.803,CYS-182
-94.2857,-35.6851,ALA-183
-122.141,78.1302,CYS-184
-77.3683,-34.9342,PRO-185
-60.446,-31.3169,GLY-186
-80.7665,-47.21,ARG-187
-64.861,-29.5327,ASP-188
-70.1756,-38.3043,ARG-189
-77.9316,-39.0648,ARG-190
-42.7414,-41.4288,THR-191
-102.243,-25.0276,GLU-192
-83.0707,-31.2691,GLU-193
-66.6027,-7.33592,GLU-194
-96.231,35.271,ASN-195
-135.668,160.616,LEU-196
-64.12,-34.0797,ARG-197
-80.3987,171.399,LYS-198
-98.6319,146.854,LYS-199
-111.386,172.983,GLY-200
-63.5418,138.152,GLU-201
-71.2342,152.067,PRO-202
-137.277,178.291,HIS-203
-61.7201,126.374,HIS-204
-77.6596,-33.8969,GLU-205
-67.8637,-48.2488,LEU-206
-82.6967,150.653,PRO-207
-66.1179,169.47,PRO-208
-86.6122,-148.789,GLY-209
-145.584,-142.334,SER-210
-105.885,160.978,THR-211
-106.468,140.84,LYS-212
71.1582,158.094,ARG-213
-73.5447,167.489,ALA-214
-68.8971,-41.3023,LEU-215
-63.1147,144.797,PRO-216
-81.1119,11.2345,ASN-217
-58.7821,147.167,ASN-218
-167.221,145.276,SER-2
-178.709,157.662,SER-3
-77.9465,129.949,VAL-4
-84.1172,151.09,PRO-5
-82.9685,143.085,SER-6
-87.1706,-3.34671,GLN-7
-63.3379,115.937,LYS-8
-76.7083,139.747,THR-9
-159.568,153.076,TYR-10
-97.3405,-62.6525,GLN-11
61.7441,-162.222,GLY-12
-69.013,-12.714,SER-13
-93.2644,-13.7736,TYR-14
74.7509,12.7827,GLY-15
-56.9115,119.404,PHE-16
-153.253,153.681,ARG-17
-86.6869,149.035,LEU-18
-117.969,167.599,GLY-19
-146.616,157.466,PHE-20
-71.4394,147.726,LEU-21
-89.6038,25.8631,HIS-22
-64.6999,-15.5555,SER-23
65.6785,-115.852,GLY-24
-137.329,3.00458,THR-25
-74.7947,167.343,ALA-26
-43.3277,-36.6853,LYS-27
-70.1318,-14.1829,SER-28
-61.8499,117.731,VAL-29
-95.0184,-27.4249,THR-30
-145.36,161.422,CYS-31
-165.303,159.263,THR-32
-138.952,128.915,TYR-33
-99.0257,100.634,SER-34
-65.5072,-27.6409,PRO-35
-66.7188,-20.4296,ALA-36
-107.778,-21.5982,LEU-37
62.3652,42.3061,ASN-38
-119.46,120.46,LYS-39
-107.007,128.999,MET-40
-111.003,122.913,PHE-41
-116.232,142.007,CYS-42
-82.4297,129.576,GLN-43
-72.4024,149.649,LEU-44
64.9787,-16.4258,ALA-45
-83.0768,162.589,LYS-46
-70.6265,111.459,THR-47
-110.974,107.154,CYS-48
-78.8826,130.756,PRO-49
-119.734,141.521,VAL-50
-105.067,156.391,GLN-51
-150.896,139.665,LEU-52
-101.608,151.334,TRP-53
-128.425,135.818,VAL-54
-71.5704,-17.4905,ASP-55
-157.215,-166.464,SER-56
-94.2703,107.757,THR-57
-65.2734,157.195,PRO-58
-65.3333,162.527,PRO-59
-64.34,140.32,PRO-60
76.4664,2.81828,GLY-61
-50.585,143.816,THR-62
-124.02,148.417,ARG-63
-88.6401,141.006,VAL-64
-143.644,147.202,ARG-65
-118.944,143.731,ALA-66
-140.815,165.742,MET-67
-154.58,83.352,ALA-68
-72.7622,142.525,ILE-69
-84.9557,161.817,TYR-70
-172.263,132.82,LYS-71
-143.106,-166.012,GLN-72
-67.5365,-18.644,SER-73
-129.515,-47.54,GLN-74
-67.2612,131.849,HIS-75
-139.252,-18.4841,MET-76
-78.9001,66.7292,THR-77
-165.075,147.003,GLU-78
-100.46,145.232,VAL-79
-68.4888,112.469,VAL-80
-128.429,169.02,ARG-81
-50.0706,158.569,ARG-82
-55.2334,155.323,CYS-83
-69.8833,-39.1213,PRO-84
-64.6344,-12.3571,HIS-85
-106.606,-32.7109,HIS-86
-53.6142,-8.28403,GLU-87
-124.481,-27.7584,ARG-88
-64.8641,163.475,CYS-89
-52.0868,-10.9071,SER-90
-73.6252,-3.21139,ASP-91
-134.299,-26.3055,SER-92
-63.6159,133.016,ASP-93
-174.941,-143.783,GLY-94
-31.4817,-59.189,LEU-95
-79.5297,142.313,ALA-96
-63.4413,143.021,PRO-97
-68.176,-22.6626,PRO-98
-73.7116,-47.8831,GLN-99
-46.9728,122.246,HIS-100
-79.6196,-41.6219,LEU-101
-72.8084,115.648,ILE-102
-139.974,146.691,ARG-103
-92.1797,147.794,VAL-104
-124.377,165.432,GLU-105
88.4584,-40.3211,GLY-106
-75.286,113.321,ASN-107
-59.7269,-35.5799,LEU-108
-80.5567,24.2781,ARG-109
-69.0396,150.026,VAL-110
-168.665,-179.314,GLU-111
-102.909,149.388,TYR-112
-146.511,144.945,LEU-113
-71.8163,135.462,ASP-114
-80.6353,128.589,ASP-115
-58.4549,-46.4574,ARG-116
-75.4195,-37.1576,ASN-117
-108.136,-20.146,THR-118
76.2568,-6.7328,PHE-119
-71.4145,111.16,ARG-120
-66.0405,125.522,HIS-121
-172.133,157.013,SER-122
-78.9304,137.193,VAL-123
-138.968,142.701,VAL-124
-150.648,149.372,VAL-125
-72.5633,149.014,PRO-126
-80.9938,149.465,TYR-127
-138.813,147.796,GLU-128
-70.5638,159.741,PRO-129
-68.3037,165.238,PRO-130
-130.558,168.462,GLU-131
-54.8917,133.76,VAL-132
107.858,-11.5021,GLY-133
-148.477,149.718,SER-134
-120.437,0.651275,ASP-135
-135.239,129.029,CYS-136
-65.2157,136.731,THR-137
-112.458,152.055,THR-138
-141.313,126.22,ILE-139
-97.4082,115.775,HIS-140
-108.179,-175.778,TYR-141
-160.054,146.334,ASN-142
-138.662,150.588,TYR-143
-142.735,117.338,MET-144
-175.087,165.379,CYS-145
-80.9666,137.497,ASN-146
-115.023,5.56243,SER-147
-114.062,-24.3196,SER-148
-68.1126,170.108,CYS-149
-85.8279,-21.6767,MET-150
92.9205,-141.685,GLY-151
-84.4078,-171.113,GLY-152
-49.5189,-26.7507,ILE-153
-154.616,148.483,ASN-154
-66.3389,128.104,ARG-155
-139.197,177.613,ARG-156
-64.9719,158.086,PRO-157
-135.158,128.994,ILE-158
-98.4914,146.125,LEU-159
-117.514,142.041,THR-160
-109.369,122.933,ILE-161
-108.881,140.013,ILE-162
-128.962,137.977,THR-163
-80.6298,123.708,LEU-164
-136.097,160.445,GLU-165
-99.065,163.637,ASP-166
-75.5479,-17.6678,SER-167
-76.3612,0.518614,SER-168
90.6365,-20.1359,GLY-169
-56.1366,126.993,ASN-170
-84.0298,119.697,LEU-171
-93.4475,-26.188,LEU-172
-158.967,172.904,GLY-173
-158.501,148.019,ARG-174
-158.674,139.249,ASN-175
-137.002,139.372,SER-176
-143.786,159.207,PHE-177
-88.2229,141.216,GLU-178
-113.432,146.632,VAL-179
-133.547,141.22,ARG-180
-103.678,138.503,VAL-181
-136.494,160.448,CYS-182
-91.5841,-51.3032,ALA-183
-110.444,98.8547,CYS-184
-81.7793,-29.7661,PRO-185
-67.7502,-48.0686,GLY-186
-57.5409,-60.6988,ARG-187
-60.0626,-32.8755,ASP-188
-59.8789,-62.181,ARG-189
-60.4987,-37.625,ARG-190
-66.8809,-26.9022,THR-191
-80.1907,-41.0129,GLU-192
-80.9642,-20.5405,GLU-193
-83.1717,-0.404455,GLU-194
-89.2136,-11.7135,ASN-195
-83.1936,159.517,LEU-196
-75.6429,-45.4408,ARG-197
-58.047,145.087,LYS-198
-61.7289,153.411,LYS-199
-132.84,-172.38,GLY-200
-73.8688,133.258,GLU-201
-64.7264,152.382,PRO-202
-138.261,156.853,HIS-203
-76.5597,117.012,HIS-204
-54.2658,-9.25747,GLU-205
-85.8731,-54.1156,LEU-206
-74.3124,142.664,PRO-207
-67.0931,174.845,PRO-208
-82.2489,169.585,GLY-209
-112.564,-129.422,SER-210
-123.829,171.909,THR-211
-115.247,140.735,LYS-212
77.8663,145.677,ARG-213
-52.88,154.036,ALA-214
-80.6761,-52.7031,LEU-215
-50.7088,158.912,PRO-216
-85.2828,-3.01794,ASN-217
-56.1854,137.853,ASN-218
-160.014,129.324,SER-2
-172.746,173.961,SER-3
-79.2357,129.643,VAL-4
-60.3543,143.771,PRO-5
-80.4071,148.112,SER-6
-94.7271,-15.9829,GLN-7
-72.0152,107.839,LYS-8
-57.8975,142.056,THR-9
-145.65,155.066,TYR-10
-90.1399,-47.3785,GLN-11
65.0203,-155.96,GLY-12
-74.6349,1.14457,SER-13
-105.489,-10.63,TYR-14
73.6706,22.5071,GLY-15
-52.1712,133.647,PHE-16
-158.924,162.055,ARG-17
-101.083,174.488,LEU-18
-156.087,164.703,GLY-19
-154.909,134.646,PHE-20
-69.9277,150.81,LEU-21
-75.7778,18.1642,HIS-22
-61.0961,-27.2594,SER-23
66.1727,-99.4179,GLY-24
-138.33,-9.30772,THR-25
-80.4177,-166.721,ALA-26
-65.925,-23.1049,LYS-27
-59.7598,-34.2707,SER-28
-56.9358,116.395,VAL-29
-101.503,-46.8828,THR-30
-109.678,150.405,CYS-31
-173.888,146.294,THR-32
-137.052,141.991,TYR-33
-115.966,106.408,SER-34
-58.6653,-38.8545,PRO-35
-85.4075,1.75092,ALA-36
-111.46,-20.1549,LEU-37
53.5902,47.1145,ASN-38
-132.624,137.138,LYS-39
-104.928,144.75,MET-40
-126.353,115.933,PHE-41
-110.056,147.897,CYS-42
-80.3831,121.977,GLN-43
-65.2501,137.737,LEU-44
64.1964,-17.1402,ALA-45
-68.0526,159.139,LYS-46
-85.6784,109.935,THR-47
-106.528,105.673,CYS-48
-81.9602,123.201,PRO-49
-113.09,146.473,VAL-50
-133.37,164.234,GLN-51
-154.913,170.641,LEU-52
-134.248,148.707,TRP-53
-145.387,126.903,VAL-54
-82.1744,3.56404,ASP-55
-151.504,171.046,SER-56
-77.3678,118.171,THR-57
-74.8345,171.992,PRO-58
-60.8267,172.805,PRO-59
-90.7911,137.371,PRO-60
84.156,22.2568,GLY-61
-67.1209,148.272,THR-62
-136.423,142.783,ARG-63
-82.6685,107.267,VAL-64
-90.8219,160.61,ARG-65
-142.239,117.712,ALA-66
-105.163,177.871,MET-67
-169.874,66.9352,ALA-68
-66.9337,129.729,ILE-69
-72.5667,107.875,TYR-70
-80.8261,150.566,LYS-71
-140.779,-175.543,GLN-72
-62.516,-27.3586,SER-73
-133.399,-38.5261,GLN-74
-70.4112,143.257,HIS-75
-155.903,3.51845,MET-76
-91.9164,71.0897,THR-77
-156.157,164.034,GLU-78
-95.7551,137.84,VAL-79
-72.0326,122.004,VAL-80
-132.026,165.368,ARG-81
-65.7323,160.059,ARG-82
-60.8488,153.493,CYS-83
-68.7835,-27.8607,PRO-84
-75.2555,-3.85971,HIS-85
-130.98,22.8333,HIS-86
-115.352,-2.42672,GLU-87
-139.717,-22.3804,ARG-88
-68.9714,155.048,CYS-89
-67.8016,-9.75941,SER-90
-73.0334,-28.4773,ASP-91
-96.2339,-28.073,SER-92
-67.4535,116.253,ASP-93
-132.895,-146.469,GLY-94
-37.234,-47.5544,LEU-95
-92.3817,122.437,ALA-96
-74.6143,147.442,PRO-97
-59.2446,-15.7276,PRO-98
-77.0278,-30.5866,GLN-99
-70.7548,114.413,HIS-100
-72.0944,-37.2752,LEU-101
-81.9086,113.752,ILE-102
-139.419,154.685,ARG-103
-128.638,147.867,VAL-104
-137.271,175.183,GLU-105
73.5826,-44.8909,GLY-106
-47.6398,123.497,ASN-107
-63.1888,-53.5183,LEU-108
-83.5378,54.1377,ARG-109
-79.0187,145.382,VAL-110
-168.739,166.28,GLU-111
-114.93,138.046,TYR-112
-124.82,154.881,LEU-113
-76.1237,163.616,ASP-114
-109.524,139.713,ASP-115
-57.3098,-40.7481,ARG-116
-84.3175,-51.4139,ASN-117
-92.0071,-33.9851,THR-118
69.0146,17.7301,PHE-119
-88.4454,122.127,ARG-120
-89.1042,105.249,HIS-121
-134.953,148.343,SER-122
-56.4986,125.35,VAL-123
-113.081,147.605,VAL-124
-133.692,149.899,VAL-125
-66.2475,167.632,PRO-126
-109.724,134.857,TYR-127
-127.569,159.692,GLU-128
-66.1539,159.51,PRO-129
-57.0366,139.361,PRO-130
-131.585,156.579,GLU-131
-46.6512,127.126,VAL-132
98.1752,-14.189,GLY-133
-114.216,152.203,SER-134
-80.2322,-4.57967,ASP-135
-151.082,158.874,CYS-136
-60.1549,144.256,THR-137
-114.855,142.056,THR-138
-120.293,130.027,ILE-139
-99.9587,119.003,HIS-140
-101.368,163.859,TYR-141
-148.591,135.48,ASN-142
-133.019,147.023,TYR-143
-148.591,115.457,MET-144
-164.19,161.153,CYS-145
-63.3318,143.038,ASN-146
-117.368,-4.49166,SER-147
-76.3783,-40.7183,SER-148
-73.5989,-174.913,CYS-149
-85.7013,-45.2516,MET-150
91.9435,-164.932,GLY-151
-51.8003,-152.958,GLY-152
-69.8285,-32.9985,ILE-153
-136.589,173.624,ASN-154
-68.9256,127.043,ARG-155
-140.907,156.037,ARG-156
-69.3564,169.024,PRO-157
-147.483,144.341,ILE-158
-108.621,148.068,LEU-159
-121.509,136.555,THR-160
-103.633,107.878,ILE-161
-97.9241,117.224,ILE-162
-121.186,141.885,THR-163
-106.213,114.302,LEU-164
-131.082,153.997,GLU-165
-68.1186,157.52,ASP-166
-42.0514,-40.8231,SER-167
-89.8884,1.87753,SER-168
89.3181,8.38147,GLY-169
-63.5039,135.065,ASN-170
-77.9369,119.309,LEU-171
-79.2482,-29.0839,LEU-172
-154.84,177.904,GLY-173
-154.687,152.24,ARG-174
-154.084,148.664,ASN-175
-126.849,138.804,SER-176
-129.248,158.848,PHE-177
-92.7336,134.584,GLU-178
-90.4276,144.719,VAL-179
-150.188,105.432,ARG-180
-73.2188,130.653,VAL-181
-134.422,146.678,CYS-182
-75.6748,-17.9213,ALA-183
-148.165,66.7393,CYS-184
-64.151,-25.5127,PRO-185
-73.0099,-56.1422,GLY-186
-47.8523,-44.7301,ARG-187
-76.4183,-37.4506,ASP-188
-58.4883,-49.1703,ARG-189
-63.2801,-31.7908,ARG-190
-67.4007,-39.6605,THR-191
-82.7268,-35.5455,GLU-192
-73.7534,-13.9545,GLU-193
-82.8791,-21.6446,GLU-194
-82.211,-7.28502,ASN-195
-67.6741,169.173,LEU-196
-82.7418,-35.3695,ARG-197
-75.4251,179.811,LYS-198
-56.7861,164.581,LYS-199
-158.772,146.915,GLY-200
-65.6348,153.048,GLU-201
-79.7904,172.777,PRO-202
-161.662,148.38,HIS-203
-44.9045,132.778,HIS-204
-98.8149,-18.0612,GLU-205
-55.2704,-54.9257,LEU-206
-78.7188,148.871,PRO-207
-81.88,176.092,PRO-208
-84.9303,-152.22,GLY-209
-150.564,-138.771,SER-210
-113.352,161.385,THR-211
-95.1137,160.2,LYS-212
71.1369,148.876,ARG-213
-74.4046,172.108,ALA-214
-91.6662,-32.0872,LEU-215
-65.2636,150.904,PRO-216
-75.6462,2.44601,ASN-217
-49.6782,133.806,ASN-218
-145.431,150.56,SER-2
-154.888,162.297,SER-3
-68.7784,134.735,VAL-4
-60.6481,124.892,PRO-5
-72.1127,147.304,SER-6
-101.157,-3.6838,GLN-7
-76.3413,100.056,LYS-8
-41.8338,141.343,THR-9
-168.63,144.59,TYR-10
-78.7835,-49.866,GLN-11
67.9571,-154.054,GLY-12
-79.8418,-25.6462,SER-13
-80.09,-20.7793,TYR-14
71.518,16.273,GLY-15
-42.192,129.194,PHE-16
-152.721,165.646,ARG-17
-110.056,155.7,LEU-18
-133.839,163.999,GLY-19
-153.631,138.464,PHE-20
-64.3248,150.745,LEU-21
-73.6253,42.9613,HIS-22
-83.9184,-27.6703,SER-23
86.4019,-110.642,GLY-24
-127.709,-52.7237,THR-25
-50.3146,164.7,ALA-26
-43.7847,-30.0687,LYS-27
-60.85,-18.4041,SER-28
-55.8829,127.517,VAL-29
-114.296,-36.7605,THR-30
-141.193,127.057,CYS-31
-143.989,165.239,THR-32
-142.843,123.044,TYR-33
-105.657,106.54,SER-34
-61.2081,-43.9872,PRO-35
-51.7598,-12.8348,ALA-36
-118.287,-17.2181,LEU-37
52.1136,44.8951,ASN-38
-118.441,133.972,LYS-39
-93.4379,141.229,MET-40
-114.149,110.607,PHE-41
-112.415,142.386,CYS-42
-99.96,131.226,GLN-43
-59.8864,139.48,LEU-44
75.8227,-19.5568,ALA-45
-76.5876,157.456,LYS-46
-79.8257,108.11,THR-47
-81.652,106.099,CYS-48
-75.8382,122.616,PRO-49
-109.188,149.947,VAL-50
-121.311,151.552,GLN-51
-131.708,156.756,LEU-52
-154.836,150.915,TRP-53
-130.897,130.5,VAL-54
-56.9766,-23.9077,ASP-55
-154.315,145.077,SER-56
-76.069,137.003,THR-57
-82.0604,170.969,PRO-58
-48.8985,150.472,PRO-59
-58.3282,139.003,PRO-60
83.6577,19.2318,GLY-61
-77.3118,154.687,THR-62
-138.606,151.065,ARG-63
-95.5775,125.15,VAL-64
-105.192,154.221,ARG-65
-129.955,126.379,ALA-66
-123.378,-179.643,MET-67
-167.483,96.4315,ALA-68
-75.0403,145.219,ILE-69
-94.377,101.974,TYR-70
-88.8132,140.026,LYS-71
-135.493,-165.62,GLN-72
-67.9426,-30.6008,SER-73
-127.802,-46.6815,GLN-74
-66.0194,139.889,HIS-75
-163.002,19.2981,MET-76
-109.94,64.7196,THR-77
-167.97,160.118,GLU-78
-115.111,142.304,VAL-79
-55.1041,123.729,VAL-80
-142.019,146.653,ARG-81
-34.3105,163.67,ARG-82
-62.3779,149.985,CYS-83
-63.7634,-22.5845,PRO-84
-89.0137,-13.0031,HIS-85
-110.419,-16.7947,HIS-86
-73.9646,10.8483,GLU-87
-134.91,-42.1456,ARG-88
-64.0393,162.631,CYS-89
-61.218,-11.723,SER-90
-68.0012,-27.4775,ASP-91
-106.226,-10.9057,SER-92
-69.8124,134.162,ASP-93
-159.991,-157.004,GLY-94
-68.3269,-39.599,LEU-95
-66.0801,135.412,ALA-96
-55.3632,149.286,PRO-97
-66.4934,-12.3881,PRO-98
-82.1517,-34.6214,GLN-99
-59.7068,132.155,HIS-100
-88.0807,-52.0943,LEU-101
-68.2456,119.445,ILE-102
-132.377,171.402,ARG-103
-133.101,135.328,VAL-104
-138.272,166.253,GLU-105
89.5418,-28.3104,GLY-106
-72.9057,132.712,ASN-107
-69.5579,-49.9531,LEU-108
-67.8664,30.5946,ARG-109
-90.3886,148.718,VAL-110
-166.345,149.92,GLU-111
-97.5989,130.734,TYR-112
-139.954,151.539,LEU-113
-77.3485,157.853,ASP-114
-111.335,140.172,ASP-115
-47.8314,-57.4666,ARG-116
-92.5184,-40.5216,ASN-117
-91.6969,-34.9379,THR-118
85.0222,-25.5286,PHE-119
-57.5604,116.32,ARG-120
-62.6969,125.699,HIS-121
-163.413,150.582,SER-122
-58.6846,139.255,VAL-123
-139.315,139.97,VAL-124
-123.164,164.209,VAL-125
-70.7862,161.236,PRO-126
-90.2556,145.348,TYR-127
-145.503,152.587,GLU-128
-68.6085,166.847,PRO-129
-62.2024,175.864,PRO-130
-131.964,164.341,GLU-131
-60.9704,146.314,VAL-132
79.8771,15.3514,GLY-133
-151.989,163.129,SER-134
-95.5549,-48.8597,ASP-135
-105.541,-179.492,CYS-136
-72.5877,140.461,THR-137
-113.05,124.262,THR-138
-110.393,130.473,ILE-139
-89.5489,118.444,HIS-140
-101.436,169.899,TYR-141
-156.15,178.001,ASN-142
-159.051,135.979,TYR-143
-126.073,128.314,MET-144
-169.664,159.054,CYS-145
-82.7164,163.59,ASN-146
-146.371,8.78329,SER-147
-100.932,-31.3169,SER-148
-58.0529,174.323,CYS-149
-80.2299,-23.572,MET-150
72.4625,-148.777,GLY-151
-84.817,-154.536,GLY-152
-56.7101,-45.779,ILE-153
-117.574,155.53,ASN-154
-51.0516,132.195,ARG-155
-137.967,172.546,ARG-156
-89.8901,168.015,PRO-157
-132.816,130.19,ILE-158
-111.986,142.61,LEU-159
-106.423,148.103,THR-160
-110.441,108.392,ILE-161
-102.892,128.037,ILE-162
-128.911,161.895,THR-163
-129.335,131.349,LEU-164
-145.363,145.394,GLU-165
-64.0791,163.669,ASP-166
-67.0191,-40.3365,SER-167
-74.8336,12.6449,SER-168
86.7942,-5.64671,GLY-169
-46.262,137.132,ASN-170
-63.3442,119.32,LEU-171
-116.614,-14.4965,LEU-172
172.829,157.875,GLY-173
-134.913,141.033,ARG-174
-155.226,119.748,ASN-175
-112.961,148.302,SER-176
-147.62,160.661,PHE-177
-82.1718,138.415,GLU-178
-106.168,150.223,VAL-179
-139.909,106.095,ARG-180
-72.4215,136.284,VAL-181
-146.505,150.74,CYS-182
-77.6915,-47.6068,ALA-183
-119.4,78.2504,CYS-184
-58.6376,-41.8967,PRO-185
-78.6766,-29.3717,GLY-186
-57.6997,-56.1812,ARG-187
-60.5087,-39.8249,ASP-188
-55.7941,-48.1785,ARG-189
-64.3022,-36.3359,ARG-190
-51.3235,-40.6925,THR-191
-102.495,-11.7927,GLU-192
-93.8407,-23.4822,GLU-193
-74.8372,-12.5624,GLU-194
-87.7077,-4.6923,ASN-195
-90.4442,158.009,LEU-196
-70.2829,-50.1457,ARG-197
-76.6205,168.87,LYS-198
-69.3748,149.626,LYS-199
-119.512,164.953,GLY-200
-77.1996,141.807,GLU-201
-68.9687,169.076,PRO-202
-147.501,158.967,HIS-203
-39.5956,122.502,HIS-204
-78.8444,-17.1026,GLU-205
-77.8716,-36.5927,LEU-206
-70.2848,140.736,PRO-207
-72.6453,-166.013,PRO-208
-88.0811,-154.208,GLY-209
-166.745,-164.009,SER-210
-88.9684,155.036,THR-211
-88.4648,146.22,LYS-212
80.2526,160.583,ARG-213
-78.8687,167.192,ALA-214
-92.1903,-30.573,LEU-215
-53.659,151.209,PRO-216
-86.5947,11.3742,ASN-217
-57.9352,136.29,ASN-218
-166.101,155.869,SER-2
178.629,162.178,SER-3
-72.717,128.657,VAL-4
-34.306,127.816,PRO-5
-64.1426,131.664,SER-6
-92.2107,-3.35083,GLN-7
-72.7815,115.374,LYS-8
-70.0457,132.789,THR-9
-142.425,148.609,TYR-10
-87.6857,-51.4063,GLN-11
62.9355,-153.142,GLY-12
-61.7836,-31.2507,SER-13
-95.6039,-9.04662,TYR-14
75.8553,16.643,GLY-15
-59.2888,142.596,PHE-16
-165.852,156.632,ARG-17
-89.4854,147.049,LEU-18
-118.041,174.218,GLY-19
-142.861,160.361,PHE-20
-70.3434,172.154,LEU-21
-85.5551,-6.10631,HIS-22
-50.3042,-36.6264,SER-23
82.815,-80.6659,GLY-24
-142.18,-25.6506,THR-25
-69.7455,172.192,ALA-26
-47.8019,-19.2602,LYS-27
-96.268,-5.32781,SER-28
-64.8408,123.186,VAL-29
-117.185,-33.9903,THR-30
-127.41,124.554,CYS-31
-145.669,159.693,THR-32
-155.958,124.477,TYR-33
-104.255,111.548,SER-34
-67.0902,-42.4166,PRO-35
-60.8017,-35.5852,ALA-36
-89.9264,-9.36368,LEU-37
44.942,32.5132,ASN-38
-110.818,140.059,LYS-39
-117.863,129.771,MET-40
-94.5375,128.687,PHE-41
-133.79,124.35,CYS-42
-80.7618,123.669,GLN-43
-59.4461,122.411,LEU-44
94.8458,-26.9315,ALA-45
-76.9024,169.008,LYS-46
-69.0681,118.351,THR-47
-112.945,80.3751,CYS-48
-53.4725,126.135,PRO-49
-122.618,134.728,VAL-50
-98.8969,154.138,GLN-51
-148.202,166.16,LEU-52
-156.538,158.792,TRP-53
-151.277,124.317,VAL-54
-77.1079,-10.101,ASP-55
-112.916,155.709,SER-56
-69.5418,127.13,THR-57
-88.9335,163.366,PRO-58
-65.2367,152.281,PRO-59
-68.854,140.133,PRO-60
90.5179,16.9649,GLY-61
-63.1755,141.586,THR-62
-129.936,156.22,ARG-63
-101.365,127.17,VAL-64
-126.661,151.596,ARG-65
-150.625,139.586,ALA-66
-147.373,155.045,MET-67
-150.187,108.298,ALA-68
-88.4993,147.75,ILE-69
-88.1606,174.984,TYR-70
-152.303,131.837,LYS-71
-132.572,-177.885,GLN-72
-60.6611,-22.1,SER-73
-125.167,-49.3164,GLN-74
-80.3867,142.96,HIS-75
-154.031,-24.3547,MET-76
-71.1614,88.8878,THR-77
179.564,156.263,GLU-78
-120.757,144.346,VAL-79
-67.6812,134.447,VAL-80
-150.185,147.173,ARG-81
-53.5679,148.005,ARG-82
-47.2195,151.144,CYS-83
-54.3649,-23.7672,PRO-84
-92.4638,-6.66878,HIS-85
-119.047,-10.0529,HIS-86
-68.408,14.3496,GLU-87
-157.309,-21.924,ARG-88
-75.6967,169.032,CYS-89
-61.4576,-22.5198,SER-90
-72.312,-16.8424,ASP-91
-129.407,-12.3409,SER-92
-71.0768,141.349,ASP-93
178.432,-141.481,GLY-94
-67.6295,-56.4553,LEU-95
-73.8067,151.77,ALA-96
-72.0153,161.796,PRO-97
-79.5927,-19.7038,PRO-98
-73.156,-27.1384,GLN-99
-81.02,134.732,HIS-100
-79.5093,-41.1599,LEU-101
-75.6869,118.698,ILE-102
-148.542,136.348,ARG-103
-102.33,144.246,VAL-104
-136.693,176.567,GLU-105
83.6298,-42.7412,GLY-106
-69.6599,104.34,ASN-107
-46.9585,-38.4712,LEU-108
-92.0422,20.25,ARG-109
-68.991,135.649,VAL-110
-177.72,152.158,GLU-111
-102.211,134.764,TYR-112
-134.781,163.003,LEU-113
-78.3074,145.237,ASP-114
-85.9277,135.844,ASP-115
-63.4906,-54.8982,ARG-116
-73.9029,-31.6995,ASN-117
-103.692,-29.5252,THR-118
80.3611,8.90684,PHE-119
-80.6361,126.03,ARG-120
-69.1542,113.035,HIS-121
-147.592,152.962,SER-122
-58.9056,124.769,VAL-123
-106.462,123.666,VAL-124
-122.145,147.672,VAL-125
-74.7318,126.633,PRO-126
-62.8183,125.943,TYR-127
-121.134,153.082,GLU-128
-66.6415,167.649,PRO-129
-53.2065,119.466,PRO-130
-93.3135,160.237,GLU-131
-47.3222,134.856,VAL-132
87.0794,-35.5814,GLY-133
-80.1012,132.546,SER-134
-67.6375,-36.8173,ASP-135
-113.654,151.618,CYS-136
-67.151,142.958,THR-137
-119.069,150.508,THR-138
-140.894,127.435,ILE-139
-84.8993,116.207,HIS-140
-93.0246,174.683,TYR-141
-147.469,156.499,ASN-142
-154.08,142.33,TYR-143
-144.77,107.241,MET-144
-156.992,162.272,CYS-145
-66.8234,137.385,ASN-146
-109.889,-11.2773,SER-147
-96.0824,-46.659,SER-148
-70.5843,173.101,CYS-149
-70.6703,-21.8793,MET-150
70.5187,-150.175,GLY-151
-90.7992,-140.401,GLY-152
-53.9747,-29.477,ILE-153
-164.122,152.919,ASN-154
-69.8345,140.89,ARG-155
-149.131,163.1,ARG-156
-67.3621,156.271,PRO-157
-138.814,126.865,ILE-158
-93.5252,141.058,LEU-159
-115.574,152.722,THR-160
-114.756,135.915,ILE-161
-127.117,133.02,ILE-162
-146.198,143.238,THR-163
-110.871,133.304,LEU-164
-149.932,148.241,GLU-165
-71.7319,157.971,ASP-166
-47.8922,-29.7506,SER-167
-97.0166,18.4302,SER-168
81.0556,-13.6066,GLY-169
-60.2289,127.801,ASN-170
-69.8302,140.998,LEU-171
-114.936,8.99041,LEU-172
138.358,162.077,GLY-173
-148.936,148.42,ARG-174
-140.656,130.876,ASN-175
-124.145,131.58,SER-176
-135.727,166.706,PHE-177
-89.7136,130.334,GLU-178
-100.365,150.298,VAL-179
-151.277,117.796,ARG-180
-87.4552,134.51,VAL-181
-135.467,140.557,CYS-182
-78.3274,-48.1879,ALA-183
-122.791,97.6769,CYS-184
-74.5043,-35.3022,PRO-185
-62.4393,-34.0563,GLY-186
-74.7185,-51.2328,ARG-187
-63.1346,-45.8415,ASP-188
-54.4407,-62.8378,ARG-189
-50.862,-35.367,ARG-190
-66.9164,-49.8779,THR-191
-71.384,-36.442,GLU-192
-88.166,-11.797,GLU-193
-85.7708,-7.29218,GLU-194
-80.4096,1.04003,ASN-195
-81.2368,170.744,LEU-196
-90.8484,-36.862,ARG-197
-67.9004,159.762,LYS-198
-72.8244,167.998,LYS-199
-137.152,171.192,GLY-200
-81.531,131.902,GLU-201
-72.2719,165.333,PRO-202
-147.044,177.83,HIS-203
-50.4442,131.086,HIS-204
-99.1094,7.91042,GLU-205
-74.5088,-49.322,LEU-206
-69.9639,167.884,PRO-207
-72.8918,-165.155,PRO-208
-91.2665,-171.913,GLY-209
-121.514,-147.849,SER-210
-90.514,172.661,THR-211
-95.2716,143.808,LYS-212
69.1166,-178.964,ARG-213
-105.685,179.889,ALA-214
-91.5186,-25.1662,LEU-215
-63.1651,146.071,PRO-216
-82.553,6.63261,ASN-217
-53.741,108.843,ASN-218
-164.736,148.702,SER-2
-168.901,162.298,SER-3
-66.3936,134.925,VAL-4
-66.0892,138.731,PRO-5
-72.5287,140.247,SER-6
-96.8136,5.64382,GLN-7
-78.8706,118.66,LYS-8
-63.4173,138.922,THR-9
-163.419,131.149,TYR-10
-88.8647,-25.0978,GLN-11
46.0579,-141.05,GLY-12
-64.3882,-56.5841,SER-13
-69.1504,-2.48988,TYR-14
48.811,46.0632,GLY-15
-74.7214,131.595,PHE-16
-156.457,162.353,ARG-17
-91.483,177.614,LEU-18
-151.963,151.915,GLY-19
-135.273,158.958,PHE-20
-74.2153,141.903,LEU-21
-83.1149,16.375,HIS-22
-66.2107,-10.8293,SER-23
59.0872,-106.536,GLY-24
-112.608,-9.36483,THR-25
-63.1427,153.756,ALA-26
-51.1506,-19.6022,LYS-27
-75.3346,-10.8377,SER-28
-62.5429,117.511,VAL-29
-103.541,-33.3548,THR-30
-142.827,101.802,CYS-31
-127.263,156.171,THR-32
-131.617,122.795,TYR-33
-109.956,104.114,SER-34
-59.2105,-30.9784,PRO-35
-83.0779,5.44632,ALA-36
-123.521,-10.3507,LEU-37
53.6482,27.08,ASN-38
-119.712,139.033,LYS-39
-107.375,139.828,MET-40
-125.433,111.914,PHE-41
-124.622,131.36,CYS-42
-77.2771,119.936,GLN-43
-51.8512,150.452,LEU-44
60.9561,12.114,ALA-45
-138.24,150.821,LYS-46
-63.3368,130.605,THR-47
-111.581,98.5396,CYS-48
-70.2645,126.272,PRO-49
-142.67,111.218,VAL-50
-91.6985,171.293,GLN-51
-153.749,123.084,LEU-52
-106.497,147.054,TRP-53
-134.858,143.023,VAL-54
-99.5309,20.5693,ASP-55
-174.787,168.414,SER-56
-84.361,125.147,THR-57
-70.6073,150.86,PRO-58
-77.1932,164.525,PRO-59
-58.2189,133.28,PRO-60
76.6847,27.6433,GLY-61
-65.5317,145.085,THR-62
-130.733,151.569,ARG-63
-100.263,131.759,VAL-64
-124.808,153.212,ARG-65
-139.812,141.428,ALA-66
-134.478,174.852,MET-67
-165.746,97.4193,ALA-68
-81.4347,155.312,ILE-69
-108.99,136.688,TYR-70
-117.257,147.752,LYS-71
-127.369,-169.22,GLN-72
-61.8767,-14.0432,SER-73
-157.662,-30.9522,GLN-74
-70.999,145.084,HIS-75
-132.268,-11.5476,MET-76
-84.6449,70.6349,THR-77
-166.016,151.391,GLU-78
-108.131,149.259,VAL-79
-69.8784,134.672,VAL-80
-151.101,162.851,ARG-81
-57.0466,162.536,ARG-82
-56.3843,150.041,CYS-83
-64.4519,-13.1285,PRO-84
-97.4387,5.87247,HIS-85
-137.674,0.635726,HIS-86
-86.073,16.2408,GLU-87
-141.31,-34.212,ARG-88
-73.8359,167.557,CYS-89
-66.4575,-10.2102,SER-90
-77.3884,-22.057,ASP-91
-101.019,-34.3028,SER-92
-69.2528,108.558,ASP-93
-137.748,-134.094,GLY-94
-65.1959,-32.9716,LEU-95
-91.2689,137.539,ALA-96
-71.5531,164.494,PRO-97
-78.5554,-14.8382,PRO-98
-85.9519,-39.7327,GLN-99
-65.4381,128.576,HIS-100
-85.9652,-44.8551,LEU-101
-74.1579,120.242,ILE-102
-143.374,163.472,ARG-103
-131.294,130.907,VAL-104
-126.334,-172.509,GLU-105
73.5708,-42.5239,GLY-106
-70.4177,157.785,ASN-107
-107.604,-38.2929,LEU-108
-90.8834,23.7125,ARG-109
-80.5541,124.154,VAL-110
-152.29,151.161,GLU-111
-85.1057,151.291,TYR-112
-150.464,157.564,LEU-113
-58.6197,161.282,ASP-114
-118.071,137.739,ASP-115
-59.135,-24.2885,ARG-116
-135.743,-22.2056,ASN-117
-99.8195,-27.8676,THR-118
85.4635,3.60638,PHE-119
-79.0219,113.094,ARG-120
-76.7136,137.116,HIS-121
-169.876,158.746,SER-122
-65.8726,134.966,VAL-123
-125.876,141.065,VAL-124
-138.692,142.146,VAL-125
-75.7663,141.247,PRO-126
-81.3035,83.7147,TYR-127
-82.7315,138.376,GLU-128
-72.5952,173.675,PRO-129
-58.3035,153.679,PRO-130
-80.8296,156.039,GLU-131
-64.9825,137.01,VAL-132
87.289,16.5339,GLY-133
-157.292,151.015,SER-134
-94.8572,-8.29103,ASP-135
-154.859,143.906,CYS-136
-73.9758,119.137,THR-137
-85.0211,130.843,THR-138
-103.233,143.17,ILE-139
-104.162,125.182,HIS-140
-111.331,175.593,TYR-141
-155.905,163.14,ASN-142
-144.484,159.363,TYR-143
-153.255,115.23,MET-144
-165.113,169.956,CYS-145
-94.197,140.776,ASN-146
-100.448,-23.9518,SER-147
-91.8985,-20.0795,SER-148
-49.5183,157.864,CYS-149
-67.6827,-41.9306,MET-150
102.469,-166.973,GLY-151
-66.1398,-166.414,GLY-152
-49.065,-31.2274,ILE-153
-152.099,148.797,ASN-154
-62.2619,126.365,ARG-155
-148.928,168.688,ARG-156
-94.1394,155.677,PRO-157
-147.37,128.662,ILE-158
-98.0818,153.067,LEU-159
-127.995,136.135,THR-160
-104.693,110.107,ILE-161
-85.1587,144.268,ILE-162
-138.718,169.257,THR-163
-122.212,144.213,LEU-164
-149.071,143.392,GLU-165
-65.4339,157.227,ASP-166
-62.8753,-13.6928,SER-167
-101.322,3.64226,SER-168
88.4663,0.795885,GLY-169
-68.7955,134.74,ASN-170
-66.5007,111.743,LEU-171
-98.2244,17.0957,LEU-172
136.95,156.721,GLY-173
-136.778,149.175,ARG-174
-133.901,142.472,ASN-175
-131.725,141.713,SER-176
-161.345,167.629,PHE-177
-102.143,135.629,GLU-178
-93.3088,167.262,VAL-179
-168.924,116.08,ARG-180
-87.4439,119.888,VAL-181
-117.437,150.632,CYS-182
-87.9338,-30.8104,ALA-183
-132.729,70.4658,CYS-184
-56.1041,-16.8134,PRO-185
-71.9615,-64.8909,GLY-186
-72.1465,-24.4631,ARG-187
-71.4827,-51.1237,ASP-188
-45.1071,-55.8159,ARG-189
-40.8534,-53.5836,ARG-190
-76.1161,-25.2314,THR-191
-81.6883,-32.4688,GLU-192
-84.1518,-40.7696,GLU-193
-63.2301,-21.9858,GLU-194
-66.63,-14.8007,ASN-195
-101.533,156.546,LEU-196
-85.3643,-30.6089,ARG-197
-72.4758,172.586,LYS-198
-76.6268,168.57,LYS-199
-159.135,153.292,GLY-200
-84.6244,141.372,GLU-201
-82.791,165.749,PRO-202
-137.239,150.126,HIS-203
-48.7097,126.908,HIS-204
-86.1659,-8.4709,GLU-205
-47.5285,-63.0545,LEU-206
-66.7938,161.685,PRO-207
-79.7523,-174.147,PRO-208
-89.5807,-153.398,GLY-209
-167.45,-147.368,SER-210
-114.237,159.686,THR-211
-90.2137,142.736,LYS-212
76.8093,158.583,ARG-213
-79.174,-170.39,ALA-214
-104.455,-36.9388,LEU-215
-56.6546,141.23,PRO-216
-77.8692,24.6769,ASN-217
-63.1785,101.483,ASN-218
-123.368,154.845,SER-2
179.918,160.718,SER-3
-63.0624,124.903,VAL-4
-58.0981,159.958,PRO-5
-90.7328,144.968,SER-6
-108.54,-8.1417,GLN-7
-60.1379,112.022,LYS-8
-64.86,142.552,THR-9
-155.481,136.317,TYR-10
-90.0993,-64.3315,GLN-11
87.0974,-164.204,GLY-12
-58.6303,-38.0691,SER-13
-79.7809,-22.1193,TYR-14
75.2671,17.3032,GLY-15
-50.8604,120.725,PHE-16
-153.152,167.347,ARG-17
-107.915,177.777,LEU-18
-152.217,158.312,GLY-19
-130.344,166.19,PHE-20
-92.8889,164.92,LEU-21
-72.9541,-11.222,HIS-22
-64.4813,-21.7108,SER-23
74.9029,-55.606,GLY-24
-162.535,-15.6534,THR-25
-55.7096,164.933,ALA-26
-52.8392,-34.0403,LYS-27
-68.466,-13.576,SER-28
-63.7742,112.014,VAL-29
-85.5009,-45.9735,THR-30
-135.595,121.164,CYS-31
-115.782,175.786,THR-32
-150.186,143.545,TYR-33
-115.955,109.396,SER-34
-59.8267,-36.9527,PRO-35
-78.569,-10.6093,ALA-36
-105.647,-7.77353,LEU-37
36.8252,60.5276,ASN-38
-144.217,143.798,LYS-39
-109.223,147.503,MET-40
-131.369,104.46,PHE-41
-120.38,134.919,CYS-42
-70.2905,135.699,GLN-43
-70.2205,118.155,LEU-44
75.5759,38.4132,ALA-45
-145.476,151.933,LYS-46
-64.3137,106.567,THR-47
-105.045,91.0528,CYS-48
-84.8655,129.436,PRO-49
-132.275,124.92,VAL-50
-94.9906,155.09,GLN-51
-150.827,156.789,LEU-52
-146.013,154.939,TRP-53
-135.505,120.777,VAL-54
-72.9513,-28.1111,ASP-55
-109.813,132.181,SER-56
-44.4605,119.051,THR-57
-63.4244,160.395,PRO-58
-73.2242,158.17,PRO-59
-51.4292,135.33,PRO-60
87.2335,2.85002,GLY-61
-69.8036,137.421,THR-62
-130.269,152.383,ARG-63
-82.5952,140.965,VAL-64
-130.558,148.117,ARG-65
-125.492,129.338,ALA-66
-118.2,176.678,MET-67
-168.981,85.7551,ALA-68
-78.3519,154.188,ILE-69
-115.581,114.683,TYR-70
-84.8086,140.567,LYS-71
-129.889,176.603,GLN-72
-48.2172,-39.1683,SER-73
-121.177,-40.5923,GLN-74
-69.395,129.456,HIS-75
-137.67,-11.1002,MET-76
-86.7223,75.8982,THR-77
-158.73,163.243,GLU-78
-127.829,163.398,VAL-79
-77.9109,111.226,VAL-80
-127.501,172.809,ARG-81
-75.467,153.619,ARG-82
-43.8358,147.425,CYS-83
-72.917,-16.3945,PRO-84
-83.9658,-17.68,HIS-85
-105.304,-17.7275,HIS-86
-75.4669,6.13948,GLU-87
-131.055,-28.2642,ARG-88
-62.1727,177.897,CYS-89
-73.3659,-13.0369,SER-90
-75.0611,-9.99295,ASP-91
-121.703,-19.125,SER-92
-87.5486,146.811,ASP-93
166.56,-107.341,GLY-94
-81.411,-38.3947,LEU-95
-83.3545,142.903,ALA-96
-64.5963,154.601,PRO-97
-71.8216,-9.231,PRO-98
-89.0153,-29.2363,GLN-99
-58.7492,126.225,HIS-100
-76.4346,-50.2544,LEU-101
-74.2274,124.858,ILE-102
-137.552,160.72,ARG-103
-132.892,145.504,VAL-104
-139.409,-178.4,GLU-105
87.2998,-46.2844,GLY-106
-70.8777,121.914,ASN-107
-78.2486,-28.5564,LEU-108
-81.3785,42.1432,ARG-109
-93.2162,127.627,VAL-110
-158.992,131.707,GLU-111
-81.5338,129.754,TYR-112
-150.847,136.203,LEU-113
-59.1662,124.428,ASP-114
-63.5972,145.966,ASP-115
-70.2818,-24.6091,ARG-116
-106.751,-26.3157,ASN-117
-114.485,-18.1295,THR-118
67.5,2.47566,PHE-119
-68.8587,122.998,ARG-120
-77.6145,109.763,HIS-121
-139.924,138.752,SER-122
-56.1291,129.393,VAL-123
-110.584,145.628,VAL-124
-133.528,146.377,VAL-125
-71.7752,139.32,PRO-126
-59.568,146.364,TYR-127
-150.203,154.889,GLU-128
-70.3352,160.58,PRO-129
-64.6652,161.915,PRO-130
-60.6932,149.364,GLU-131
-54.186,141.482,VAL-132
66.8139,51.3763,GLY-133
-160.383,157.928,SER-134
-88.9538,-36.9557,ASP-135
-132.326,149.531,CYS-136
-79.7335,132.646,THR-137
-90.8087,125.741,THR-138
-114.747,115.909,ILE-139
-81.228,118.01,HIS-140
-98.256,-178.341,TYR-141
-162.643,155.459,ASN-142
-143.91,134.307,TYR-143
-138.413,112.489,MET-144
-174.334,170.288,CYS-145
-84.1522,122.934,ASN-146
-113.978,4.16536,SER-147
-110.841,-51.7664,SER-148
-57.8362,167.947,CYS-149
-57.0144,-34.4277,MET-150
77.1923,-149.441,GLY-151
-71.1306,-148.509,GLY-152
-68.1734,-31.1593,ILE-153
-155.434,150.757,ASN-154
-71.4636,129.384,ARG-155
-146.592,170.6,ARG-156
-84.768,151.093,PRO-157
-146.443,132.563,ILE-158
-104.393,148.433,LEU-159
-104.378,167.269,THR-160
-128.481,125.267,ILE-161
-119.582,136.589,ILE-162
-140.517,147.285,THR-163
-106.788,128.945,LEU-164
-137.834,129.453,GLU-165
-64.5898,159.919,ASP-166
-49.7205,-35.9557,SER-167
-81.2197,16.9571,SER-168
77.0076,-18.6185,GLY-169
-47.1323,101.075,ASN-170
-58.451,117.259,LEU-171
-91.3804,7.62942,LEU-172
166.655,162.877,GLY-173
-140.639,137.831,ARG-174
-135.513,152.6,ASN-175
-137.4,136.835,SER-176
-144.292,158.163,PHE-177
-78.1949,137.799,GLU-178
-103.603,149.085,VAL-179
-137.024,107.033,ARG-180
-65.5526,129.878,VAL-181
-123.509,152.948,CYS-182
-104.938,-25.5869,ALA-183
-131.283,76.8708,CYS-184
-75.2343,-20.1371,PRO-185
-74.3072,-45.3066,GLY-186
-65.9956,-39.68,ARG-187
-66.0069,-46.8226,ASP-188
-45.909,-61.9487,ARG-189
-55.375,-43.3301,ARG-190
-46.9574,-41.9341,THR-191
-100.032,-29.9724,GLU-192
-78.3386,-46.1802,GLU-193
-61.5482,-8.23184,GLU-194
-73.2006,-11.2436,ASN-195
-101.712,161.092,LEU-196
-75.6,-13.7708,ARG-197
-80.2119,152.977,LYS-198
-44.5341,158.723,LYS-199
-123.942,173.743,GLY-200
-90.4171,127.737,GLU-201
-53.8016,137.945,PRO-202
-131.033,151.089,HIS-203
-62.6892,133.386,HIS-204
-88.1274,-12.1252,GLU-205
-69.769,-49.8051,LEU-206
-66.856,149.008,PRO-207
-72.6551,174.137,PRO-208
-95.7321,-157.681,GLY-209
-149.047,-160.938,SER-210
-124.596,169.388,THR-211
-85.5686,135.552,LYS-212
73.6649,166.237,ARG-213
-79.6413,155.468,ALA-214
-72.7342,-30.7776,LEU-215
-77.9361,136.394,PRO-216
-67.0152,29.6079,ASN-217
-71.9721,131.685,ASN-218
-143.219,156.569,SER-2
-169.226,156.701,SER-3
-63.9993,127.458,VAL-4
-56.2591,136.522,PRO-5
-83.4087,141.554,SER-6
-89.1999,-7.67065,GLN-7
-42.4805,116.854,LYS-8
-80.8715,128.113,THR-9
-144.911,136.176,TYR-10
-77.9336,-45.9617,GLN-11
65.0172,-170.974,GLY-12
-74.7285,-0.216749,SER-13
-91.1025,-25.2189,TYR-14
88.7594,20.6697,GLY-15
-66.2803,109.222,PHE-16
-137.802,147.91,ARG-17
-90.4368,168.283,LEU-18
-155.886,137.516,GLY-19
-118.975,135.583,PHE-20
-45.835,142.222,LEU-21
-75.4799,-1.78823,HIS-22
-46.5851,-38.1791,SER-23
76.3232,-79.6857,GLY-24
-134.049,-12.6575,THR-25
-34.6666,145.56,ALA-26
-62.9117,-11.077,LYS-27
-72.7882,-2.57418,SER-28
-77.9819,125.401,VAL-29
-128.591,-16.5708,THR-30
-150.656,138.765,CYS-31
-157.059,144.699,THR-32
-125.989,116.118,TYR-33
-85.6648,118.594,SER-34
-85.1012,-32.0759,PRO-35
-70.315,-39.1028,ALA-36
-70.1301,-18.8907,LEU-37
41.1332,61.4963,ASN-38
-149.649,110.635,LYS-39
-68.1306,130.263,MET-40
-109.131,131.866,PHE-41
-129.647,168.095,CYS-42
-108.067,133.331,GLN-43
-59.5696,154.186,LEU-44
69.4131,3.45872,ALA-45
-112.103,153.895,LYS-46
-65.09,135.902,THR-47
-124.568,89.9896,CYS-48
-60.8388,134.184,PRO-49
-133.007,140.021,VAL-50
-111.796,156.202,GLN-51
-137.065,169.023,LEU-52
-153.471,136.678,TRP-53
-122.467,118.903,VAL-54
-81.4417,-25.0198,ASP-55
-98.628,-166.074,SER-56
-95.3002,116.61,THR-57
-64.856,157.08,PRO-58
-73.746,163.541,PRO-59
-70.2152,154.358,PRO-60
77.844,0.952281,GLY-61
-58.987,126.93,THR-62
-122.98,157.746,ARG-63
-85.7635,128.504,VAL-64
-127.795,148.329,ARG-65
-145.566,147.737,ALA-66
-146.924,167.935,MET-67
-158.75,95.9594,ALA-68
-93.6354,142.611,ILE-69
-105.201,127.56,TYR-70
-113.506,152.193,LYS-71
-144.635,-171.657,GLN-72
-60.7657,-29.7922,SER-73
-127.407,-6.07897,GLN-74
-118.641,131.144,HIS-75
-128.498,-14.9628,MET-76
-103.896,53.1487,THR-77
-129.871,152.394,GLU-78
-109.272,137.692,VAL-79
-56.052,116.908,VAL-80
-128.387,153.579,ARG-81
-61.2711,166.222,ARG-82
-65.2163,151.169,CYS-83
-61.2622,-1.82389,PRO-84
-103.132,-9.47538,HIS-85
-110.212,-21.2808,HIS-86
-68.7672,8.42606,GLU-87
-152.331,-22.473,ARG-88
-69.2617,167.757,CYS-89
-85.6649,-11.0291,SER-90
-66.8453,-29.044,ASP-91
-84.4308,-12.2861,SER-92
-66.7427,146.955,ASP-93
143.288,-136.797,GLY-94
-71.8129,-57.389,LEU-95
-60.1836,152.309,ALA-96
-67.053,142.314,PRO-97
-59.8258,-22.7724,PRO-98
-76.5402,-35.8633,GLN-99
-60.6871,121.593,HIS-100
-76.0927,-47.4309,LEU-101
-73.5822,130.178,ILE-102
-145.397,167.551,ARG-103
-134.166,147.542,VAL-104
-139.129,179.499,GLU-105
81.3966,-73.1718,GLY-106
-55.9618,123.14,ASN-107
-61.0209,-41.5105,LEU-108
-78.4559,15.6863,ARG-109
-57.6952,121.89,VAL-110
-160.3,162.843,GLU-111
-112.897,138.026,TYR-112
-147.828,148.128,LEU-113
-66.3827,148.247,ASP-114
-99.7785,139.105,ASP-115
-48.5666,-52.6316,ARG-116
-105.044,-32.294,ASN-117
-105.822,-17.6155,THR-118
79.8835,-1.47422,PHE-119
-78.4296,124.117,ARG-120
-73.5606,112.856,HIS-121
-145.446,149.247,SER-122
-66.7067,128.592,VAL-123
-126.693,134.741,VAL-124
-134.661,154.99,VAL-125
-73.7983,168.956,PRO-126
-88.1763,141.997,TYR-127
-141.777,155.108,GLU-128
-60.3931,170.356,PRO-129
-85.9248,140.785,PRO-130
-67.3235,153.323,GLU-131
-58.6861,128.415,VAL-132
85.7408,35.6676,GLY-133
-171.952,142.808,SER-134
-102.676,-19.1878,ASP-135
-118.446,140.667,CYS-136
-69.2688,138.245,THR-137
-116.987,150.362,THR-138
-130.98,126.7,ILE-139
-98.8741,107.393,HIS-140
-74.8912,-170.054,TYR-141
-169.421,159.467,ASN-142
-146.001,157.939,TYR-143
-161.371,137.41,MET-144
-175.84,154.761,CYS-145
-73.2459,140.899,ASN-146
-115.059,-35.271,SER-147
-64.2964,-33.043,SER-148
-93.1856,-163.718,CYS-149
-94.5966,-35.0567,MET-150
79.8494,-144.347,GLY-151
-82.0491,168.229,GLY-152
-49.6877,-21.7722,ILE-153
-141.91,153.858,ASN-154
-58.0577,133.223,ARG-155
-153.538,160.664,ARG-156
-72.0212,126.534,PRO-157
-108.289,138.323,ILE-158
-113.52,164.039,LEU-159
-126.941,163.619,THR-160
-135.991,108.841,ILE-161
-106.561,126.521,ILE-162
-125.934,170.711,THR-163
-130.753,140.671,LEU-164
-149.361,147.348,GLU-165
-67.3936,163.257,ASP-166
-68.7418,-14.5689,SER-167
-99.1881,30.597,SER-168
73.2119,-28.1717,GLY-169
-49.1237,130.068,ASN-170
-69.6395,132.574,LEU-171
-110.732,-7.73941,LEU-172
174.558,156.565,GLY-173
-139.261,141.956,ARG-174
-143.233,126.12,ASN-175
-130.317,147.745,SER-176
-169.258,163.73,PHE-177
-88.1394,131.85,GLU-178
-99.2254,143.718,VAL-179
-155.939,96.4572,ARG-180
-68.5684,142.563,VAL-181
-145.036,149.925,CYS-182
-67.7316,-48.1655,ALA-183
-126.56,74.7924,CYS-184
-64.5258,-24.5487,PRO-185
-66.4382,-53.9234,GLY-186
-55.6783,-52.0386,ARG-187
-61.5517,-34.2501,ASP-188
-62.3482,-52.732,ARG-189
-55.6547,-42.6982,ARG-190
-50.9125,-44.6281,THR-191
-85.2106,-41.9773,GLU-192
-65.7969,-33.316,GLU-193
-56.1385,-25.8164,GLU-194
-77.009,-12.0109,ASN-195
-78.2169,158.25,LEU-196
-86.588,-24.2434,ARG-197
-68.9801,153.362,LYS-198
-60.9156,162.303,LYS-199
-155.726,173.08,GLY-200
-80.4117,132.577,GLU-201
-75.6665,154.624,PRO-202
-145.967,150.642,HIS-203
-35.0599,132.372,HIS-204
-94.748,-20.2643,GLU-205
-65.071,-39.7364,LEU-206
-80.0268,166.802,PRO-207
-76.3758,172.354,PRO-208
-109.769,177.839,GLY-209
-111.173,-154.5,SER-210
-108.516,150.248,THR-211
-72.3642,146.755,LYS-212
80.316,157.601,ARG-213
-68.8996,170.533,ALA-214
-102.474,-22.8849,LEU-215
-64.7945,153.73,PRO-216
-90.3776,19.5357,ASN-217
-66.8597,116.282,ASN-218
-107.285,146.843,SER-2
-175.958,153.239,SER-3
-65.3565,137.26,VAL-4
-68.0157,139.172,PRO-5
-88.3191,144.888,SER-6
-96.5871,-25.7075,GLN-7
-37.2083,109.476,LYS-8
-62.3625,131.522,THR-9
-139.156,150.399,TYR-10
-99.4438,-55.4429,GLN-11
63.7374,-178.517,GLY-12
-53.2842,-46.6391,SER-13
-48.3328,-32.3667,TYR-14
87.6854,19.4514,GLY-15
-60.5372,102.276,PHE-16
-140.742,147.765,ARG-17
-78.4082,174.965,LEU-18
-150.123,168.205,GLY-19
-151.868,155.259,PHE-20
-68.1418,156.491,LEU-21
-82.7039,4.32495,HIS-22
-61.1985,-36.302,SER-23
74.0335,-68.8823,GLY-24
-140.786,-20.9123,THR-25
-45.2523,144.68,ALA-26
-46.5935,-36.0756,LYS-27
-61.6992,-16.7189,SER-28
-48.0785,114.602,VAL-29
-111.084,-38.0007,THR-30
-128.43,137.209,CYS-31
-154.436,159.696,THR-32
-140.825,150.973,TYR-33
-125.571,106.888,SER-34
-50.8372,-35.2552,PRO-35
-80.5885,-28.1549,ALA-36
-100.493,-13.13,LEU-37
53.2968,59.0457,ASN-38
-155.763,124.667,LYS-39
-95.1989,136.662,MET-40
-126.327,112.181,PHE-41
-115.244,169.59,CYS-42
-108.031,144.917,GLN-43
-65.2498,140.643,LEU-44
62.8135,-33.3711,ALA-45
-58.6782,159.791,LYS-46
-58.6428,123.015,THR-47
-110.858,95.9381,CYS-48
-72.1035,129.802,PRO-49
-126.923,130.15,VAL-50
-106.341,168.78,GLN-51
-146.418,152.534,LEU-52
-130.059,148.863,TRP-53
-134.324,133.306,VAL-54
-84.1968,-3.1609,ASP-55
-116.225,162.895,SER-56
-74.1379,124.453,THR-57
-65.3356,135.162,PRO-58
-70.8735,172.651,PRO-59
-72.261,130.337,PRO-60
90.0268,6.26619,GLY-61
-66.4128,130.206,THR-62
-116.062,153.052,ARG-63
-103.878,136.691,VAL-64
-136.169,155.168,ARG-65
-145.069,124.209,ALA-66
-111.963,164.507,MET-67
-154.941,97.32,ALA-68
-97.0241,136.261,ILE-69
-84.0309,108.652,TYR-70
-71.4341,137.682,LYS-71
-132.237,178.385,GLN-72
-47.1213,-35.047,SER-73
-152.829,-36.5347,GLN-74
-71.7861,135.191,HIS-75
-139.711,-6.48959,MET-76
-96.0546,72.9736,THR-77
-159.418,152.947,GLU-78
-122.545,155.75,VAL-79
-84.394,137.122,VAL-80
-145.911,155.413,ARG-81
-62.9138,162.59,ARG-82
-73.0658,163.7,CYS-83
-49.5582,-32.2776,PRO-84
-89.8197,15.2814,HIS-85
-153.359,0.264925,HIS-86
-67.0854,-12.3558,GLU-87
-153.234,-4.58327,ARG-88
-61.9245,176.996,CYS-89
-60.8201,-33.1513,SER-90
-79.4251,-9.16062,ASP-91
-107.538,-11.0797,SER-92
-74.0036,137.523,ASP-93
141.542,-140.802,GLY-94
-73.0542,-44.3157,LEU-95
-80.2103,129.879,ALA-96
-45.5716,153.608,PRO-97
-53.3891,-26.0821,PRO-98
-83.2952,-35.2631,GLN-99
-71.6305,132.888,HIS-100
-76.1065,-58.7085,LEU-101
-77.6104,104.101,ILE-102
-129.704,159.278,ARG-103
-125.231,139.797,VAL-104
-127.585,158.433,GLU-105
80.268,-61.9755,GLY-106
-56.3946,124.622,ASN-107
-50.1706,-24.3285,LEU-108
-109.156,17.1703,ARG-109
-51.8925,129.468,VAL-110
-174.97,149.281,GLU-111
-81.9132,139.484,TYR-112
-143.461,151.026,LEU-113
-68.215,157.98,ASP-114
-103.407,136.144,ASP-115
-52.7637,-50.1466,ARG-116
-111.9,-19.2668,ASN-117
-89.8695,-36.8218,THR-118
68.9253,38.0355,PHE-119
-110.658,97.0042,ARG-120
-60.6406,113.651,HIS-121
-146.676,145.272,SER-122
-49.1113,126.902,VAL-123
-112.605,150.144,VAL-124
-143.365,131.954,VAL-125
-70.4256,149.32,PRO-126
-62.7846,154.367,TYR-127
-152.818,157.253,GLU-128
-72.2166,175.053,PRO-129
-81.6964,156.444,PRO-130
-69.9573,162.486,GLU-131
-66.0094,143.992,VAL-132
74.4228,21.7412,GLY-133
-153.652,160.952,SER-134
-108.268,-34.8432,ASP-135
-105.569,106.687,CYS-136
-51.952,141.04,THR-137
-118.211,134.426,THR-138
-119.657,133.615,ILE-139
-103.042,80.55,HIS-140
-70.7379,166.055,TYR-141
-143.496,152.912,ASN-142
-135.526,168.585,TYR-143
-170.186,104.11,MET-144
-162.04,165.381,CYS-145
-91.5997,151.251,ASN-146
-118.101,-26.2273,SER-147
-82.7535,-12.2951,SER-148
-78.941,167.761,CYS-149
-93.7949,-29.3962,MET-150
89.5271,-161.926,GLY-151
-71.3055,179.825,GLY-152
-39.8331,-32.4651,ILE-153
-159.248,146.466,ASN-154
-67.8448,140.013,ARG-155
-149.671,167.321,ARG-156
-70.0405,165.63,PRO-157
-149.725,141.092,ILE-158
-110.792,156.194,LEU-159
-119.036,138.671,THR-160
-101.221,117.443,ILE-161
-104.678,143.371,ILE-162
-142.519,153.807,THR-163
-132.532,116.256,LEU-164
-135.698,143.89,GLU-165
-68.4647,149.206,ASP-166
-52.1639,-26.1403,SER-167
-99.5076,16.1966,SER-168
83.5691,2.01739,GLY-169
-77.3152,134.529,ASN-170
-72.9423,144.194,LEU-171
-96.2988,-13.4241,LEU-172
174.487,163.308,GLY-173
-146.612,153.932,ARG-174
-154.037,143.263,ASN-175
-127.132,138.62,SER-176
-155.458,158.612,PHE-177
-77.7894,139.568,GLU-178
-115.452,137.353,VAL-179
-130.104,122.293,ARG-180
-89.8821,123.255,VAL-181
-124.749,142.656,CYS-182
-69.3261,-32.966,ALA-183
-124.502,70.554,CYS-184
-59.2888,-15.6598,PRO-185
-70.7988,-44.6679,GLY-186
-76.1559,-36.8141,ARG-187
-69.4943,-36.2881,ASP-188
-57.2082,-69.9485,ARG-189
-52.6908,-47.3716,ARG-190
-51.3662,-43.9376,THR-191
-79.9636,-28.3097,GLU-192
-89.8723,-29.6342,GLU-193
-65.0755,-11.9635,GLU-194
-73.8137,3.52277,ASN-195
-98.9132,154.641,LEU-196
-72.2817,-26.0777,ARG-197
-97.6726,142.81,LYS-198
-65.923,153.775,LYS-199
-128.41,173.479,GLY-200
-74.1758,141.177,GLU-201
-71.8003,162.299,PRO-202
-142.592,-173.777,HIS-203
-53.1737,118.866,HIS-204
-87.2826,-8.47756,GLU-205
-72.6389,-46.5731,LEU-206
-85.6487,152.77,PRO-207
-69.2395,178.078,PRO-208
-88.8607,160.77,GLY-209
-74.976,-163.017,SER-210
-93.7108,142.717,THR-211
-71.2893,156.896,LYS-212
66.8752,157.004,ARG-213
-76.6537,167.724,ALA-214
-79.5488,-32.37,LEU-215
-64.4317,160.686,PRO-216
-82.5003,26.6028,ASN-217
-66.3316,124.578,ASN-218
-71.7498,156.107,SER-2
176.288,155.705,SER-3
-78.3075,139.966,VAL-4
-54.7213,127.063,PRO-5
-70.5128,137.955,SER-6
-95.5967,1.22378,GLN-7
-63.0431,118.676,LYS-8
-80.5089,149.539,THR-9
-177.673,159.837,TYR-10
-102.885,-47.8853,GLN-11
64.0582,-166.474,GLY-12
-74.8986,-22.8737,SER-13
-74.3448,-21.0813,TYR-14
92.2371,17.5241,GLY-15
-61.8944,129.159,PHE-16
-161.581,153.863,ARG-17
-90.291,149.89,LEU-18
-122.767,163.365,GLY-19
-144.519,148.516,PHE-20
-60.1619,146.652,LEU-21
-63.4868,-16.5581,HIS-22
-50.6429,-38.2024,SER-23
74.2208,-72.104,GLY-24
-138.85,-6.05452,THR-25
-81.3519,168.809,ALA-26
-70.5232,-9.35951,LYS-27
-77.7839,-10.8897,SER-28
-64.3895,99.5493,VAL-29
-82.9385,-36.3893,THR-30
-137.574,140.554,CYS-31
-156.52,159.584,THR-32
-148.796,116.311,TYR-33
-88.3792,103.94,SER-34
-59.3147,-34.6058,PRO-35
-78.5523,-24.9362,ALA-36
-86.6855,-14.3763,LEU-37
63.3386,31.0518,ASN-38
-144.532,127.244,LYS-39
-90.1761,135.486,MET-40
-118.259,104.192,PHE-41
-99.8007,160.268,CYS-42
-93.4585,153.464,GLN-43
-74.7603,150.255,LEU-44
63.7373,-18.8692,ALA-45
-81.2722,152.799,LYS-46
-59.4205,113.628,THR-47
-116.581,98.7553,CYS-48
-75.7603,127.783,PRO-49
-116.448,139.986,VAL-50
-126.173,156.759,GLN-51
-133.517,151.914,LEU-52
-110.403,150.299,TRP-53
-132.817,133.32,VAL-54
-63.749,-33.9936,ASP-55
-132.73,-165.375,SER-56
-80.1959,118.334,THR-57
-83.2389,176.011,PRO-58
-65.9203,160.521,PRO-59
-50.9956,126.425,PRO-60
92.0983,17.7333,GLY-61
-80.1575,136.074,THR-62
-132.241,136.122,ARG-63
-78.9266,139.215,VAL-64
-122.67,145.522,ARG-65
-122.559,138.023,ALA-66
-122.928,161.647,MET-67
-157.682,85.5033,ALA-68
-75.9852,159.988,ILE-69
-124.431,116.861,TYR-70
-126.28,154.017,LYS-71
-147.906,-162.383,GLN-72
-54.6344,-28.1384,SER-73
-162.206,-21.5016,GLN-74
-66.2562,142.518,HIS-75
-127.483,0.626793,MET-76
-114.453,65.3538,THR-77
-167.612,169.62,GLU-78
-121.265,150.282,VAL-79
-60.9926,121.403,VAL-80
-134.419,165.183,ARG-81
-85.0231,159.128,ARG-82
-47.0086,155.806,CYS-83
-58.6005,-35.9256,PRO-84
-81.8674,12.4656,HIS-85
-120.341,-8.23034,HIS-86
-67.5264,-4.58131,GLU-87
-153.72,-19.0625,ARG-88
-66.928,174.115,CYS-89
-72.7908,-19.3674,SER-90
-73.5929,0.765286,ASP-91
-115.126,-4.35137,SER-92
-99.9037,143.316,ASP-93
134.39,-132.82,GLY-94
-69.3119,-57.7886,LEU-95
-71.3136,134.617,ALA-96
-53.0047,138.072,PRO-97
-58.082,-32.8714,PRO-98
-74.9925,-26.9573,GLN-99
-74.1894,133.909,HIS-100
-94.806,-51.2145,LEU-101
-67.3024,126.133,ILE-102
-156.94,154.494,ARG-103
-134.037,143.615,VAL-104
-146.974,153.445,GLU-105
78.1334,-26.4526,GLY-106
-78.6514,133.542,ASN-107
-64.1159,-55.2753,LEU-108
-78.6455,-12.9788,ARG-109
-41.3715,123.096,VAL-110
-150.294,162.372,GLU-111
-105.36,120.767,TYR-112
-125.02,146.796,LEU-113
-67.1698,-171.628,ASP-114
-152.823,140.157,ASP-115
-67.8978,-27.962,ARG-116
-116.206,-31.1944,ASN-117
-96.7529,-37.6048,THR-118
58.2713,16.2877,PHE-119
-71.5228,113.041,ARG-120
-70.1688,113.74,HIS-121
-145.24,151.037,SER-122
-62.4235,138.905,VAL-123
-132.782,129.552,VAL-124
-128.621,136.001,VAL-125
-59.5918,143.479,PRO-126
-65.6261,165.064,TYR-127
-156.873,149.892,GLU-128
-64.5266,157.552,PRO-129
-75.2517,151.61,PRO-130
-66.7082,159.659,GLU-131
-56.5861,125.653,VAL-132
95.8688,18.6002,GLY-133
-150.796,167.069,SER-134
-135.807,-30.8199,ASP-135
-97.4905,129.772,CYS-136
-76.662,129.752,THR-137
-92.6462,124.431,THR-138
-106.767,135.256,ILE-139
-101.212,94.8745,HIS-140
-72.9396,146.027,TYR-141
-128.469,172.819,ASN-142
-156.128,157.575,TYR-143
-134.682,108.61,MET-144
-156.334,145.754,CYS-145
-84.4264,150.778,ASN-146
-124.998,1.59346,SER-147
-105.576,-12.2659,SER-148
-71.3442,169.201,CYS-149
-76.2855,-39.8644,MET-150
79.4987,-155.68,GLY-151
-69.9011,-171.789,GLY-152
-47.2611,-51.9463,ILE-153
-115.243,159.457,ASN-154
-62.7412,133.536,ARG-155
-134.43,169.206,ARG-156
-89.442,155.845,PRO-157
-132.807,145.754,ILE-158
-136.975,126.014,LEU-159
-85.9253,172.83,THR-160
-145.449,136.361,ILE-161
-128.016,112.172,ILE-162
-110.707,167.997,THR-163
-123.243,138.118,LEU-164
-147.85,145.492,GLU-165
-73.4963,166.482,ASP-166
-62.7888,-21.111,SER-167
-88.5395,-7.57033,SER-168
100.316,-14.6956,GLY-169
-66.94,138.411,ASN-170
-72.1829,151.997,LEU-171
-108.304,-13.6177,LEU-172
177.928,164.642,GLY-173
-157.395,142.407,ARG-174
-149.107,142.13,ASN-175
-139.555,152.884,SER-176
-165.869,159.821,PHE-177
-78.9521,131.886,GLU-178
-96.9823,150.235,VAL-179
-143.851,138.616,ARG-180
-108.809,131.486,VAL-181
-126.824,156.607,CYS-182
-83.3754,-40.25,ALA-183
-131.975,85.2787,CYS-184
-71.0274,-23.6943,PRO-185
-66.3839,-46.9294,GLY-186
-61.7106,-48.0011,ARG-187
-61.8414,-38.5616,ASP-188
-66.1098,-55.6277,ARG-189
-53.912,-46.9013,ARG-190
-57.2896,-44.7302,THR-191
-68.1988,-43.9842,GLU-192
-78.95,-22.4717,GLU-193
-72.2927,-21.8203,GLU-194
-71.8573,-29.2292,ASN-195
-56.9136,149.259,LEU-196
-72.0709,-35.1193,ARG-197
-59.7125,150.924,LYS-198
-80.1257,159.523,LYS-199
-117.434,-164.152,GLY-200
-77.9284,139.693,GLU-201
-76.266,151.136,PRO-202
-137.873,170.556,HIS-203
-51.0064,129.914,HIS-204
-90.622,-16.9385,GLU-205
-67.9267,-66.3685,LEU-206
-69.414,156.202,PRO-207
-82.1179,171.549,PRO-208
-61.3487,153.663,GLY-209
-81.3745,-108.259,SER-210
-129.977,176.376,THR-211
-123.338,141.323,LYS-212
85.1549,141.937,ARG-213
-74.1729,173.248,ALA-214
-87.7039,-30.1652,LEU-215
-60.2049,150.217,PRO-216
-101.555,9.1779,ASN-217
-34.9877,135.616,ASN-218
-106.635,148.033,SER-2
-175.158,160.141,SER-3
-77.2193,123.863,VAL-4
-50.1948,134.803,PRO-5
-78.4246,134.967,SER-6
-78.399,-10.4368,GLN-7
-55.0649,112.2,LYS-8
-55.128,126.383,THR-9
-153.049,149.491,TYR-10
-94.0526,-49.2253,GLN-11
70.8214,-159.074,GLY-12
-72.5721,-30.0924,SER-13
-71.4756,-18.2371,TYR-14
81.818,3.66678,GLY-15
-49.6531,129.603,PHE-16
-159.792,167.117,ARG-17
-90.8843,167.48,LEU-18
-143.889,159.486,GLY-19
-139.759,164.99,PHE-20
-72.8488,153.73,LEU-21
-83.457,7.91461,HIS-22
-70.7492,-15.7268,SER-23
67.9,-88.9396,GLY-24
-149.142,-5.06568,THR-25
-64.7859,160.111,ALA-26
-50.1185,-34.8257,LYS-27
-71.0876,-14.6739,SER-28
-56.4784,107.702,VAL-29
-95.097,-23.9759,THR-30
-151.608,139.312,CYS-31
-162.951,154.298,THR-32
-126.835,135.106,TYR-33
-105.321,107.095,SER-34
-68.9023,-31.4503,PRO-35
-79.0664,9.01005,ALA-36
-118.24,-14.5384,LEU-37
50.9229,53.1627,ASN-38
-145.502,119.909,LYS-39
-90.2637,136.987,MET-40
-112.673,119.04,PHE-41
-126.741,136.998,CYS-42
-84.2484,133.526,GLN-43
-69.5673,135.61,LEU-44
82.7902,-28.7116,ALA-45
-63.7318,164.11,LYS-46
-71.9647,117.937,THR-47
-126.791,100.459,CYS-48
-71.9024,142.043,PRO-49
-127.306,121.12,VAL-50
-93.0552,171.06,GLN-51
-161.639,132.804,LEU-52
-92.274,147.663,TRP-53
-132.595,127.834,VAL-54
-63.3243,-10.8013,ASP-55
-171.861,169.233,SER-56
-57.8307,125.394,THR-57
-93.2539,162.388,PRO-58
-59.2176,155.312,PRO-59
-67.5502,143.321,PRO-60
83.6256,5.51132,GLY-61
-64.4563,141.926,THR-62
-122.84,140.52,ARG-63
-86.1226,140.405,VAL-64
-141.673,157.727,ARG-65
-131.885,125.593,ALA-66
-112.278,175.042,MET-67
-166.841,88.5707,ALA-68
-82.3037,140.575,ILE-69
-88.8634,103.028,TYR-70
-91.3214,147.217,LYS-71
-133.57,176.683,GLN-72
-46.6345,-35.3573,SER-73
-134.558,-4.56877,GLN-74
-96.1324,130.773,HIS-75
-119.314,-23.8252,MET-76
-84.1239,63.7512,THR-77
-176.052,153.04,GLU-78
-124.736,145.493,VAL-79
-69.9152,122.308,VAL-80
-143.364,173.084,ARG-81
-60.0083,154.827,ARG-82
-58.4596,152.435,CYS-83
-65.1729,-14.579,PRO-84
-98.9647,4.27531,HIS-85
-125.82,6.0273,HIS-86
-85.2891,16.4362,GLU-87
-168.131,6.01235,ARG-88
-69.6026,163.459,CYS-89
-58.8684,-7.68273,SER-90
-94.2603,-28.051,ASP-91
-91.3792,-30.0801,SER-92
-56.5258,141.852,ASP-93
141.639,-146.25,GLY-94
-64.1136,-48.2442,LEU-95
-72.3343,168.017,ALA-96
-75.6322,146.235,PRO-97
-64.9564,-16.7069,PRO-98
-78.4661,-46.9114,GLN-99
-57.9652,129.258,HIS-100
-69.2288,-50.3857,LEU-101
-75.1907,124.902,ILE-102
-150.863,153.302,ARG-103
-114.848,158.995,VAL-104
-149.483,176.145,GLU-105
54.6219,-21.8305,GLY-106
-92.2528,121.468,ASN-107
-73.0965,-9.65577,LEU-108
-103.649,6.03125,ARG-109
-57.5562,126.54,VAL-110
-144.76,157.539,GLU-111
-112.983,134.909,TYR-112
-150.235,160.543,LEU-113
-71.956,129.204,ASP-114
-65.5179,137.357,ASP-115
-47.8496,-44.3572,ARG-116
-87.0467,-30.9419,ASN-117
-114.893,-21.8128,THR-118
66.774,7.5234,PHE-119
-75.5159,119.688,ARG-120
-64.0058,119.377,HIS-121
-152.586,150.8,SER-122
-62.8828,130.503,VAL-123
-117.558,136.543,VAL-124
-142.411,160.48,VAL-125
-87.5235,148.662,PRO-126
-64.2889,145.919,TYR-127
-144.491,132.277,GLU-128
-51.2276,162.308,PRO-129
-61.3963,143.383,PRO-130
-59.5331,161.017,GLU-131
-62.6163,142.777,VAL-132
82.8067,7.5604,GLY-133
-131.758,149.767,SER-134
-103.871,-12.0775,ASP-135
-129.709,154.761,CYS-136
-89.6678,152.636,THR-137
-112.881,146.761,THR-138
-130.504,130.676,ILE-139
-91.4763,152.864,HIS-140
-123.077,171.054,TYR-141
-138.836,164.645,ASN-142
-153.077,161.139,TYR-143
-171.527,110.985,MET-144
-171.483,170.801,CYS-145
-81.8704,149.771,ASN-146
-122.944,-4.15198,SER-147
-98.3546,-24.0639,SER-148
-85.814,162.791,CYS-149
-65.5254,-31.4121,MET-150
92.6485,-131.697,GLY-151
-81.2102,-162.843,GLY-152
-64.2738,-21.7373,ILE-153
-157.726,146.418,ASN-154
-61.481,139.577,ARG-155
-148.767,171.7,ARG-156
-69.4822,156.27,PRO-157
-144.119,146.752,ILE-158
-133.948,138.329,LEU-159
-116.337,151.078,THR-160
-124.029,95.6367,ILE-161
-79.0012,126.367,ILE-162
-131.963,162.287,THR-163
-123.381,135.682,LEU-164
-146.981,138.116,GLU-165
-55.8062,152.009,ASP-166
-55.7924,-28.7068,SER-167
-62.3155,3.28653,SER-168
76.7286,9.82883,GLY-169
-81.3749,130.114,ASN-170
-79.0734,126.468,LEU-171
-96.4838,-11.0666,LEU-172
165.71,164.328,GLY-173
-152.455,137.792,ARG-174
-148.174,126.22,ASN-175
-123.041,127.617,SER-176
-139.27,160.807,PHE-177
-78.8974,133.821,GLU-178
-105.755,154.421,VAL-179
-146.953,114.628,ARG-180
-71.0125,131.547,VAL-181
-139.489,151.45,CYS-182
-94.0573,-41.164,ALA-183
-109.665,71.1431,CYS-184
-55.4568,-28.6143,PRO-185
-78.2787,-45.5555,GLY-186
-68.5655,-42.7774,ARG-187
-54.9791,-49.2582,ASP-188
-53.8447,-57.3518,ARG-189
-55.1374,-35.0716,ARG-190
-59.353,-39.5236,THR-191
-83.0048,-36.623,GLU-192
-68.7232,-29.2596,GLU-193
-83.3236,4.83736,GLU-194
-82.5217,-23.2524,ASN-195
-81.9532,-175.533,LEU-196
-92.4296,-42.2833,ARG-197
-56.3595,149.655,LYS-198
-68.355,151.271,LYS-199
-131.7,145.882,GLY-200
-66.3141,143.711,GLU-201
-76.552,136.659,PRO-202
-154.184,154.848,HIS-203
-56.1683,138.895,HIS-204
-84.0362,-16.0197,GLU-205
-66.4395,-60.2329,LEU-206
-74.3234,149.777,PRO-207
-74.7452,165.39,PRO-208
-62.816,157.932,GLY-209
-93.5437,-109.485,SER-210
-130.936,153.995,THR-211
-96.1047,146.655,LYS-212
70.6059,172.539,ARG-213
-78.5574,169.766,ALA-214
-85.6855,-32.0653,LEU-215
-63.8703,147.835,PRO-216
-65.8747,-3.58221,ASN-217
-41.8185,127.977,ASN-218
-74.3581,121.302,SER-2
-164.04,152.132,SER-3
-73.4906,131.111,VAL-4
-60.3908,131.845,PRO-5
-68.8307,135.749,SER-6
-85.6392,-16.4071,GLN-7
-46.3144,118.804,LYS-8
-79.5534,145.61,THR-9
-160.752,165.065,TYR-10
-115.761,-56.2619,GLN-11
78.0764,-154.943,GLY-12
-67.1594,-51.4863,SER-13
-72.2975,-3.39104,TYR-14
62.6107,34.0475,GLY-15
-64.8423,137.975,PHE-16
-172.288,141.76,ARG-17
-87.603,167.609,LEU-18
-145.662,149.67,GLY-19
-133.46,163.196,PHE-20
-68.4262,147.387,LEU-21
-76.7951,29.8732,HIS-22
-76.1226,-13.5503,SER-23
72.9942,-114.976,GLY-24
-125.851,-16.1359,THR-25
-53.4098,154.207,ALA-26
-50.3497,-27.139,LYS-27
-55.349,-27.4622,SER-28
-46.193,97.7025,VAL-29
-80.5427,-36.0612,THR-30
-144.877,135.224,CYS-31
-156.563,155,THR-32
-141.407,124.784,TYR-33
-85.4064,96.4383,SER-34
-62.7654,-21.0278,PRO-35
-73.4187,-32.9681,ALA-36
-93.0179,-26.2264,LEU-37
52.9274,59.7277,ASN-38
-133.435,134.845,LYS-39
-103.493,156.309,MET-40
-129.227,109.295,PHE-41
-110.787,143.977,CYS-42
-82.3852,134.334,GLN-43
-59.8674,140.464,LEU-44
62.2083,-27.9073,ALA-45
-68.5838,167.483,LYS-46
-62.9331,122.228,THR-47
-110.517,80.078,CYS-48
-59.546,135.829,PRO-49
-137.718,149.651,VAL-50
-116.695,163.785,GLN-51
-155.285,153.408,LEU-52
-111.388,152.042,TRP-53
-142.571,118.282,VAL-54
-72.5018,4.73497,ASP-55
-170.828,155.938,SER-56
-62.9634,118.67,THR-57
-89.7669,165.901,PRO-58
-41.3942,138.065,PRO-59
-55.5059,126.635,PRO-60
97.2824,10.4052,GLY-61
-71.6327,134.447,THR-62
-126.373,154.613,ARG-63
-82.8423,147.849,VAL-64
-138.871,137.297,ARG-65
-120.692,117.572,ALA-66
-105.418,168.347,MET-67
-163.208,93.2051,ALA-68
-78.0819,148.266,ILE-69
-93.3383,115.003,TYR-70
-112.323,138.18,LYS-71
-133.536,-168.578,GLN-72
-60.0328,-48.2825,SER-73
-114.496,-46.6555,GLN-74
-61.978,121.299,HIS-75
-137.981,-13.5316,MET-76
-101.393,73.2926,THR-77
-152.579,171.656,GLU-78
-121.173,159.916,VAL-79
-61.1342,137.414,VAL-80
-151.651,160.983,ARG-81
-73.4209,166.968,ARG-82
-63.6295,149.175,CYS-83
-55.5853,-15.4301,PRO-84
-96.166,-4.17009,HIS-85
-113.345,13.6624,HIS-86
-82.6108,-10.6288,GLU-87
-162.144,18.9586,ARG-88
-77.2835,164.618,CYS-89
-48.2501,-17.6055,SER-90
-86.9333,-25.3049,ASP-91
-98.0953,-34.4103,SER-92
-58.5108,147.647,ASP-93
139.043,-135.641,GLY-94
-60.4648,-65.8678,LEU-95
-72.0036,156.802,ALA-96
-54.496,136.75,PRO-97
-64.8551,-37.0397,PRO-98
-58.5256,-28.8672,GLN-99
-64.5981,118.794,HIS-100
-68.7743,-51.9653,LEU-101
-75.3536,110.509,ILE-102
-143.106,167.064,ARG-103
-142.39,150.369,VAL-104
-140.352,-169.64,GLU-105
64.16,-50.453,GLY-106
-68.052,121.493,ASN-107
-57.721,-29.1001,LEU-108
-102.621,10.4749,ARG-109
-54.4023,118.333,VAL-110
-137.177,168.583,GLU-111
-115.728,133.838,TYR-112
-133.036,147.608,LEU-113
-72.2219,122.276,ASP-114
-58.4343,123.672,ASP-115
-53.4625,-26.8794,ARG-116
-92.3913,-33.7961,ASN-117
-124.372,-10.9154,THR-118
71.4938,1.39116,PHE-119
-73.7917,119.242,ARG-120
-73.9266,113.616,HIS-121
-149.133,158.726,SER-122
-74.4622,123.525,VAL-123
-112.656,121.535,VAL-124
-115.013,148.345,VAL-125
-44.3531,146.665,PRO-126
-79.3857,139.903,TYR-127
-125.386,140.525,GLU-128
-53.6642,154.01,PRO-129
-67.6282,166.252,PRO-130
-85.1181,161.489,GLU-131
-49.4973,132.121,VAL-132
79.2916,-15.1317,GLY-133
-78.8569,155.423,SER-134
-102.453,-27.2812,ASP-135
-131.452,149.188,CYS-136
-66.9674,132.505,THR-137
-87.9066,136.526,THR-138
-123.954,142.307,ILE-139
-111.481,97.8018,HIS-140
-84.0784,175.932,TYR-141
-163.672,149.245,ASN-142
-139.148,122.298,TYR-143
-106.862,119.318,MET-144
-162.03,-175.753,CYS-145
-97.9085,144.409,ASN-146
-102.927,-16.7452,SER-147
-88.1242,-36.0419,SER-148
-87.2289,-176.886,CYS-149
-74.509,-13.9959,MET-150
95.7239,-139.603,GLY-151
-87.4078,-108.209,GLY-152
-74.057,-22.1263,ILE-153
-178.554,149.649,ASN-154
-62.424,135.621,ARG-155
-146.45,158.2,ARG-156
-75.908,152.308,PRO-157
-128.897,145.715,ILE-158
-134.508,131.33,LEU-159
-100.013,163.019,THR-160
-148.637,96.2429,ILE-161
-102.002,129.125,ILE-162
-135.559,157.342,THR-163
-121.564,126.972,LEU-164
-141.973,128.768,GLU-165
-40.3447,154.071,ASP-166
-54.483,-28.9636,SER-167
-98.3425,12.1705,SER-168
97.0053,-4.92371,GLY-169
-59.1123,126.614,ASN-170
-78.4173,123.44,LEU-171
-102.731,-27.0479,LEU-172
-158.991,157.46,GLY-173
-152.723,141,ARG-174
-150.028,144.647,ASN-175
-134.183,155.495,SER-176
-166.236,155.133,PHE-177
-87.9769,134.423,GLU-178
-93.946,133.324,VAL-179
-120.497,114.642,ARG-180
-77.1398,132.426,VAL-181
-139.207,154.99,CYS-182
-93.8303,-38.5156,ALA-183
-112.941,73.6768,CYS-184
-66.8496,-36.5217,PRO-185
-61.7337,-43.696,GLY-186
-58.9291,-66.0504,ARG-187
-39.7414,-56.5781,ASP-188
-33.8516,-67.1758,ARG-189
-57.9573,-32.7668,ARG-190
-66.0482,-37.7431,THR-191
-86.9608,-27.7453,GLU-192
-83.1299,-46.0976,GLU-193
-62.4854,-15.4078,GLU-194
-58.0699,-15.631,ASN-195
-101.334,-173.157,LEU-196
-113.596,-26.651,ARG-197
-67.846,135.593,LYS-198
-73.6959,-178.958,LYS-199
-138.455,164.91,GLY-200
-77.497,147.001,GLU-201
-77.2611,131.09,PRO-202
-94.2831,178.734,HIS-203
-46.9541,148.601,HIS-204
-92.761,-29.0945,GLU-205
-93.9007,-22.9529,LEU-206
-81.6485,162.444,PRO-207
-83.5116,142.733,PRO-208
-71.6428,154.484,GLY-209
-83.2701,-158.072,SER-210
-93.5135,-171.558,THR-211
-130.946,146.267,LYS-212
77.6606,162.469,ARG-213
-73.915,-177.82,ALA-214
-98.6109,-18.8814,LEU-215
-62.4089,140.324,PRO-216
-69.1551,11.1674,ASN-217
-53.1524,141.47,ASN-218
-67.1033,117.455,SER-2
-159.709,163.119,SER-3
-83.4342,120.236,VAL-4
-56.8141,139.052,PRO-5
-79.0928,146.712,SER-6
-105.62,12.5141,GLN-7
-69.1868,111.488,LYS-8
-67.6969,142.156,THR-9
-168.337,171.518,TYR-10
-107.007,-45.287,GLN-11
77.6926,-157.405,GLY-12
-71.2434,-48.2549,SER-13
-60.7576,-5.61643,TYR-14
66.1034,12.0558,GLY-15
-59.6136,129.723,PHE-16
-154.537,159.649,ARG-17
-93.3734,179.424,LEU-18
-156.224,166.568,GLY-19
-138.391,161.82,PHE-20
-75.715,146.849,LEU-21
-74.8964,30.0873,HIS-22
-73.4009,-37.8018,SER-23
84.9316,-86.2819,GLY-24
-159.082,3.51309,THR-25
-75.3288,171.287,ALA-26
-53.6734,-34.8415,LYS-27
-56.9118,-9.99349,SER-28
-65.4015,121.93,VAL-29
-111.872,-29.6973,THR-30
-154.251,138.966,CYS-31
-163.586,150.055,THR-32
-133.79,132.173,TYR-33
-85.2472,102.837,SER-34
-62.5928,-36.8697,PRO-35
-72.8398,-5.29937,ALA-36
-118.504,-20.8389,LEU-37
66.9352,39.4039,ASN-38
-126.825,134.616,LYS-39
-107.575,121.459,MET-40
-111.429,129.528,PHE-41
-131.067,165.381,CYS-42
-100.68,142.867,GLN-43
-70.4128,145.522,LEU-44
77.4541,-17.946,ALA-45
-93.3528,159.886,LYS-46
-69.2704,111.131,THR-47
-110.758,92.9668,CYS-48
-66.3124,138.765,PRO-49
-123.745,155.351,VAL-50
-121.813,153.815,GLN-51
-144.193,139.677,LEU-52
-90.5248,137.312,TRP-53
-133.031,138.715,VAL-54
-74.8213,-15.3959,ASP-55
-170.659,-167.869,SER-56
-78.2332,108.863,THR-57
-75.8208,158.496,PRO-58
-39.6385,156.391,PRO-59
-73.8283,136.863,PRO-60
87.161,15.5075,GLY-61
-58.2212,133.762,THR-62
-124.88,151.847,ARG-63
-95.6493,132.767,VAL-64
-123.219,145.54,ARG-65
-129.706,142.186,ALA-66
-126.498,170.453,MET-67
-162.29,99.6877,ALA-68
-87.3007,148.311,ILE-69
-99.8826,133.337,TYR-70
-145.758,149.294,LYS-71
-142.395,178.743,GLN-72
-64.3224,-0.846616,SER-73
-145.366,-22.9151,GLN-74
-89.5678,115.944,HIS-75
-101.788,-25.3352,MET-76
-101.419,57.9749,THR-77
-136.459,162.854,GLU-78
-118.882,151.711,VAL-79
-64.3424,132.445,VAL-80
-140.156,149.193,ARG-81
-51.228,153.077,ARG-82
-46.0647,157.67,CYS-83
-67.8337,-23.893,PRO-84
-93.7306,0.0519756,HIS-85
-104,-6.23794,HIS-86
-60.3305,-27.6268,GLU-87
-148.695,17.2524,ARG-88
-71.9707,174.339,CYS-89
-71.6478,2.81653,SER-90
-82.9242,-33.5622,ASP-91
-86.6533,-42.5705,SER-92
-55.5034,165.92,ASP-93
128.575,-143.596,GLY-94
-73.0075,-67.1641,LEU-95
-58.2106,156.153,ALA-96
-56.3785,136.124,PRO-97
-54.2902,-32.2347,PRO-98
-81.0621,-26.5414,GLN-99
-68.3305,126.788,HIS-100
-75.6329,-37.2666,LEU-101
-82.0841,123.927,ILE-102
-149.177,151.474,ARG-103
-124.98,134.902,VAL-104
-132.351,-179.098,GLU-105
74.1594,-30.2419,GLY-106
-65.6452,152.495,ASN-107
-114.964,-21.9215,LEU-108
-87.3193,-4.62699,ARG-109
-44.8615,128.745,VAL-110
-153.69,158.343,GLU-111
-101.903,125.901,TYR-112
-126.263,154.205,LEU-113
-74.7228,144.806,ASP-114
-83.7969,136.362,ASP-115
-63.7537,-30.6129,ARG-116
-91.4186,-23.2735,ASN-117
-116.095,-8.02833,THR-118
49.4429,19.8035,PHE-119
-81.2434,105.042,ARG-120
-61.9419,122.542,HIS-121
-164.475,158.5,SER-122
-75.1953,128.585,VAL-123
-125.101,114.659,VAL-124
-114.772,133.232,VAL-125
-59.9515,155.557,PRO-126
-86.9785,166.087,TYR-127
-159.399,148.7,GLU-128
-60.431,158.416,PRO-129
-72.4526,167.105,PRO-130
-109.391,148.069,GLU-131
-43.0634,122.329,VAL-132
90.1388,-1.4423,GLY-133
-112.683,-166.013,SER-134
-150.635,-13.3228,ASP-135
-94.212,157.307,CYS-136
-77.0748,146.292,THR-137
-117.242,142.732,THR-138
-139.891,135.492,ILE-139
-104.736,102.824,HIS-140
-78.5802,167.983,TYR-141
-149.894,172.004,ASN-142
-162.585,149.554,TYR-143
-141.558,121.081,MET-144
-159.425,-178.63,CYS-145
-108.878,139.598,ASN-146
-115.893,-4.13806,SER-147
-106.023,-18.2592,SER-148
-80.8914,179.526,CYS-149
-80.3123,-46.6841,MET-150
94.1104,-140.49,GLY-151
-68.0767,179.361,GLY-152
-53.4476,-18.054,ILE-153
-156.887,157.105,ASN-154
-61.9551,143.967,ARG-155
-166.968,172.941,ARG-156
-85.9931,166.142,PRO-157
-139.373,145.592,ILE-158
-116.536,144.699,LEU-159
-119.982,148.926,THR-160
-121.908,99.9508,ILE-161
-97.7698,135.226,ILE-162
-147.794,146.062,THR-163
-115.337,128.207,LEU-164
-143.184,158.703,GLU-165
-77.9607,156.471,ASP-166
-62.0865,-30.4898,SER-167
-85.7904,8.76977,SER-168
74.4347,0.597986,GLY-169
-45.0867,137.795,ASN-170
-93.1577,109.574,LEU-171
-96.4013,3.66476,LEU-172
164.07,150.1,GLY-173
-155.933,148.155,ARG-174
-168.026,145.137,ASN-175
-136.803,144.71,SER-176
-149.379,162.052,PHE-177
-84.5688,131.636,GLU-178
-97.4483,142.275,VAL-179
-142.579,142.179,ARG-180
-109.784,136.322,VAL-181
-124.366,155.393,CYS-182
-79.352,-33.6791,ALA-183
-141.325,88.7239,CYS-184
-70.2538,-17.8191,PRO-185
-77.884,-33.6991,GLY-186
-66.6701,-52.8503,ARG-187
-65.3818,-40.6553,ASP-188
-58.6647,-52.4064,ARG-189
-50.3235,-49.3111,ARG-190
-62.3846,-26.2767,THR-191
-90.515,-20.4328,GLU-192
-100.459,-39.3722,GLU-193
-56.9568,-16.324,GLU-194
-85.9231,4.70712,ASN-195
-108.099,166.35,LEU-196
-84.9765,-35.5589,ARG-197
-47.8088,148.719,LYS-198
-81.5275,144.857,LYS-199
-127.889,-172.726,GLY-200
-82.6237,146.92,GLU-201
-50.2756,149.609,PRO-202
-107.433,159.949,HIS-203
-55.4873,155.241,HIS-204
-82.3326,-28.3915,GLU-205
-94.4402,-38.4515,LEU-206
-52.8349,149.105,PRO-207
-83.7565,-174.534,PRO-208
-60.0296,177.553,GLY-209
-141.641,-147.275,SER-210
-115.437,143.157,THR-211
-71.4584,130.417,LYS-212
65.4855,161.444,ARG-213
-75.3123,156.989,ALA-214
-67.3758,-40.7613,LEU-215
-66.2485,141.713,PRO-216
-66.1996,-12.0318,ASN-217
-46.8286,145.861,ASN-218
-123.437,139.252,SER-2
-178.545,150.246,SER-3
-72.1608,117.739,VAL-4
-37.9392,151.455,PRO-5
-96.5902,136.048,SER-6
-86.9447,-11.2454,GLN-7
-75.6054,116.388,LYS-8
-62.5067,139.774,THR-9
-165.106,145.414,TYR-10
-94.5222,-56.1795,GLN-11
70.8374,-157.964,GLY-12
-67.8437,-19.9703,SER-13
-85.4901,-23.5216,TYR-14
76.4193,29.5719,GLY-15
-66.8784,135.944,PHE-16
-178.591,145.283,ARG-17
-83.1012,151.755,LEU-18
-124.158,145.955,GLY-19
-131.592,173.118,PHE-20
-78.7503,135.963,LEU-21
-76.8983,9.23125,HIS-22
-81.569,-0.830033,SER-23
61.4963,-87.8934,GLY-24
-127.688,-5.96528,THR-25
-62.7596,162.085,ALA-26
-55.7481,-22.9976,LYS-27
-71.974,-17.4089,SER-28
-61.9534,119.758,VAL-29
-102.11,-36.6676,THR-30
-132.927,128.114,CYS-31
-150.255,163.425,THR-32
-132.038,144.391,TYR-33
-121.783,117.685,SER-34
-82.3119,-22.8753,PRO-35
-63.3647,-14.9486,ALA-36
-118.775,-13.225,LEU-37
58.0774,49.2935,ASN-38
-147.37,135.5,LYS-39
-109.7,144.855,MET-40
-131.055,118.624,PHE-41
-134.843,144.725,CYS-42
-88.4687,115.838,GLN-43
-61.3754,134.894,LEU-44
70.1601,-19.3511,ALA-45
-72.832,159.267,LYS-46
-70.9479,113.755,THR-47
-117.345,94.6178,CYS-48
-69.6784,130.002,PRO-49
-140.708,131.063,VAL-50
-125.775,158.366,GLN-51
-131.764,142.032,LEU-52
-107.29,149.563,TRP-53
-142.452,123.553,VAL-54
-64.9833,-12.7548,ASP-55
-145.701,174.881,SER-56
-58.0219,115.862,THR-57
-73.6906,171.465,PRO-58
-58.8354,120.086,PRO-59
-60.1274,137.198,PRO-60
103.478,17.9313,GLY-61
-82.833,157.293,THR-62
-138.918,135.662,ARG-63
-78.2644,143.504,VAL-64
-132.649,146.636,ARG-65
-132.724,146.167,ALA-66
-157.923,138.991,MET-67
-147.491,121.539,ALA-68
-107.543,141.679,ILE-69
-107.624,124.425,TYR-70
-134.259,167.09,LYS-71
-147.692,-177.612,GLN-72
-42.7358,-22.3012,SER-73
-151.905,-40.2879,GLN-74
-60.6863,136.267,HIS-75
-116.173,-24.8154,MET-76
-96.6829,55.4257,THR-77
-138.92,151.717,GLU-78
-96.4239,144.676,VAL-79
-60.7615,131.208,VAL-80
-156.782,160.349,ARG-81
-52.6898,179.02,ARG-82
-67.9402,159.176,CYS-83
-62.9517,-23.5897,PRO-84
-84.9582,17.4303,HIS-85
-147.682,6.05242,HIS-86
-80.4303,-14.4918,GLU-87
-168.434,4.14333,ARG-88
-67.9046,179.448,CYS-89
-76.3011,-13.3082,SER-90
-85.3486,2.84715,ASP-91
-126.311,-24.2987,SER-92
-58.8097,153.713,ASP-93
141.277,-161.519,GLY-94
-53.7411,-47.3835,LEU-95
-89.1926,158.251,ALA-96
-52.7566,120.783,PRO-97
-54.6351,-26.7892,PRO-98
-80.1133,-27.284,GLN-99
-66.4364,125.887,HIS-100
-80.9131,-43.1369,LEU-101
-77.8325,109.902,ILE-102
-139.423,162.145,ARG-103
-128.6,146.36,VAL-104
-137.526,-179.167,GLU-105
93.5749,-54.9067,GLY-106
-75.4031,118.789,ASN-107
-71.2364,-34.5115,LEU-108
-76.3381,28.5291,ARG-109
-58.6468,124.526,VAL-110
-149.227,145.29,GLU-111
-104.495,147.023,TYR-112
-160.713,145.297,LEU-113
-74.2297,138.18,ASP-114
-77.0459,137.496,ASP-115
-43.5762,-43.4198,ARG-116
-86.9768,-39.8139,ASN-117
-118.849,-22.7444,THR-118
65.8784,6.50384,PHE-119
-71.0889,121.472,ARG-120
-69.3841,123.783,HIS-121
-156.818,159.736,SER-122
-73.6937,129.171,VAL-123
-117.698,140.9,VAL-124
-140.16,140.006,VAL-125
-61.8376,156.453,PRO-126
-87.2625,155.724,TYR-127
-166.856,162.035,GLU-128
-78.4195,166.102,PRO-129
-64.6678,157.002,PRO-130
-91.2226,167.57,GLU-131
-49.1498,136.055,VAL-132
84.1734,2.70866,GLY-133
-121.635,156.908,SER-134
-103.448,-18.9903,ASP-135
-113.637,145.049,CYS-136
-74.4029,128.346,THR-137
-83.4926,146.33,THR-138
-126.234,134.263,ILE-139
-105.352,104.228,HIS-140
-94.7549,172.476,TYR-141
-151.57,135.986,ASN-142
-129.767,139.138,TYR-143
-144.301,111.881,MET-144
178.811,-171.298,CYS-145
-91.8358,158.947,ASN-146
-123.631,-27.6009,SER-147
-122.206,-8.05064,SER-148
-77.1469,-172.442,CYS-149
-67.1957,-45.1036,MET-150
88.0159,-150.461,GLY-151
-95.0488,-146.044,GLY-152
-51.5939,-22.1488,ILE-153
-149.664,165.956,ASN-154
-72.8274,118,ARG-155
-133.73,171.884,ARG-156
-78.8155,140.966,PRO-157
-121.533,139,ILE-158
-105.293,160.515,LEU-159
-138.741,140.606,THR-160
-117.752,111.586,ILE-161
-106.157,121.148,ILE-162
-127.054,175.994,THR-163
-139.398,130.984,LEU-164
-146.497,144.058,GLU-165
-57.851,163.14,ASP-166
-49.1439,-35.594,SER-167
-74.1664,-8.71419,SER-168
80.5472,24.0401,GLY-169
-84.4153,133.428,ASN-170
-87.1848,141.242,LEU-171
-118.037,-18.3812,LEU-172
172.693,154.473,GLY-173
-159.167,156.102,ARG-174
-153.107,162.694,ASN-175
-142.643,150.504,SER-176
-161.41,166.218,PHE-177
-84.6575,125.95,GLU-178
-100.887,132.13,VAL-179
-132.005,121.128,ARG-180
-88.2788,132.676,VAL-181
-133.774,151.077,CYS-182
-69.6665,-43.4518,ALA-183
-115.662,74.4785,CYS-184
-63.563,-37.6335,PRO-185
-73.3645,-33.5842,GLY-186
-62.4545,-56.6644,ARG-187
-68.1552,-24.7518,ASP-188
-68.0845,-49.0264,ARG-189
-59.2285,-43.7282,ARG-190
-53.8013,-49.5219,THR-191
-80.35,-39.6265,GLU-192
-81.9488,-27.6909,GLU-193
-77.7221,-16.5876,GLU-194
-83.6296,-17.9536,ASN-195
-64.0137,165.93,LEU-196
-89.5736,-28.8903,ARG-197
-81.5742,159.753,LYS-198
-71.271,155.252,LYS-199
-173.594,-175.564,GLY-200
-93.3543,136.702,GLU-201
-72.3055,135.522,PRO-202
-93.2003,157.352,HIS-203
-42.3734,144.447,HIS-204
-73.916,-48.9483,GLU-205
-66.6624,-25.7683,LEU-206
-48.8957,153.843,PRO-207
-88.2419,-176.068,PRO-208
-91.1886,-149.629,GLY-209
-165.255,-171.592,SER-210
-88.7633,164.411,THR-211
-98.981,132.84,LYS-212
88.7078,151.18,ARG-213
-65.8824,153.935,ALA-214
-77.4787,-25.5439,LEU-215
-48.3745,122.216,PRO-216
-73.9589,11.9655,ASN-217
-53.7557,144.554,ASN-218
-106.97,125.23,SER-2
-162.617,158.234,SER-3
-53.7269,129.811,VAL-4
-61.1026,154.664,PRO-5
-111.004,143.248,SER-6
-77.5661,-25.7133,GLN-7
-39.7624,98.6549,LYS-8
-57.595,133.63,THR-9
-158.148,155.653,TYR-10
-100.776,-54.2554,GLN-11
71.3715,-153.19,GLY-12
-82.3921,-32.4064,SER-13
-71.711,-2.56,TYR-14
71.5597,24.4621,GLY-15
-56.822,140.161,PHE-16
-170.547,169.696,ARG-17
-123.751,161.615,LEU-18
-146.312,155.724,GLY-19
-135.404,164.964,PHE-20
-73.8771,161.283,LEU-21
-71.812,-4.3787,HIS-22
-49.9543,-44.7394,SER-23
70.6157,-82.0821,GLY-24
-126.027,-13.4028,THR-25
-70.5213,179.252,ALA-26
-67.4955,-26.9101,LYS-27
-60.9036,-15.7874,SER-28
-70.2922,128.276,VAL-29
-109.442,-28.6862,THR-30
-134.607,134.276,CYS-31
-135.367,173.07,THR-32
-161.944,130.497,TYR-33
-106.198,101.302,SER-34
-62.6355,-30.7336,PRO-35
-75.9331,-3.4751,ALA-36
-117.22,-17.3865,LEU-37
55.8514,35.325,ASN-38
-128.743,133.164,LYS-39
-104.288,141.714,MET-40
-123.665,125.169,PHE-41
-142.772,144.994,CYS-42
-90.9286,131.06,GLN-43
-65.6989,156.636,LEU-44
62.3238,-21.0002,ALA-45
-92.1392,158.373,LYS-46
-66.3513,114.076,THR-47
-112.04,106.234,CYS-48
-87.0059,144.257,PRO-49
-132.244,144.492,VAL-50
-116.196,153.958,GLN-51
-143.895,134.15,LEU-52
-93.9344,148.133,TRP-53
-139.673,140.176,VAL-54
-72.4545,-19.6898,ASP-55
-164.039,-171.812,SER-56
-73.6029,114.304,THR-57
-77.8462,165.671,PRO-58
-64.6357,158.952,PRO-59
-59.6367,133.549,PRO-60
83.8634,15.4253,GLY-61
-59.2556,133.588,THR-62
-111.043,153.431,ARG-63
-90.8933,149.137,VAL-64
-147.621,154.246,ARG-65
-131.758,132.365,ALA-66
-137.02,123.101,MET-67
-119.024,111.916,ALA-68
-116.327,171.152,ILE-69
-124.462,132.148,TYR-70
-139.606,149.794,LYS-71
-134.82,-164.219,GLN-72
-67.5648,-8.06383,SER-73
-158.082,-29.3886,GLN-74
-73.2416,131.633,HIS-75
-137.084,-10.4454,MET-76
-103.259,81.461,THR-77
-163.082,168.219,GLU-78
-121.83,154.467,VAL-79
-73.4263,129.468,VAL-80
-146.572,165.727,ARG-81
-72.7249,159.075,ARG-82
-55.2052,132.451,CYS-83
-35.8856,-48.874,PRO-84
-64.2349,-22.9695,HIS-85
-105.895,-14.6533,HIS-86
-51.8302,-37.267,GLU-87
-143.021,-0.730335,ARG-88
-56.6472,164.248,CYS-89
-68.9595,4.54598,SER-90
-90.8203,-30.34,ASP-91
-79.0744,-14.5736,SER-92
-76.1956,162.849,ASP-93
132.735,-145.615,GLY-94
-67.6735,-48.934,LEU-95
-67.3204,150.58,ALA-96
-60.0983,149.627,PRO-97
-62.541,-36.3607,PRO-98
-78.7895,-22.662,GLN-99
-72.4421,135.243,HIS-100
-93.8468,-39.7439,LEU-101
-75.1313,102.22,ILE-102
-132.3,146.669,ARG-103
-105.03,158.08,VAL-104
-135.287,-173.774,GLU-105
82.8675,-55.128,GLY-106
-89.6016,116.714,ASN-107
-58.8268,-30.4938,LEU-108
-82.8031,0.204647,ARG-109
-51.9072,135.337,VAL-110
-141.808,169.087,GLU-111
-110.092,149.38,TYR-112
-161.552,149.28,LEU-113
-71.3663,141.565,ASP-114
-72.9244,135.11,ASP-115
-60.5942,-34.7787,ARG-116
-82.6416,-28.3717,ASN-117
-112.446,-20.3099,THR-118
61.1425,9.18626,PHE-119
-77.4198,132.509,ARG-120
-77.8414,129.353,HIS-121
-163.531,155.282,SER-122
-75.3657,126.655,VAL-123
-112,114.256,VAL-124
-110.157,147.958,VAL-125
-69.1519,145.795,PRO-126
-90.1168,131.9,TYR-127
-115.199,163.707,GLU-128
-72.6787,167.38,PRO-129
-52.7358,146.349,PRO-130
-59.206,153.82,GLU-131
-58.4582,135.617,VAL-132
75.067,33.2294,GLY-133
-146.334,146.419,SER-134
-75.4634,-40.0998,ASP-135
-125.945,148.421,CYS-136
-62.5252,139.482,THR-137
-108.769,131.732,THR-138
-116.822,142.484,ILE-139
-113.384,115.076,HIS-140
-102.302,167.982,TYR-141
-154.936,151.757,ASN-142
-149.428,157.664,TYR-143
-160.813,96.1465,MET-144
-151.646,-170.75,CYS-145
-98.9004,138.615,ASN-146
-123.518,-29.1004,SER-147
-99.2416,-24.8421,SER-148
-78.8322,-163.061,CYS-149
-99.5042,-30.1755,MET-150
88.5067,-140.535,GLY-151
-70.0564,-164.115,GLY-152
-62.0322,-29.2797,ILE-153
-132.545,155.116,ASN-154
-62.1532,115.35,ARG-155
-131.352,171.52,ARG-156
-70.1875,170.249,PRO-157
-146.498,135.098,ILE-158
-104.979,131.266,LEU-159
-99.533,139.586,THR-160
-109.186,98.9516,ILE-161
-76.94,125.244,ILE-162
-131.056,137.98,THR-163
-102.774,133.849,LEU-164
-158.32,144.877,GLU-165
-73.8958,161.034,ASP-166
-59.1786,-13.5385,SER-167
-120.076,24.7363,SER-168
102.412,-16.9109,GLY-169
-69.1137,111.353,ASN-170
-48.9633,127.851,LEU-171
-108.965,-8.73883,LEU-172
179.844,148.857,GLY-173
-143.184,156.351,ARG-174
-163.784,111.093,ASN-175
-95.907,130.622,SER-176
-139.097,153.887,PHE-177
-77.0662,145.247,GLU-178
-118.32,146.116,VAL-179
-148.349,106.608,ARG-180
-69.9504,130.224,VAL-181
-131.828,166.607,CYS-182
-99.7292,-25.6535,ALA-183
-134.435,71.3128,CYS-184
-71.3865,-34.9848,PRO-185
-49.2804,-57.4118,GLY-186
-56.2349,-49.5174,ARG-187
-71.6861,-36.3271,ASP-188
-58.6523,-52.177,ARG-189
-52.1507,-47.7956,ARG-190
-59.1689,-43.3839,THR-191
-91.2085,-33.7203,GLU-192
-72.1853,-34.5189,GLU-193
-66.0984,-14.8719,GLU-194
-69.8732,-21.8742,ASN-195
-79.1417,145.395,LEU-196
-73.5751,-36.3761,ARG-197
-55.1579,137.948,LYS-198
-39.5719,132.233,LYS-199
-129.84,172.517,GLY-200
-90.8834,138.956,GLU-201
-93.6134,150.645,PRO-202
-122.537,-176.291,HIS-203
-55.8263,150.114,HIS-204
-50.5942,-55.2911,GLU-205
-92.143,-41.1049,LEU-206
-69.5451,123.638,PRO-207
-67.0647,-50.4729,PRO-208
153.505,-149.508,GLY-209
-168.441,-176.328,SER-210
-89.8646,161.127,THR-211
-91.3918,124.951,LYS-212
81.5473,166.842,ARG-213
-70.7832,173.279,ALA-214
-89.0004,-39.5771,LEU-215
-53.536,148.299,PRO-216
-92.0008,6.85044,ASN-217
-37.0183,142.155,ASN-218
-97.8682,148.132,SER-2
-177.319,149.138,SER-3
-54.7123,126.952,VAL-4
-47.735,144.075,PRO-5
-118.5,138.29,SER-6
-98.773,8.27414,GLN-7
-41.6827,99.3057,LYS-8
-77.8884,121.275,THR-9
-142.031,147.731,TYR-10
-87.8617,-68.9493,GLN-11
88.8822,-149.495,GLY-12
-98.8145,-19.6525,SER-13
-92.4869,6.91793,TYR-14
59.1971,13.5142,GLY-15
-45.3154,139.095,PHE-16
-163.987,159.407,ARG-17
-91.1008,145.128,LEU-18
-116.677,99.7514,GLY-19
-75.8496,165.525,PHE-20
-71.3357,166.488,LEU-21
-120.826,-8.05719,HIS-22
-69.5903,-4.88519,SER-23
64.6324,-73.0087,GLY-24
-152.486,-4.18442,THR-25
-45.0076,149.679,ALA-26
-55.0754,-27.4337,LYS-27
-65.2331,-18.536,SER-28
-62.2497,140.77,VAL-29
-111.604,-29.3418,THR-30
-133.58,128.282,CYS-31
-141.729,150.375,THR-32
-139.965,138.332,TYR-33
-115.197,101.015,SER-34
-52.8069,-37.3558,PRO-35
-55.1025,-19.907,ALA-36
-110.569,-26.2095,LEU-37
44.696,60.6149,ASN-38
-131.69,156.601,LYS-39
-126.576,139.955,MET-40
-123.305,109.077,PHE-41
-131.327,133.049,CYS-42
-79.3529,129.566,GLN-43
-62.8084,138.408,LEU-44
60.8833,28.0494,ALA-45
-132.549,156.408,LYS-46
-74.9127,116.307,THR-47
-97.2461,102.939,CYS-48
-75.4883,127.256,PRO-49
-134.6,133.269,VAL-50
-110.16,168.411,GLN-51
-142.175,141.587,LEU-52
-83.7445,144.044,TRP-53
-132.492,137.197,VAL-54
-71.9701,10.6038,ASP-55
172.1,-176.171,SER-56
-92.3385,121.243,THR-57
-91.8277,-171.342,PRO-58
-57.4539,161.884,PRO-59
-75.1255,158.753,PRO-60
70.5702,15.5226,GLY-61
-64.0455,126.455,THR-62
-122.648,142.019,ARG-63
-87.2211,117.596,VAL-64
-107.558,140.111,ARG-65
-131.312,140.264,ALA-66
-150.675,140.662,MET-67
-152.124,100.184,ALA-68
-94.4457,152.364,ILE-69
-108.899,118.567,TYR-70
-134.979,162.805,LYS-71
-151.403,-168.066,GLN-72
-71.0109,-10.8113,SER-73
-134.534,-38.3126,GLN-74
-77.6068,133.997,HIS-75
-126.029,-19.9177,MET-76
-101.507,44.9501,THR-77
-139.704,158.567,GLU-78
-102.417,148.623,VAL-79
-62.9742,123.586,VAL-80
-159.661,165.899,ARG-81
-68.7706,145.731,ARG-82
-54.6206,164.381,CYS-83
-49.5088,-30.1477,PRO-84
-91.4494,-11.9275,HIS-85
-117.152,7.08706,HIS-86
-91.9305,15.0838,GLU-87
-154.415,-27.0256,ARG-88
-62.1086,157.197,CYS-89
-58.1208,-2.95847,SER-90
-86.6601,-15.8645,ASP-91
-119.599,-15.2769,SER-92
-96.8,137.81,ASP-93
151.491,-151.083,GLY-94
-39.7658,-58.1155,LEU-95
-72.9225,124.255,ALA-96
-58.2876,146.95,PRO-97
-70.0515,-5.21158,PRO-98
-90.3362,-43.0089,GLN-99
-59.6281,127.196,HIS-100
-78.9797,-32.3596,LEU-101
-83.2689,115.794,ILE-102
-136.554,149.07,ARG-103
-121.261,134.693,VAL-104
-128.957,166.435,GLU-105
77.9424,-23.645,GLY-106
-99.9942,111.734,ASN-107
-78.7389,-29.6609,LEU-108
-78.0962,2.06327,ARG-109
-48.5902,145.723,VAL-110
-143.978,161.736,GLU-111
-106.2,137.87,TYR-112
-156.105,159.083,LEU-113
-65.2173,136.478,ASP-114
-81.6675,134.195,ASP-115
-74.9764,-13.1597,ARG-116
-100.131,-31.1864,ASN-117
-119.757,-15.8873,THR-118
65.2027,7.49943,PHE-119
-88.4007,116.567,ARG-120
-66.1146,124.568,HIS-121
-164.32,157.339,SER-122
-84.2376,132.962,VAL-123
-121.445,114.769,VAL-124
-89.7022,146.964,VAL-125
-90.569,165.56,PRO-126
-99.3658,150.339,TYR-127
-155.139,163.991,GLU-128
-69.721,169.781,PRO-129
-61.2968,157.834,PRO-130
-63.8144,162.334,GLU-131
-67.234,137.267,VAL-132
83.8913,-34.7382,GLY-133
-63.855,141.853,SER-134
-65.3923,-51.2882,ASP-135
-113.615,154.126,CYS-136
-74.272,119.793,THR-137
-65.6967,135.525,THR-138
-124.813,136.565,ILE-139
-101.505,142.001,HIS-140
-140.719,161.731,TYR-141
-153.554,144.069,ASN-142
-115.415,146.997,TYR-143
-139.406,99.2886,MET-144
-163.394,169.819,CYS-145
-89.0827,149.299,ASN-146
-122.801,-11.4143,SER-147
-110.322,-14.8538,SER-148
-62.0928,174.935,CYS-149
-82.9263,-33.2097,MET-150
94.451,-153.706,GLY-151
-78.9731,-149.415,GLY-152
-66.2747,-21.4378,ILE-153
-144.781,153.209,ASN-154
-58.6628,146.8,ARG-155
-170.35,158.354,ARG-156
-74.8004,171.951,PRO-157
-148.115,152.072,ILE-158
-129.805,142.532,LEU-159
-98.3884,171.393,THR-160
-145.618,114.618,ILE-161
-109.684,129.225,ILE-162
-144.68,164.386,THR-163
-125.527,145.213,LEU-164
-152.134,144.817,GLU-165
-77.9275,159.72,ASP-166
-61.5688,-23.0988,SER-167
-78.9345,7.07085,SER-168
68.3307,37.3874,GLY-169
-107.698,136.373,ASN-170
-86.7313,137.885,LEU-171
-112.382,-34.5606,LEU-172
-168.444,154.466,GLY-173
-145.616,149.15,ARG-174
-149.046,162.245,ASN-175
-142.419,155.355,SER-176
-163.43,158.451,PHE-177
-81.3288,145.356,GLU-178
-131.513,140.915,VAL-179
-128.946,121.795,ARG-180
-61.9502,139.735,VAL-181
-129.353,141.102,CYS-182
-65.5431,-39.3722,ALA-183
-138.041,88.2273,CYS-184
-74.5015,-14.6206,PRO-185
-94.1175,-34.9117,GLY-186
-58.4561,-43.2623,ARG-187
-75.6806,-34.8669,ASP-188
-51.4328,-54.4926,ARG-189
-61.7932,-34.1914,ARG-190
-56.6642,-68.2062,THR-191
-69.3379,-28.9808,GLU-192
-89.0784,-27.9877,GLU-193
-70.1772,-19.2839,GLU-194
-66.0916,0.492758,ASN-195
-111.816,152.253,LEU-196
-67.378,-29.2215,ARG-197
-54.3559,149.317,LYS-198
-67.7092,159.683,LYS-199
-154.502,173.33,GLY-200
-101.958,153.813,GLU-201
-89.8085,169.35,PRO-202
-159.673,160.629,HIS-203
-69.5492,153.739,HIS-204
-65.4864,-36.1244,GLU-205
-88.3346,-25.6753,LEU-206
-52.1139,133.399,PRO-207
-83.0124,-172.283,PRO-208
-84.2582,-159.492,GLY-209
-170.234,-178.701,SER-210
-79.5607,163.313,THR-211
-96.9527,125.421,LYS-212
82.0592,157.999,ARG-213
-67.4201,169.793,ALA-214
-78.9682,-39.5385,LEU-215
-58.8474,144.426,PRO-216
-81.3438,4.20994,ASN-217
-51.3327,132.404,ASN-218
-109.842,145.301,SER-2
-159.416,166.71,SER-3
-83.6,136.991,VAL-4
-61.4284,125.994,PRO-5
-79.3058,128.869,SER-6
-82.465,-5.94657,GLN-7
-78.1491,133.612,LYS-8
-86.442,151.059,THR-9
-155.581,144.765,TYR-10
-90.1325,-48.4951,GLN-11
72.1127,-160.94,GLY-12
-62.4303,-37.4866,SER-13
-97.2922,16.7464,TYR-14
65.402,21.3693,GLY-15
-66.838,133.699,PHE-16
-158.007,-179.949,ARG-17
-108.575,161.037,LEU-18
-133.679,-178.889,GLY-19
-159.899,144.54,PHE-20
-67.0224,147.484,LEU-21
-76.6533,12.7503,HIS-22
-73.04,-10.799,SER-23
72.3002,-57.7575,GLY-24
-170.12,-23.8106,THR-25
-75.4902,168.683,ALA-26
-63.8986,-20.5252,LYS-27
-70.8359,-4.49939,SER-28
-68.9128,113.323,VAL-29
-97.4617,-15.5708,THR-30
-163.808,121.856,CYS-31
-142.766,176.997,THR-32
-157.314,137.34,TYR-33
-99.3841,96.1535,SER-34
-55.9738,-34.902,PRO-35
-65.8713,-20.9597,ALA-36
-99.4625,-39.161,LEU-37
74.7435,34.5973,ASN-38
-130.921,143.402,LYS-39
-103.2,151.499,MET-40
-129.112,121.038,PHE-41
-130.016,169.428,CYS-42
-105.519,151.122,GLN-43
-77.6536,153.872,LEU-44
68.7221,0.168533,ALA-45
-123.112,147.076,LYS-46
-61.7482,114.875,THR-47
-103.263,93.6318,CYS-48
-66.7491,139.987,PRO-49
-130.337,146.633,VAL-50
-117.237,154.672,GLN-51
-120.914,116.397,LEU-52
-83.4139,119.522,TRP-53
-119.903,141.231,VAL-54
-84.6005,-4.10116,ASP-55
-169.885,-172.416,SER-56
-82.3083,119.001,THR-57
-68.1451,168.361,PRO-58
-73.7688,157.493,PRO-59
-72.0624,145.01,PRO-60
75.8769,18.5847,GLY-61
-61.9158,145.075,THR-62
-133.121,148.988,ARG-63
-86.9662,140.129,VAL-64
-124.507,145.197,ARG-65
-128.163,114.056,ALA-66
-118.976,152.994,MET-67
-164.077,61.5819,ALA-68
-71.4718,144.284,ILE-69
-104.612,132.729,TYR-70
-142.386,167.655,LYS-71
-148.664,-160.192,GLN-72
-79.4724,-7.03209,SER-73
-134.77,-55.6744,GLN-74
-55.6915,128.971,HIS-75
-126.76,-25.528,MET-76
-87.7591,57.7814,THR-77
-152.875,160.641,GLU-78
-118.862,160.599,VAL-79
-67.5424,120.347,VAL-80
-135.756,162.058,ARG-81
-66.5452,162.161,ARG-82
-67.5802,173.12,CYS-83
-60.5597,-26.1952,PRO-84
-100.675,11.8851,HIS-85
-141.127,-18.3062,HIS-86
-60.3368,-6.05836,GLU-87
-152.77,2.94882,ARG-88
-82.3648,170.197,CYS-89
-75.7042,-9.83293,SER-90
-77.7797,-8.05439,ASP-91
-134.38,-18.1056,SER-92
-73.0391,97.6072,ASP-93
-141.762,-136.706,GLY-94
-59.1922,-42.7682,LEU-95
-75.8379,139.759,ALA-96
-55.7783,142.096,PRO-97
-72.9447,-16.5723,PRO-98
-63.0145,-41.7691,GLN-99
-59.1616,128.278,HIS-100
-80.7465,-39.4593,LEU-101
-72.649,106.171,ILE-102
-126.785,160.218,ARG-103
-114.496,149.818,VAL-104
-135.767,-172.673,GLU-105
89.4278,-46.2148,GLY-106
-100.435,131.222,ASN-107
-106.892,-20.7534,LEU-108
-66.5279,-16.5361,ARG-109
-39.0852,143.956,VAL-110
-133.395,168.797,GLU-111
-100.689,129.141,TYR-112
-147.762,147.458,LEU-113
-67.9414,137.431,ASP-114
-75.8873,128.298,ASP-115
-55.9655,-37.1069,ARG-116
-86.3725,-37.3312,ASN-117
-94.971,-37.9998,THR-118
105.633,11.1177,PHE-119
-94.7978,106.343,ARG-120
-43.2507,109.655,HIS-121
-151.685,155.814,SER-122
-65.625,133.208,VAL-123
-127.416,122.042,VAL-124
-115.101,131.547,VAL-125
-49.0109,143.601,PRO-126
-109.379,132.911,TYR-127
-115.635,158.152,GLU-128
-58.7341,162.851,PRO-129
-56.3612,123.793,PRO-130
-51.921,159.755,GLU-131
-35.8193,124.018,VAL-132
79.5357,41.9699,GLY-133
-161.019,138.739,SER-134
-85.2713,-15.6893,ASP-135
-134.083,154.624,CYS-136
-78.6261,128.259,THR-137
-73.0981,126.671,THR-138
-104.823,144.409,ILE-139
-101.636,128.524,HIS-140
-115.276,167.371,TYR-141
-154.29,154.19,ASN-142
-143.186,148.787,TYR-143
-148.535,105.875,MET-144
-163.821,-177.637,CYS-145
-104.573,150.046,ASN-146
-129.532,0.164309,SER-147
-98.8342,-24.8415,SER-148
-74.8126,175.633,CYS-149
-68.2687,-26.868,MET-150
78.4651,-161.364,GLY-151
-75.1925,-149.86,GLY-152
-59.167,-23.0681,ILE-153
-146.651,150.451,ASN-154
-70.3514,132.314,ARG-155
-154.993,152.428,ARG-156
-84.9019,133.782,PRO-157
-114.97,139.691,ILE-158
-119.418,161.314,LEU-159
-136.34,134.488,THR-160
-102.485,120.362,ILE-161
-100.899,117.757,ILE-162
-131.697,140.857,THR-163
-89.7391,127.401,LEU-164
-137.089,156.193,GLU-165
-82.569,164.874,ASP-166
-44.8047,-19.5019,SER-167
-109.563,4.4932,SER-168
102.427,-16.5556,GLY-169
-65.7192,108.108,ASN-170
-78.7477,126.973,LEU-171
-98.0874,-52.0082,LEU-172
-152.55,160.58,GLY-173
-133.792,154.249,ARG-174
-164.78,126.789,ASN-175
-127.256,139.625,SER-176
-150.031,168.336,PHE-177
-102.618,141.522,GLU-178
-113.545,150.821,VAL-179
-139.549,109.629,ARG-180
-70.8056,132.74,VAL-181
-128.596,164.928,CYS-182
-89.4221,-38.2,ALA-183
-114.943,73.4702,CYS-184
-56.7905,-31.5835,PRO-185
-74.7955,-37.0055,GLY-186
-75.0376,-35.232,ARG-187
-86.2419,-32.4184,ASP-188
-50.0001,-54.7945,ARG-189
-65.5277,-31.6973,ARG-190
-56.5717,-56.2906,THR-191
-76.062,-26.2309,GLU-192
-80.8338,-30.3615,GLU-193
-77.3844,-12.5152,GLU-194
-69.9191,-18.7275,ASN-195
-85.9199,155.196,LEU-196
-72.7407,-24.0708,ARG-197
-64.9257,146.384,LYS-198
-60.1598,137.592,LYS-199
-121.935,-174.635,GLY-200
-87.4879,139.314,GLU-201
-93.1504,133.357,PRO-202
-98.1566,-169.142,HIS-203
-91.1085,144.915,HIS-204
-66.8771,-40.0465,GLU-205
-79.6205,-40.4009,LEU-206
-63.6387,154.368,PRO-207
-71.9692,-178.736,PRO-208
-84.2623,-159.464,GLY-209
-168.265,-177.581,SER-210
-82.048,156.038,THR-211
-81.789,133.033,LYS-212
74.8983,155.152,ARG-213
-52.6312,-179.265,ALA-214
-96.5292,-37.247,LEU-215
-67.541,130.201,PRO-216
-71.5239,11.1139,ASN-217
-41.8282,138.809,ASN-218
-129.018,29.7376,SER-2
-68.861,162.568,SER-3
-73.6976,130.671,VAL-4
-53.9308,153.299,PRO-5
-106.779,130.193,SER-6
-76.3838,-17.6816,GLN-7
-67.2859,115.592,LYS-8
-68.0919,143.679,THR-9
-167.32,154.929,TYR-10
-74.7195,-36.9195,GLN-11
73.6286,167.721,GLY-12
-64.7594,-21.6891,SER-13
-97.8285,-3.38599,TYR-14
76.0459,18.2396,GLY-15
-42.9422,148.254,PHE-16
167.202,153.928,ARG-17
-109.369,129.885,LEU-18
-111.138,130.649,GLY-19
-93.9023,151.391,PHE-20
-71.4402,155.03,LEU-21
-86.379,9.1704,HIS-22
-63.1793,-20.8516,SER-23
92.4259,-119.463,GLY-24
-139.151,-3.23,THR-25
-75.352,167.695,ALA-26
-55.0899,-16.7993,LYS-27
-71.2668,-17.2715,SER-28
-75.9204,112.471,VAL-29
-95.5855,-35.949,THR-30
-136.227,133.854,CYS-31
-152.428,146.979,THR-32
-133.634,115.979,TYR-33
-78.2325,102.981,SER-34
-64.9744,-40.1546,PRO-35
-60.9719,-16.2313,ALA-36
-102.55,-6.96304,LEU-37
33.3967,61.9912,ASN-38
-142.839,120.265,LYS-39
-92.5578,146.225,MET-40
-126.879,125.242,PHE-41
-133,135.268,CYS-42
-68.039,134.231,GLN-43
-60.0463,135.381,LEU-44
57.3415,41.5448,ALA-45
-137.929,154.672,LYS-46
-64.4513,126.717,THR-47
-110.673,95.4117,CYS-48
-70.5438,129.997,PRO-49
-125.889,157.619,VAL-50
-122.746,137.437,GLN-51
-113.557,137.453,LEU-52
-112.646,136.502,TRP-53
-119.532,152.772,VAL-54
-88.8432,-33.2476,ASP-55
-121.04,-172.231,SER-56
-84.1456,119.557,THR-57
-80.8749,159.614,PRO-58
-44.7897,147.059,PRO-59
-49.8738,128.89,PRO-60
101.106,-5.81847,GLY-61
-50.845,126.915,THR-62
-120.25,166.482,ARG-63
-114.066,125.763,VAL-64
-113.404,140.442,ARG-65
-115.79,129.689,ALA-66
-136.195,148.441,MET-67
-147.854,91.9598,ALA-68
-81.8896,153.426,ILE-69
-103.421,129.074,TYR-70
-126.136,158.876,LYS-71
-115.766,-160.366,GLN-72
-72.1099,-24.6025,SER-73
-124.666,-43.2764,GLN-74
-68.5333,121.832,HIS-75
-107.78,-22.4797,MET-76
-88.6711,75.4601,THR-77
-152.204,161.523,GLU-78
-97.3577,152.667,VAL-79
-82.6789,137.618,VAL-80
-150.486,161.073,ARG-81
-62.2264,169.811,ARG-82
-70.6448,151.879,CYS-83
-40.5722,-42.3102,PRO-84
-77.4919,-15.1299,HIS-85
-116.782,-18.7944,HIS-86
-90.6851,7.47455,GLU-87
-128.949,-36.1991,ARG-88
-59.8974,160.112,CYS-89
-66.9477,-16.13,SER-90
-53.0962,-45.0416,ASP-91
-88.0037,-8.28279,SER-92
-96.5711,148.518,ASP-93
153.632,-119.816,GLY-94
-56.8938,-38.0161,LEU-95
-107.948,148.862,ALA-96
-62.7383,156.297,PRO-97
-70.2255,-19.1626,PRO-98
-73.0786,-35.9523,GLN-99
-65.6743,140.417,HIS-100
-93.7886,-37.8134,LEU-101
-82.7062,123.899,ILE-102
-157.336,155.171,ARG-103
-129.398,151.872,VAL-104
-138.309,170.361,GLU-105
76.6602,-31.008,GLY-106
-79.7548,135.966,ASN-107
-88.0405,-40,LEU-108
-89.7976,-2.63582,ARG-109
-41.209,150.097,VAL-110
-173.358,-179.845,GLU-111
-100.449,152.39,TYR-112
-157.809,165.832,LEU-113
-58.2643,170.224,ASP-114
-105.922,132.685,ASP-115
-58.9014,-36.4304,ARG-116
-84.325,-48.4652,ASN-117
-105.73,-24.5482,THR-118
76.3751,0.251267,PHE-119
-68.3467,110.711,ARG-120
-56.382,130.614,HIS-121
-167.085,164.321,SER-122
-82.951,126.047,VAL-123
-112.915,113.669,VAL-124
-101.981,150.486,VAL-125
-81.8695,143.685,PRO-126
-100.317,144.033,TYR-127
-148.314,157.534,GLU-128
-56.2472,154.843,PRO-129
-62.7959,139.138,PRO-130
-71.0226,154.158,GLU-131
-44.2952,111.391,VAL-132
115.626,-44.6307,GLY-133
-69.2786,136.512,SER-134
-98.1818,-24.4868,ASP-135
-110.967,134.662,CYS-136
-72.772,120.93,THR-137
-73.5782,142.129,THR-138
-143.868,142.179,ILE-139
-107.295,122.171,HIS-140
-98.0646,-176.267,TYR-141
-174.786,151.337,ASN-142
-150.553,152.915,TYR-143
-142.717,114.448,MET-144
-151.945,157.971,CYS-145
-81.7807,139.846,ASN-146
-98.2434,-20.3157,SER-147
-101.554,-10.0478,SER-148
-67.4538,155.243,CYS-149
-56.6032,-37.8596,MET-150
76.216,-168.714,GLY-151
-48.8893,173.757,GLY-152
-53.7729,-29.1149,ILE-153
-134.404,141.288,ASN-154
-55.4259,148.47,ARG-155
-160.383,174.557,ARG-156
-92.1533,157.019,PRO-157
-156.644,128.842,ILE-158
-116.261,139.631,LEU-159
-108.874,138.246,THR-160
-113.389,118.558,ILE-161
-104.72,142.103,ILE-162
-131.922,143.867,THR-163
-111.349,121.163,LEU-164
-148.712,134.81,GLU-165
-65.9165,158.215,ASP-166
-54.1726,-36.6714,SER-167
-78.3802,0.363876,SER-168
85.3896,11.4962,GLY-169
-65.7196,124.995,ASN-170
-73.7841,105.934,LEU-171
-77.3613,-34.2363,LEU-172
-170.419,179.196,GLY-173
-140.543,145.051,ARG-174
-140.715,141.217,ASN-175
-139.859,163.25,SER-176
-162.933,156.774,PHE-177
-78.0857,147.526,GLU-178
-109.443,151.173,VAL-179
-144.273,117.947,ARG-180
-74.2203,123.557,VAL-181
-128.676,173.93,CYS-182
-88.618,-50.6932,ALA-183
-116.007,77.5148,CYS-184
-59.29,-27.2588,PRO-185
-80.8223,-44.9013,GLY-186
-67.988,-45.7989,ARG-187
-64.7083,-38.4719,ASP-188
-54.3546,-63.4299,ARG-189
-45.6637,-46.6642,ARG-190
-58.7917,-40.7905,THR-191
-86.5372,-25.6366,GLU-192
-83.4928,-25.8082,GLU-193
-68.7127,-18.9661,GLU-194
-84.5948,42.4222,ASN-195
-153.671,155.202,LEU-196
-78.0331,-36.4753,ARG-197
-58.7263,157.183,LYS-198
-63.1034,172.3,LYS-199
-164.899,-179.43,GLY-200
-104.245,144.02,GLU-201
-74.3109,174.124,PRO-202
-143.072,173.181,HIS-203
-49.6414,140.406,HIS-204
-86.0589,-30.2175,GLU-205
-70.2214,-50.1855,LEU-206
-66.727,167.589,PRO-207
-79.1184,179.188,PRO-208
-80.6537,-161.026,GLY-209
-169.148,-177.022,SER-210
-88.0229,146.072,THR-211
-83.3748,145.697,LYS-212
74.9552,155.297,ARG-213
-85.2534,178.985,ALA-214
-90.7725,-32.231,LEU-215
-74.3137,151.053,PRO-216
-76.2923,25.8069,ASN-217
-66.9083,136.434,ASN-218
-131.557,24.4883,SER-2
-67.4585,156.754,SER-3
-65.9748,125.988,VAL-4
-57.8824,138.572,PRO-5
-81.0914,139.046,SER-6
-90.6549,-14.1616,GLN-7
-50.3057,107.268,LYS-8
-66.4601,138.431,THR-9
-161.077,146.629,TYR-10
-84.206,-19.1908,GLN-11
73.9433,-167.037,GLY-12
-76.6579,21.183,SER-13
-118.193,-17.552,TYR-14
76.7646,20.9878,GLY-15
-54.3165,119.437,PHE-16
-159.628,165.99,ARG-17
-107.253,141.735,LEU-18
-117.007,74.9168,GLY-19
-61.5738,142.024,PHE-20
-81.4739,150.893,LEU-21
-66.2259,38.6278,HIS-22
-88.6172,-35.0561,SER-23
75.5004,-112.812,GLY-24
-134.668,-28.1177,THR-25
-66.281,168.979,ALA-26
-62.4777,-16.7778,LYS-27
-58.6634,-15.3257,SER-28
-70.0295,127.485,VAL-29
-103.043,-28.0653,THR-30
-136.897,133.583,CYS-31
-149.039,143.774,THR-32
-133.509,145.741,TYR-33
-105.053,102.177,SER-34
-60.1365,-28.8203,PRO-35
-80.9482,3.95306,ALA-36
-137.747,-17.6781,LEU-37
60.8854,50.5993,ASN-38
-149.734,141.027,LYS-39
-122.958,132.38,MET-40
-105.054,141.056,PHE-41
-139.381,146.938,CYS-42
-85.011,129.105,GLN-43
-61.8925,140.845,LEU-44
51.515,18.874,ALA-45
-98.5129,144.094,LYS-46
-66.5027,128.471,THR-47
-126.211,88.2475,CYS-48
-67.0968,131.098,PRO-49
-132.091,134.621,VAL-50
-98.9499,159.826,GLN-51
-132.896,104.218,LEU-52
-84.9238,130.939,TRP-53
-125.856,122.704,VAL-54
-63.845,-18.0504,ASP-55
-143.275,-164.419,SER-56
-104.694,114.501,THR-57
-65.2858,173.379,PRO-58
-54.864,158.946,PRO-59
-57.558,145.491,PRO-60
86.9375,9.06439,GLY-61
-83.4841,145.336,THR-62
-133.704,139.084,ARG-63
-74.2072,143.849,VAL-64
-131.649,154.189,ARG-65
-149.655,119.867,ALA-66
-137.378,162.325,MET-67
-151.57,107.407,ALA-68
-90.7971,158.469,ILE-69
-116.965,138.995,TYR-70
-139.566,147.931,LYS-71
-127.463,-169.879,GLN-72
-72.2786,-15.4112,SER-73
-143.89,-26.2498,GLN-74
-76.816,107.207,HIS-75
-104.122,-3.81952,MET-76
-108.166,50.3814,THR-77
-140.893,156.767,GLU-78
-98.1009,148.314,VAL-79
-63.471,121.878,VAL-80
-139.944,154.792,ARG-81
-62.0465,157.063,ARG-82
-53.5927,154.802,CYS-83
-50.9569,-46.0054,PRO-84
-81.2378,-6.40557,HIS-85
-121.506,-2.58192,HIS-86
-82.2698,10.5976,GLU-87
-146.529,-26.9907,ARG-88
-50.3911,171.132,CYS-89
-80.2198,-4.50624,SER-90
-86.3949,-24.9348,ASP-91
-92.4832,-17.9993,SER-92
-70.261,158.834,ASP-93
140.831,-139.246,GLY-94
-52.75,-62.2278,LEU-95
-68.2514,132.315,ALA-96
-65.8809,150.797,PRO-97
-72.3908,-16.1479,PRO-98
-63.2124,-31.6409,GLN-99
-67.746,130.899,HIS-100
-92.5702,-45.4089,LEU-101
-63.0193,121.24,ILE-102
-154.223,154.03,ARG-103
-127.199,148.789,VAL-104
-136.181,175.937,GLU-105
72.671,-41.0018,GLY-106
-67.2757,132.765,ASN-107
-97.9514,-45.5174,LEU-108
-77.1412,24.3145,ARG-109
-66.358,156.302,VAL-110
-164.687,141.555,GLU-111
-92.8678,139.086,TYR-112
-150.009,157.767,LEU-113
-80.6718,146.355,ASP-114
-86.7907,126.478,ASP-115
-55.4388,-40.927,ARG-116
-88.0947,-27.2139,ASN-117
-120.422,-19.1947,THR-118
69.1742,8.31635,PHE-119
-67.1508,120.339,ARG-120
-84.3866,126.747,HIS-121
-162.717,147.027,SER-122
-57.0266,142.946,VAL-123
-139.767,130.694,VAL-124
-125.973,137.331,VAL-125
-76.5379,122.777,PRO-126
-93.8356,138.393,TYR-127
-137.979,167.658,GLU-128
-59.4357,167.584,PRO-129
-48.9414,158.821,PRO-130
-78.1378,156.107,GLU-131
-47.9081,119.137,VAL-132
90.0799,-4.23106,GLY-133
-111.526,154.69,SER-134
-122.365,-17.2922,ASP-135
-118.792,145.145,CYS-136
-88.8327,133.897,THR-137
-103.587,134.649,THR-138
-135.014,134.85,ILE-139
-104.148,104.944,HIS-140
-90.8772,160.113,TYR-141
-144.556,149.768,ASN-142
-143.287,147.857,TYR-143
-142.002,115.056,MET-144
-163.927,161.54,CYS-145
-85.0723,148.19,ASN-146
-110.949,-16.8277,SER-147
-89.0983,-14.6142,SER-148
-65.013,174.76,CYS-149
-79.2842,-26.3319,MET-150
85.3836,-153.903,GLY-151
-78.3454,-145.211,GLY-152
-76.2787,-7.17139,ILE-153
-163.642,149.267,ASN-154
-48.8618,135.867,ARG-155
-150.36,156.45,ARG-156
-94.1266,154.633,PRO-157
-136.647,143.118,ILE-158
-130.814,154.71,LEU-159
-122.049,145.561,THR-160
-121.779,109.759,ILE-161
-104.765,123.747,ILE-162
-132.04,161.136,THR-163
-118.955,128.329,LEU-164
-134.872,142.116,GLU-165
-77.9939,153.824,ASP-166
-55.0158,-31.7605,SER-167
-96.5536,5.86441,SER-168
102.878,16.2353,GLY-169
-72.5849,121.472,ASN-170
-73.884,117.051,LEU-171
-76.2175,-35.4772,LEU-172
-155.586,157.517,GLY-173
-135.898,143.133,ARG-174
-148.488,119.285,ASN-175
-114.255,155.576,SER-176
-163.039,172.388,PHE-177
-112.363,135.752,GLU-178
-112.536,134.183,VAL-179
-131.622,120.49,ARG-180
-89.2148,140.947,VAL-181
-140.719,155.373,CYS-182
-78.5072,-31.8594,ALA-183
-129.781,69.9265,CYS-184
-72.7666,-30.3331,PRO-185
-81.181,-34.3567,GLY-186
-56.8407,-62.5555,ARG-187
-66.5301,-33.5381,ASP-188
-36.7323,-67.2227,ARG-189
-54.9019,-34.8175,ARG-190
-61.911,-44.3931,THR-191
-89.0812,-11.6361,GLU-192
-116.627,-13.7093,GLU-193
-72.6212,-6.17637,GLU-194
-70.6385,0.331998,ASN-195
-118.801,160.924,LEU-196
-81.5881,-33.8924,ARG-197
-62.5616,153.891,LYS-198
-67.4224,149.922,LYS-199
-149.767,175.954,GLY-200
-76.949,130.733,GLU-201
-80.9655,167.26,PRO-202
-141.987,-176.363,HIS-203
-86.3238,159.04,HIS-204
-75.2521,-21.5865,GLU-205
-51.0645,-55.3761,LEU-206
-53.5415,126.821,PRO-207
-69.5077,-175.835,PRO-208
-74.1683,169.909,GLY-209
-148.468,177.101,SER-210
-80.9992,146.473,THR-211
-73.5029,136.455,LYS-212
80.965,154.08,ARG-213
-83.896,171.316,ALA-214
-83.0865,-39.064,LEU-215
-62.9891,151.474,PRO-216
-72.7828,1.16606,ASN-217
-52.0757,122.607,ASN-218
-129.922,26.7397,SER-2
-58.4009,147.636,SER-3
-68.962,138.009,VAL-4
-50.9861,148.676,PRO-5
-108.683,126.464,SER-6
-89.6978,-28.1312,GLN-7
-57.6244,125.528,LYS-8
-76.1987,142.043,THR-9
-151.964,133.508,TYR-10
-72.0542,-33.3796,GLN-11
62.7756,-157.743,GLY-12
-67.9556,-51.4169,SER-13
-67.2635,-8.32691,TYR-14
72.1371,39.7902,GLY-15
-69.4368,108.69,PHE-16
-141.962,162.353,ARG-17
-119.937,155.914,LEU-18
-116.56,131.779,GLY-19
-107.909,135.37,PHE-20
-66.9667,143.842,LEU-21
-91.1944,45.3708,HIS-22
-77.1805,-27.732,SER-23
74.7979,-130.766,GLY-24
-127.874,-5.48547,THR-25
-94.1147,-173.081,ALA-26
-46.9032,-34.8905,LYS-27
-61.4392,-21.9382,SER-28
-64.0893,125.873,VAL-29
-105.693,-44.0321,THR-30
-116.795,152.241,CYS-31
-142.13,-176.797,THR-32
-165.9,124.875,TYR-33
-98.4441,107.749,SER-34
-47.1624,-40.1417,PRO-35
-70.5028,-9.57277,ALA-36
-114.337,-15.712,LEU-37
51.7405,43.6252,ASN-38
-136.561,141.101,LYS-39
-87.1915,151.444,MET-40
-127.208,117.894,PHE-41
-128.345,128.692,CYS-42
-71.3529,129.755,GLN-43
-71.9522,117.83,LEU-44
89.6694,-18.8585,ALA-45
-58.0683,165.241,LYS-46
-79.0305,122.455,THR-47
-113.126,84.0555,CYS-48
-69.1379,121.479,PRO-49
-101.533,142.76,VAL-50
-102.859,157.464,GLN-51
-138.362,135.51,LEU-52
-116.38,128.253,TRP-53
-139.846,126.031,VAL-54
-64.2759,-3.88533,ASP-55
-174.849,167.343,SER-56
-87.5231,120.481,THR-57
-87.9712,156.684,PRO-58
-53.5019,151.684,PRO-59
-60.4122,124.814,PRO-60
118.762,-13.5032,GLY-61
-60.3703,135.761,THR-62
-131.673,162.312,ARG-63
-92.0854,128.95,VAL-64
-119.802,148.183,ARG-65
-134.543,119.209,ALA-66
-117.236,161.68,MET-67
-153.671,104.511,ALA-68
-101.637,164.973,ILE-69
-125.21,134.376,TYR-70
-133.805,138.237,LYS-71
-131.065,179.745,GLN-72
-63.5349,-26.4304,SER-73
-141.122,24.5539,GLN-74
-140.543,131.108,HIS-75
-123.357,-11.679,MET-76
-109.011,59.0413,THR-77
-160.009,162.257,GLU-78
-117.222,147.35,VAL-79
-68.2927,115.29,VAL-80
-143.128,165.581,ARG-81
-67.9715,155.506,ARG-82
-60.9776,149.103,CYS-83
-40.4896,-35.9805,PRO-84
-77.3719,-9.20087,HIS-85
-127.08,3.77039,HIS-86
-81.2833,-12.2956,GLU-87
-140.227,-37.2138,ARG-88
-61.9168,165.521,CYS-89
-64.5742,-21.4471,SER-90
-82.1331,-25.5906,ASP-91
-93.2819,-13.097,SER-92
-91.3244,160.333,ASP-93
146.22,-169.538,GLY-94
-47.8405,-50.6565,LEU-95
-67.9517,147.434,ALA-96
-77.857,142.522,PRO-97
-55.506,-21.7581,PRO-98
-78.3038,-32.2494,GLN-99
-69.0943,136.984,HIS-100
-85.5026,-34.8704,LEU-101
-85.3397,117.514,ILE-102
-149.693,151.619,ARG-103
-137.561,139.241,VAL-104
-120.363,170.876,GLU-105
91.7782,-46.9296,GLY-106
-70.3325,144.214,ASN-107
-114,-15.867,LEU-108
-83.2855,-17.2264,ARG-109
-41.8158,133.388,VAL-110
-145.354,167.907,GLU-111
-119.615,141.942,TYR-112
-163.65,145.08,LEU-113
-53.0444,156.995,ASP-114
-113.484,143.897,ASP-115
-68.6315,-43.2607,ARG-116
-71.3061,-48.1302,ASN-117
-109.23,-14.2147,THR-118
79.603,-15.76,PHE-119
-64.8008,110.512,ARG-120
-58.1385,128.858,HIS-121
-156.339,174.338,SER-122
-83.1858,139.881,VAL-123
-136.666,116.925,VAL-124
-119.444,138.805,VAL-125
-56.6279,145.583,PRO-126
-104.525,119.547,TYR-127
-112.093,150.969,GLU-128
-64.8847,161.909,PRO-129
-45.233,156.646,PRO-130
-67.9084,152.982,GLU-131
-56.315,120.402,VAL-132
88.601,-2.18268,GLY-133
-105.301,169.592,SER-134
-120.476,-3.44347,ASP-135
-139.779,146.208,CYS-136
-93.643,146.461,THR-137
-119.052,141.244,THR-138
-117.393,134.52,ILE-139
-102.489,90.6251,HIS-140
-69.4374,167.297,TYR-141
-160.817,138.784,ASN-142
-132.329,142.674,TYR-143
-148.513,105.097,MET-144
-143.736,152.167,CYS-145
-70.622,143.257,ASN-146
-99.1001,4.93508,SER-147
-113.984,-8.44472,SER-148
-72.8327,-176.573,CYS-149
-91.2207,-45.0928,MET-150
85.3327,-158.538,GLY-151
-55.284,162.729,GLY-152
-56.6301,-24.7949,ILE-153
-131.706,138.473,ASN-154
-56.2526,143.765,ARG-155
-159.775,163.179,ARG-156
-87.7417,167.22,PRO-157
-144.809,133.16,ILE-158
-119.245,144.966,LEU-159
-111.761,141.344,THR-160
-113.948,118.012,ILE-161
-111.519,141.604,ILE-162
-141.095,147.796,THR-163
-98.5452,116.151,LEU-164
-139.471,152.648,GLU-165
-82.1563,160.138,ASP-166
-55.5141,-35.4682,SER-167
-78.2591,7.09827,SER-168
104.609,-5.81474,GLY-169
-78.1203,132.937,ASN-170
-75.5271,126.3,LEU-171
-89.6808,-39.3694,LEU-172
-155.71,178.361,GLY-173
-139.311,153.598,ARG-174
-155.568,132.448,ASN-175
-120.906,147.948,SER-176
-153.037,162.491,PHE-177
-91.0022,145.658,GLU-178
-125.237,158.308,VAL-179
-156.206,121.995,ARG-180
-91.6582,143.524,VAL-181
-138.872,153.63,CYS-182
-83.2308,-47.2705,ALA-183
-108.892,78.5562,CYS-184
-69.3867,-19.1912,PRO-185
-82.4203,-35.4103,GLY-186
-66.1148,-44.0319,ARG-187
-79.1095,-36.0045,ASP-188
-51.1614,-52.43,ARG-189
-54.7959,-56.1549,ARG-190
-47.3439,-54.1049,THR-191
-81.6901,-25.2215,GLU-192
-89.0097,-21.9595,GLU-193
-78.931,-17.1407,GLU-194
-74.4608,-1.57105,ASN-195
-86.3169,159.458,LEU-196
-83.1747,-21.3832,ARG-197
-73.865,173.421,LYS-198
-61.8665,172.608,LYS-199
-158.152,153.19,GLY-200
-82.0228,132.118,GLU-201
-78.6837,176.926,PRO-202
-128.464,174.397,HIS-203
-65.7602,162.882,HIS-204
-73.4497,-32.7284,GLU-205
-80.6683,-36.9106,LEU-206
-76.8892,141.599,PRO-207
-70.6213,168.812,PRO-208
-75.9273,-173.658,GLY-209
-149.992,169.901,SER-210
-81.9481,147.617,THR-211
-76.7942,153.532,LYS-212
59.4322,147.378,ARG-213
-73.4623,179.674,ALA-214
-100.426,-28.1645,LEU-215
-63.0023,132.294,PRO-216
-66.419,20.3547,ASN-217
-57.3326,136.981,ASN-218
-128.053,28.8731,SER-2
-63.9207,156.511,SER-3
-67.192,135.845,VAL-4
-48.99,166.755,PRO-5
-113.736,160.149,SER-6
-113.908,-35.5734,GLN-7
-43.6235,114.428,LYS-8
-64.5788,129.241,THR-9
-155.079,146.497,TYR-10
-75.9514,-50.0977,GLN-11
89.1315,-164.234,GLY-12
-72.4568,-33.8484,SER-13
-98.2907,-3.26728,TYR-14
87.8622,9.12688,GLY-15
-63.8116,125.211,PHE-16
-160.939,167.469,ARG-17
-102.235,147.624,LEU-18
-130.745,156.106,GLY-19
-133.449,158.447,PHE-20
-61.1755,143.152,LEU-21
-81.8061,29.2058,HIS-22
-60.1117,-38.5006,SER-23
76.3046,-125.798,GLY-24
-132.16,-8.5938,THR-25
-66.1179,172.748,ALA-26
-57.0605,-28.0202,LYS-27
-75.9636,-14.661,SER-28
-62.0178,108.025,VAL-29
-80.6603,-39.5002,THR-30
-142.62,154.649,CYS-31
-140.672,170.036,THR-32
-149.865,133.649,TYR-33
-102.281,104.467,SER-34
-59.6416,-33.6319,PRO-35
-72.2995,-8.03948,ALA-36
-118.133,-11.5046,LEU-37
57.4185,45.1962,ASN-38
-133.973,118.399,LYS-39
-87.3957,128.685,MET-40
-111.22,131.179,PHE-41
-134.875,147.965,CYS-42
-71.7958,128.993,GLN-43
-52.6501,137.347,LEU-44
66.8321,0.568529,ALA-45
-97.5532,158.915,LYS-46
-79.3745,128.347,THR-47
-115.971,95.5204,CYS-48
-79.5732,124.504,PRO-49
-116.294,124.832,VAL-50
-83.6097,142.118,GLN-51
-107.757,125.621,LEU-52
-91.7608,128.485,TRP-53
-134.496,145.526,VAL-54
-72.646,-37.1881,ASP-55
-177.33,161.364,SER-56
-65.8072,115.989,THR-57
-78.8913,162.993,PRO-58
-39.3343,155.673,PRO-59
-61.173,144.069,PRO-60
77.5856,8.01483,GLY-61
-75.4573,98.0471,THR-62
-96.2784,160.882,ARG-63
-108.833,126.92,VAL-64
-111.905,131.96,ARG-65
-116.338,112.623,ALA-66
-132.231,166.986,MET-67
-156.206,88.3342,ALA-68
-75.1304,152.371,ILE-69
-114.888,135.487,TYR-70
-130.738,157.158,LYS-71
-140.139,168.879,GLN-72
-71.8982,-1.32286,SER-73
-138.544,2.1542,GLN-74
-158.062,140.616,HIS-75
-122.78,-25.151,MET-76
-94.3022,68.1635,THR-77
-138.197,156.915,GLU-78
-123.327,154.282,VAL-79
-67.6274,131.142,VAL-80
-143.245,154.987,ARG-81
-77.5469,161.883,ARG-82
-65.3001,153.618,CYS-83
-73.8891,-23.7013,PRO-84
-73.5117,-25.1549,HIS-85
-106.252,7.6246,HIS-86
-83.5588,11.8977,GLU-87
-155.495,-26.113,ARG-88
-68.3801,165.475,CYS-89
-58.2564,-14.5916,SER-90
-79.0471,-7.61679,ASP-91
-105.09,-33.4798,SER-92
-65.1708,119.206,ASP-93
-159.666,-137.493,GLY-94
-74.7243,-25.2184,LEU-95
-74.6686,148.069,ALA-96
-65.1779,161.163,PRO-97
-78.9378,-7.52803,PRO-98
-96.2005,-14.655,GLN-99
-77.742,127.666,HIS-100
-70.5984,-34.4868,LEU-101
-85.2558,133.755,ILE-102
-139.963,157.667,ARG-103
-132.929,127.413,VAL-104
-119.861,153.132,GLU-105
81.9111,-28.7341,GLY-106
-78.6927,155.373,ASN-107
-116.107,-25.5401,LEU-108
-63.8077,-29.4971,ARG-109
-44.7496,150.506,VAL-110
-159.072,167.609,GLU-111
-108.524,154.244,TYR-112
-151.454,146.681,LEU-113
-59.6771,157.348,ASP-114
-101.369,131.019,ASP-115
-55.1484,-62.9463,ARG-116
-65.4972,-27.5656,ASN-117
-120.123,-24.3515,THR-118
79.7393,-18.2159,PHE-119
-62.3018,105.582,ARG-120
-59.9936,122.305,HIS-121
-163.295,161.905,SER-122
-67.289,137.015,VAL-123
-125.264,57.7095,VAL-124
-38.8378,125.64,VAL-125
-72.579,127.307,PRO-126
-64.4806,155.732,TYR-127
-148.28,144.851,GLU-128
-58.0891,173.298,PRO-129
-67.0735,164.336,PRO-130
-49.6381,145.771,GLU-131
-61.4289,124.073,VAL-132
100.793,-14.6408,GLY-133
-100.757,164.298,SER-134
-117.501,-23.1729,ASP-135
-126.709,127.035,CYS-136
-62.5366,138.99,THR-137
-95.8249,139.439,THR-138
-109.059,146.257,ILE-139
-101.274,116.314,HIS-140
-99.6124,173.113,TYR-141
-170.668,153.574,ASN-142
-145.543,141.935,TYR-143
-148.983,105.632,MET-144
-157.892,149.758,CYS-145
-74.432,143.731,ASN-146
-119.544,-8.91872,SER-147
-84.6792,8.14982,SER-148
-90.5796,179.3,CYS-149
-86.8998,-42.1538,MET-150
91.2423,-172.921,GLY-151
-66.4576,-141.408,GLY-152
-79.1491,-16.3086,ILE-153
-151.407,147.649,ASN-154
-63.1934,124.29,ARG-155
-154.29,164.543,ARG-156
-84.3445,143.003,PRO-157
-127.021,131.042,ILE-158
-115.849,150.703,LEU-159
-125.248,137.306,THR-160
-116.215,129.435,ILE-161
-116.752,124.955,ILE-162
-129.945,120.935,THR-163
-63.2472,130.236,LEU-164
-154.558,137.815,GLU-165
-65.6823,162.888,ASP-166
-50.0456,-38.3611,SER-167
-93.8454,14.6456,SER-168
99.613,-10.6371,GLY-169
-74.6849,130.842,ASN-170
-69.7109,121.553,LEU-171
-81.2686,-43.8096,LEU-172
-166.078,155.165,GLY-173
-136.46,144.738,ARG-174
-145.914,123.646,ASN-175
-126.66,140.639,SER-176
-146.239,157.008,PHE-177
-80.9265,135.633,GLU-178
-99.5016,147.87,VAL-179
-146.033,133.197,ARG-180
-95.6507,138.687,VAL-181
-136.265,156.226,CYS-182
-80.73,-35.8113,ALA-183
-129.833,75.5637,CYS-184
-54.8172,-24.1129,PRO-185
-80.168,-48.6824,GLY-186
-61.396,-47.3167,ARG-187
-61.7335,-41.2304,ASP-188
-55.7964,-56.5768,ARG-189
-60.6152,-31.9846,ARG-190
-59.7762,-47.2191,THR-191
-78.4517,-17.745,GLU-192
-110.545,-29.257,GLU-193
-60.2229,-14.9151,GLU-194
-88.2577,1.6455,ASN-195
-105.847,146.864,LEU-196
-67.671,-35.343,ARG-197
-50.0473,128.238,LYS-198
-51.0816,149.433,LYS-199
-150.62,164.122,GLY-200
-79.483,128.202,GLU-201
-65.858,155.384,PRO-202
-99.2854,161.515,HIS-203
-61.6153,128.946,HIS-204
-78.6926,-11.1852,GLU-205
-69.825,-49.2701,LEU-206
-71.165,140.495,PRO-207
-77.7824,-166.26,PRO-208
-86.4339,-153.743,GLY-209
-164.065,174.846,SER-210
-63.36,139.503,THR-211
-71.1778,144.084,LYS-212
84.4092,149.763,ARG-213
-74.7287,167.003,ALA-214
-78.747,-30.8527,LEU-215
-79.6758,147.236,PRO-216
-71.4789,9.09778,ASN-217
-51.5258,128.308,ASN-218
-112.229,7.89602,SER-2
-40.847,146.971,SER-3
-59.5509,133.633,VAL-4
-59.4104,153.916,PRO-5
-101.416,143.9,SER-6
-112.336,-20.8486,GLN-7
-79.4833,124.75,LYS-8
-70.9444,130.85,THR-9
-150.998,160.121,TYR-10
-100.112,-43.026,GLN-11
81.4759,-172.437,GLY-12
-68.9055,-0.27045,SER-13
-118.071,-4.72103,TYR-14
59.3013,28.4615,GLY-15
-58.6361,138.598,PHE-16
-162.258,169.516,ARG-17
-104.97,158.038,LEU-18
-124.448,135.185,GLY-19
-121.985,145.882,PHE-20
-56.0091,143.675,LEU-21
-71.94,108.069,HIS-22
-146.772,-39.9317,SER-23
90.1057,-117.315,GLY-24
-130.48,1.83041,THR-25
-92.4789,173.599,ALA-26
-44.5462,-43.9749,LYS-27
-62.4899,-19.265,SER-28
-62.7925,113.841,VAL-29
-84.2875,-29.3394,THR-30
-152.13,145.965,CYS-31
-145.977,165.837,THR-32
-143.517,126.805,TYR-33
-104.298,106.563,SER-34
-59.9942,-35.8237,PRO-35
-69.9493,-27.5634,ALA-36
-81.3268,-25.5233,LEU-37
39.9215,60.7089,ASN-38
-132.624,147.475,LYS-39
-116.374,116.08,MET-40
-94.2593,113.739,PHE-41
-112.154,134.031,CYS-42
-75.7767,127.888,GLN-43
-57.213,132.866,LEU-44
78.7758,-26.4283,ALA-45
-72.6869,153.926,LYS-46
-66.6969,144.893,THR-47
-132.819,90.6785,CYS-48
-73.4588,133.372,PRO-49
-146.275,132.953,VAL-50
-105.048,154.487,GLN-51
-110.953,134.31,LEU-52
-94.7686,142.914,TRP-53
-159.975,131.384,VAL-54
-47.4923,-46.8259,ASP-55
-168.538,173.383,SER-56
-61.2161,105.996,THR-57
-73.3955,156.031,PRO-58
-47.7102,164.455,PRO-59
-61.8495,143.12,PRO-60
78.0589,13.1712,GLY-61
-80.8067,116.1,THR-62
-117.303,164.791,ARG-63
-115.924,122.52,VAL-64
-114.959,150.746,ARG-65
-144.854,130.761,ALA-66
-150.096,134.137,MET-67
-121.565,113.076,ALA-68
-88.0518,161.511,ILE-69
-116.587,142.533,TYR-70
-143.487,162.441,LYS-71
-126.193,-152.653,GLN-72
-68.8544,-19.8847,SER-73
-141.428,-42.403,GLN-74
-70.0048,115.512,HIS-75
-110.928,-35.1241,MET-76
-86.7761,96.9962,THR-77
-165.223,165.847,GLU-78
-131.686,147.066,VAL-79
-82.55,146.716,VAL-80
-161.682,159.846,ARG-81
-73.5013,144.663,ARG-82
-50.5182,144.537,CYS-83
-60.8186,-15.823,PRO-84
-87.4202,-7.79949,HIS-85
-129.382,-32.7698,HIS-86
-65.7096,21.3382,GLU-87
-157.909,-10.0174,ARG-88
-64.9529,-179.721,CYS-89
-68.5475,-28.3408,SER-90
-71.1256,-21.4615,ASP-91
-105.732,-10.9142,SER-92
-69.5683,168.209,ASP-93
111.993,-139.946,GLY-94
-74.6236,-36.647,LEU-95
-91.3242,138.919,ALA-96
-44.038,140.266,PRO-97
-70.2641,-19.5367,PRO-98
-69.9786,-42.7054,GLN-99
-62.3055,134.039,HIS-100
-85.2808,-42.5445,LEU-101
-66.5365,118.343,ILE-102
-125.834,141.547,ARG-103
-94.2623,155.392,VAL-104
-151.293,172.173,GLU-105
73.4323,19.3824,GLY-106
-152.57,138.987,ASN-107
-99.1344,-44.0444,LEU-108
-97.1538,7.35096,ARG-109
-51.2186,143.497,VAL-110
-150.93,-176.796,GLU-111
-117.298,156.956,TYR-112
-165.209,145.409,LEU-113
-73.3494,158.574,ASP-114
-96.0364,149.031,ASP-115
-69.0558,-48.3481,ARG-116
-65.4242,-31.5982,ASN-117
-125.753,-12.271,THR-118
54.4629,14.4053,PHE-119
-79.9566,115.775,ARG-120
-68.1538,125.268,HIS-121
-159.764,166.805,SER-122
-72.957,148.712,VAL-123
-136.01,108.952,VAL-124
-91.3599,128.279,VAL-125
-52.7399,126.172,PRO-126
-48.7307,158.462,TYR-127
-167.348,157.888,GLU-128
-71.2959,160.71,PRO-129
-63.183,154.235,PRO-130
-69.8112,159.181,GLU-131
-47.1386,115.475,VAL-132
85.923,13.8245,GLY-133
-111.207,140.528,SER-134
-87.4223,-7.01264,ASP-135
-136.077,162.635,CYS-136
-81.5513,126.728,THR-137
-90.1395,143.49,THR-138
-124.705,143.867,ILE-139
-132.336,125.04,HIS-140
-121.889,175.05,TYR-141
-151.065,158.89,ASN-142
-154.502,142.061,TYR-143
-153.269,124.674,MET-144
-156.794,169.632,CYS-145
-90.0385,147.689,ASN-146
-128.104,-4.6962,SER-147
-99.1195,-7.24225,SER-148
-52.8354,165.167,CYS-149
-85.3496,-34.0109,MET-150
96.1512,-157.147,GLY-151
-73.0058,-157.556,GLY-152
-60.3153,-26.5041,ILE-153
-155.366,149.227,ASN-154
-61.6957,139.225,ARG-155
-158.421,151.548,ARG-156
-60.1692,142.785,PRO-157
-124.824,117.397,ILE-158
-115.445,130.524,LEU-159
-100.541,139.632,THR-160
-105.865,136.126,ILE-161
-136.511,126.182,ILE-162
-134.579,127.981,THR-163
-82.7888,133.627,LEU-164
-153.112,129.271,GLU-165
-66.4012,159.322,ASP-166
-66.9597,-17.4639,SER-167
-67.4506,12.6077,SER-168
62.0907,36.3165,GLY-169
-123.116,108.103,ASN-170
-56.8586,116.206,LEU-171
-57.7865,-45.5142,LEU-172
-171.785,161.875,GLY-173
-142.071,140.32,ARG-174
-146.294,149.806,ASN-175
-139.594,152.654,SER-176
-163.14,153.513,PHE-177
-76.419,141.078,GLU-178
-95.2594,153.609,VAL-179
-151.67,121.791,ARG-180
-86.1355,125.62,VAL-181
-130.386,154.998,CYS-182
-81.9736,-24.1359,ALA-183
-125.397,102.595,CYS-184
-86.9833,-35.2251,PRO-185
-87.044,-22.8437,GLY-186
-59.3526,-57.963,ARG-187
-73.1876,-22.9009,ASP-188
-49.7019,-69.094,ARG-189
-47.5786,-43.4814,ARG-190
-46.4696,-57.1568,THR-191
-82.9355,-21.8405,GLU-192
-89.5224,-28.9516,GLU-193
-59.8991,-21.0126,GLU-194
-64.8597,0.537569,ASN-195
-99.228,150.324,LEU-196
-77.2255,-22.3965,ARG-197
-64.3283,161.853,LYS-198
-72.6389,179.919,LYS-199
-169.24,-169.185,GLY-200
-91.7925,137.087,GLU-201
-76.0352,176.346,PRO-202
-148.442,171.975,HIS-203
-56.1092,137.353,HIS-204
-67.6451,-27.5957,GLU-205
-103.37,-24.0674,LEU-206
-71.0131,170.511,PRO-207
-74.618,177.268,PRO-208
-82.8825,-133.232,GLY-209
-147.683,-151.72,SER-210
-102.535,118.196,THR-211
-43.915,144.319,LYS-212
60.7023,159.845,ARG-213
-86.4544,165.313,ALA-214
-77.1906,-44.5712,LEU-215
-68.7634,133.845,PRO-216
-71.0152,9.091,ASN-217
-46.9625,122.107,ASN-218
-110.964,20.3652,SER-2
-56.6495,155.521,SER-3
-77.7086,143.941,VAL-4
-55.0084,169.539,PRO-5
-133.382,135.449,SER-6
-95.5792,-29.0196,GLN-7
-59.2493,123.654,LYS-8
-73.8793,144.031,THR-9
-155.789,147.283,TYR-10
-87.5297,-13.7884,GLN-11
79.2076,-169.143,GLY-12
-76.3881,8.744,SER-13
-123.793,4.74655,TYR-14
75.9968,18.4377,GLY-15
-62.7163,124.8,PHE-16
-161.311,154.036,ARG-17
-94.1342,129.725,LEU-18
-101.623,106.779,GLY-19
-83.7763,157.423,PHE-20
-66.834,159.194,LEU-21
-102.9,25.8793,HIS-22
-58.5021,-19.5792,SER-23
71.042,-131.868,GLY-24
-130.728,-9.53972,THR-25
-63.4046,163.336,ALA-26
-64.6195,-14.8906,LYS-27
-69.4448,-19.05,SER-28
-54.2766,111.011,VAL-29
-85.8748,-32.0248,THR-30
-159.652,149.516,CYS-31
-156.196,157.731,THR-32
-138.498,118.17,TYR-33
-87.6185,120.742,SER-34
-74.8161,-47.9136,PRO-35
-81.6616,-5.36009,ALA-36
-94.19,-17.8085,LEU-37
52.2698,38.6312,ASN-38
-118.243,132.909,LYS-39
-92.2555,137.582,MET-40
-123.169,97.0464,PHE-41
-96.6865,132.96,CYS-42
-74.4254,122.579,GLN-43
-36.9487,120.205,LEU-44
71.5771,-6.22351,ALA-45
-77.5617,156.041,LYS-46
-58.7386,121.28,THR-47
-112.627,79.5729,CYS-48
-66.2386,147.398,PRO-49
-134.045,143.733,VAL-50
-107.942,143.543,GLN-51
-113.684,118.136,LEU-52
-97.1694,130.749,TRP-53
-153.864,144.049,VAL-54
-65.9966,-43.3727,ASP-55
-166.043,162.886,SER-56
-76.4091,115.594,THR-57
-70.9854,166.588,PRO-58
-44.9085,148.828,PRO-59
-66.817,158.267,PRO-60
74.0967,2.62362,GLY-61
-60.0834,140.32,THR-62
-138.562,153.061,ARG-63
-86.0792,139.404,VAL-64
-128.228,147.284,ARG-65
-121.287,126.695,ALA-66
-122.476,129.804,MET-67
-135.824,101.964,ALA-68
-103.042,152.958,ILE-69
-116.877,128.965,TYR-70
-143.883,168.872,LYS-71
-155.824,-174.257,GLN-72
-75.3634,0.242381,SER-73
-150.087,-36.9598,GLN-74
-85.3373,128.559,HIS-75
-116.908,-24.0827,MET-76
-103.381,77.7893,THR-77
-131.148,166.717,GLU-78
-119.601,142.195,VAL-79
-69.4155,124.758,VAL-80
-155.2,163.245,ARG-81
-65.8999,160.084,ARG-82
-66.439,144.488,CYS-83
-45.1651,-42.4359,PRO-84
-77.8655,-12.5315,HIS-85
-119.679,-3.66355,HIS-86
-70.9395,9.99286,GLU-87
-158.676,-12.6783,ARG-88
-53.2646,177.561,CYS-89
-66.9699,-14.2555,SER-90
-75.1719,-24.1001,ASP-91
-101.984,-31.4184,SER-92
-59.2034,144.435,ASP-93
161.441,-150.559,GLY-94
-73.0901,-44.8515,LEU-95
-63.8392,140.783,ALA-96
-51.2016,148.897,PRO-97
-70.9067,-22.7353,PRO-98
-77.1059,-39.3049,GLN-99
-53.1699,130.095,HIS-100
-58.9245,-47.8647,LEU-101
-99.2524,139.532,ILE-102
-137.782,167.004,ARG-103
-114.393,139.301,VAL-104
-135.713,-177.112,GLU-105
74.6928,20.1544,GLY-106
-158.074,125.374,ASN-107
-66.8912,-56.4135,LEU-108
-72.7226,28.3295,ARG-109
-72.6074,144.158,VAL-110
-155.137,166.773,GLU-111
-110.334,152.754,TYR-112
-175.309,156.431,LEU-113
-82.3138,127.65,ASP-114
-59.7213,141.526,ASP-115
-68.8229,-51.2995,ARG-116
-77.7479,-13.1437,ASN-117
-124.734,-13.7199,THR-118
73.4601,-1.96742,PHE-119
-77.2392,119.96,ARG-120
-89.6369,115.188,HIS-121
-153.013,164.595,SER-122
-79.0418,124.938,VAL-123
-114.824,119.312,VAL-124
-97.4162,149.787,VAL-125
-64.5194,149.295,PRO-126
-112.859,149.082,TYR-127
-155.619,179.1,GLU-128
-82.168,171.622,PRO-129
-60.0294,169.226,PRO-130
-74.4315,170.091,GLU-131
-53.7375,135.853,VAL-132
75.3759,-14.189,GLY-133
-81.6136,165.912,SER-134
-108.085,-18.485,ASP-135
-126.238,144.296,CYS-136
-73.6495,167.592,THR-137
-136.077,137.223,THR-138
-117.797,140.162,ILE-139
-117.915,117.457,HIS-140
-99.2381,176.445,TYR-141
-160.034,161.675,ASN-142
-153.524,145.555,TYR-143
-154.637,128.999,MET-144
-179.493,174.001,CYS-145
-77.4336,161.936,ASN-146
-121.011,-12.038,SER-147
-93.2017,-14.9034,SER-148
-69.1962,154.629,CYS-149
-64.3663,-32.825,MET-150
101.662,-176.724,GLY-151
-67.2546,-165.12,GLY-152
-45.837,-27.3292,ILE-153
-153.29,150.678,ASN-154
-68.6082,121.792,ARG-155
-130.624,147.29,ARG-156
-70.6845,147.512,PRO-157
-133.22,135.87,ILE-158
-122.761,140.78,LEU-159
-106.509,142.634,THR-160
-98.637,136.66,ILE-161
-115.48,148.821,ILE-162
-145.201,152.4,THR-163
-120.421,120.845,LEU-164
-156.55,137.41,GLU-165
-77.6095,158.411,ASP-166
-53.4924,-24.2457,SER-167
-81.917,9.79018,SER-168
65.6614,10.4339,GLY-169
-80.9992,126.89,ASN-170
-85.6445,130.124,LEU-171
-71.947,-12.5448,LEU-172
160.174,-175.61,GLY-173
-157.598,147.172,ARG-174
-159.026,147.893,ASN-175
-160.471,147.126,SER-176
-153.336,147.725,PHE-177
-63.611,149.208,GLU-178
-117.996,137.419,VAL-179
-143.872,113.687,ARG-180
-76.3847,144.049,VAL-181
-141.736,147,CYS-182
-73.8774,-44.6601,ALA-183
-117.205,74.6825,CYS-184
-67.5332,-23.8255,PRO-185
-74.603,-51.4042,GLY-186
-48.9449,-51.5102,ARG-187
-73.9036,-29.7638,ASP-188
-55.295,-53.6872,ARG-189
-67.6139,-41.512,ARG-190
-49.4559,-24.7695,THR-191
-100.361,-41.8001,GLU-192
-79.3687,-36.1467,GLU-193
-61.3784,-20.4805,GLU-194
-77.4834,-25.2129,ASN-195
-71.8976,149.363,LEU-196
-71.254,-28.3312,ARG-197
-81.6735,161.788,LYS-198
-54.1473,160.15,LYS-199
-158.064,152.846,GLY-200
-60.2738,142.845,GLU-201
-84.0386,142.691,PRO-202
-110.943,158.431,HIS-203
-57.185,134.376,HIS-204
-80.8772,-18.5761,GLU-205
-82.9749,-56.2983,LEU-206
-62.3181,143.182,PRO-207
-53.5976,176.333,PRO-208
-93.4293,-170.306,GLY-209
-126.338,-133.419,SER-210
-122.841,139.138,THR-211
-66.4673,143.349,LYS-212
74.5647,160.411,ARG-213
-69.9136,170.822,ALA-214
-103.34,-34.2551,LEU-215
-58.5888,136.375,PRO-216
-86.0186,22.0501,ASN-217
-58.6683,118.909,ASN-218
-120.546,33.7161,SER-2
-73.0483,164.054,SER-3
-62.6101,121.859,VAL-4
-52.4514,133.381,PRO-5
-86.4717,151.692,SER-6
-116.039,-12.2059,GLN-7
-63.8209,117.772,LYS-8
-60.8725,141.105,THR-9
-157.538,152.406,TYR-10
-101.793,-22.5642,GLN-11
66.726,-157.995,GLY-12
-70.6432,-38.5138,SER-13
-67.665,-12.3243,TYR-14
63.0747,35.6863,GLY-15
-62.1478,114.617,PHE-16
-148.994,146.505,ARG-17
-80.4614,171.616,LEU-18
-146.786,137.162,GLY-19
-126.248,162.767,PHE-20
-66.9514,165.562,LEU-21
-129.259,46.4218,HIS-22
-79.9282,-23.1867,SER-23
79.4532,-123.844,GLY-24
-143.801,1.88632,THR-25
-64.0138,157.926,ALA-26
-49.1073,-24.5269,LYS-27
-74.0513,-7.071,SER-28
-80.105,126.174,VAL-29
-97.9832,-41.4731,THR-30
-144.327,144.93,CYS-31
-145.056,148.12,THR-32
-112.255,122.855,TYR-33
-86.6035,106.224,SER-34
-62.8245,-30.5778,PRO-35
-82.9912,-13.5144,ALA-36
-109.11,-23.6302,LEU-37
63.911,25.3659,ASN-38
-107.018,135.181,LYS-39
-98.6355,116.384,MET-40
-105.878,98.6999,PHE-41
-102.392,141.663,CYS-42
-70.9673,134.62,GLN-43
-43.2146,120.233,LEU-44
75.575,2.07138,ALA-45
-91.099,159.615,LYS-46
-75.4885,138.358,THR-47
-136.816,92.8077,CYS-48
-72.6597,137.956,PRO-49
-135.436,139.392,VAL-50
-113.873,142.017,GLN-51
-103.889,125.43,LEU-52
-89.5965,137.357,TRP-53
-144.15,139.429,VAL-54
-51.2052,-56.9479,ASP-55
-150.966,171.166,SER-56
-77.1382,120.857,THR-57
-70.9847,170.369,PRO-58
-74.7621,168.851,PRO-59
-59.8899,153.483,PRO-60
67.5847,5.27779,GLY-61
-63.9005,129.527,THR-62
-137.188,158.927,ARG-63
-109.978,126.801,VAL-64
-124.783,148.504,ARG-65
-121.672,133.119,ALA-66
-130.624,144.744,MET-67
-145.539,119.016,ALA-68
-126.418,164.696,ILE-69
-144.981,145.269,TYR-70
-151.722,158.266,LYS-71
-134.286,-176.635,GLN-72
-51.4012,-18.2765,SER-73
-153.299,-38.2292,GLN-74
-77.0636,125.807,HIS-75
-126.125,-17.7565,MET-76
-92.3189,65.4866,THR-77
-143.393,154.942,GLU-78
-106.823,150.553,VAL-79
-71.7603,118.016,VAL-80
-129.64,154.486,ARG-81
-69.9478,155.993,ARG-82
-59.5614,160.938,CYS-83
-67.4579,-21.157,PRO-84
-89.6281,-9.32437,HIS-85
-110.463,-30.644,HIS-86
-52.9615,2.06657,GLU-87
-155.453,-4.85107,ARG-88
-85.6456,173.299,CYS-89
-51.0321,-41.34,SER-90
-56.6169,-29.0252,ASP-91
-93.6696,-9.42834,SER-92
-59.6295,154.138,ASP-93
99.6369,-148.22,GLY-94
-45.4846,-60.2861,LEU-95
-70.5002,143.201,ALA-96
-56.8879,143.988,PRO-97
-77.9795,-11.0476,PRO-98
-91.8182,-28.8316,GLN-99
-57.7335,119.198,HIS-100
-69.3415,-33.2013,LEU-101
-85.1924,135.18,ILE-102
-140.385,145.469,ARG-103
-94.6913,142.563,VAL-104
-118.423,168.543,GLU-105
90.4951,-68.6952,GLY-106
-54.9277,145.867,ASN-107
-98.3673,-50.4404,LEU-108
-79.495,-10.6043,ARG-109
-30.3673,133.251,VAL-110
-148.85,171.799,GLU-111
-109.066,144.86,TYR-112
-150.738,141.131,LEU-113
-68.4053,145.045,ASP-114
-83.9006,134.02,ASP-115
-64.5611,-34.0842,ARG-116
-79.13,-24.1059,ASN-117
-128.067,-19.3272,THR-118
63.0238,19.7577,PHE-119
-73.2984,115.465,ARG-120
-65.3789,128.817,HIS-121
-160.513,159.059,SER-122
-70.755,133.017,VAL-123
-128.048,125.212,VAL-124
-128.288,121.292,VAL-125
-76.9743,144.979,PRO-126
-86.1099,158.974,TYR-127
-150.507,156.378,GLU-128
-71.2309,164.336,PRO-129
-51.3232,148.553,PRO-130
-62.2128,159.064,GLU-131
-52.7627,122.14,VAL-132
97.0278,-5.1832,GLY-133
-106.357,167.333,SER-134
-126.524,-13.0221,ASP-135
-121.236,144.524,CYS-136
-79.114,130.86,THR-137
-105.738,125.27,THR-138
-102.769,139.911,ILE-139
-111.948,125.488,HIS-140
-114.398,161.528,TYR-141
-148.429,144.701,ASN-142
-136.562,114.386,TYR-143
-112.683,123.569,MET-144
-165.182,164.108,CYS-145
-51.9685,143.818,ASN-146
-129.161,3.62601,SER-147
-130.666,5.26998,SER-148
-67.9779,169.482,CYS-149
-85.5389,-31.6716,MET-150
89.0896,-131.517,GLY-151
-90.5155,-159.933,GLY-152
-74.4657,-30.7856,ILE-153
-136.465,142.772,ASN-154
-59.8339,114.714,ARG-155
-122.245,161.764,ARG-156
-69.1658,136.452,PRO-157
-139.11,140.833,ILE-158
-127.274,143.713,LEU-159
-112.919,145.203,THR-160
-121.753,123.143,ILE-161
-109.622,138.219,ILE-162
-137.628,126.947,THR-163
-89.5353,104.475,LEU-164
-129.33,154.2,GLU-165
-77.735,162.115,ASP-166
-70.5072,-18.6135,SER-167
-57.609,-3.44955,SER-168
86.1887,5.58488,GLY-169
-90.8556,134.14,ASN-170
-83.3651,126.758,LEU-171
-100.189,-34.3583,LEU-172
-160.381,162.046,GLY-173
-138.939,146.51,ARG-174
-146.531,158.906,ASN-175
-135.509,150.71,SER-176
-155.511,148.878,PHE-177
-75.3853,116.795,GLU-178
-94.7661,133.311,VAL-179
-130.969,109.691,ARG-180
-71.3657,138.198,VAL-181
-127.537,148.293,CYS-182
-76.4259,-50.756,ALA-183
-113.051,83.7203,CYS-184
-63.9713,-19.9351,PRO-185
-93.3525,-40.3838,GLY-186
-57.3445,-56.4236,ARG-187
-62.0253,-30.7264,ASP-188
-58.9819,-55.0496,ARG-189
-53.7079,-40.6231,ARG-190
-57.2211,-33.2307,THR-191
-95.1871,-19.9976,GLU-192
-93.2982,-40.8983,GLU-193
-60.1808,-25.0621,GLU-194
-64.3424,-6.33955,ASN-195
-93.446,173.344,LEU-196
-103.493,-19.3633,ARG-197
-76.2264,152.722,LYS-198
-63.466,143.343,LYS-199
-165.805,149.156,GLY-200
-66.2774,140.706,GLU-201
-64.5202,-177.095,PRO-202
-144.507,154.748,HIS-203
-67.0424,147.952,HIS-204
-85.8642,9.84718,GLU-205
-65.446,-56.202,LEU-206
-84.8222,157.827,PRO-207
-74.3548,173.034,PRO-208
-68.0445,172.768,GLY-209
-134.865,-132.406,SER-210
-120.948,150.323,THR-211
-99.8244,134.341,LYS-212
64.4076,162.693,ARG-213
-67.9916,162.672,ALA-214
-87.5163,-31.9551,LEU-215
-57.2114,146.808,PRO-216
-81.9391,15.2574,ASN-217
-43.8309,126.236,ASN-218
-145.263,30.1166,SER-2
-87.6006,157.348,SER-3
-66.0877,133.56,VAL-4
-56.875,151.655,PRO-5
-118.333,135.384,SER-6
-89.9978,-11.3256,GLN-7
-51.2294,128.404,LYS-8
-86.0239,127.172,THR-9
-151.234,137.087,TYR-10
-70.9306,-32.9602,GLN-11
66.7569,-160.397,GLY-12
-63.5587,13.1592,SER-13
-146.531,-5.28009,TYR-14
73.0616,27.7879,GLY-15
-69.9417,129.962,PHE-16
-168.101,149.612,ARG-17
-100.624,131.602,LEU-18
-101.579,150.767,GLY-19
-130.453,171.288,PHE-20
-73.3647,135.701,LEU-21
-79.7243,38.3389,HIS-22
-68.4492,-29.8242,SER-23
74.8697,-107.214,GLY-24
-156.55,-4.84171,THR-25
-59.8555,156.358,ALA-26
-54.4075,-24.035,LYS-27
-70.4561,-17.6316,SER-28
-69.8145,121.651,VAL-29
-112.027,-23.7787,THR-30
-131.659,141.897,CYS-31
-146.792,162.407,THR-32
-156.666,133.094,TYR-33
-112.373,102.967,SER-34
-47.5588,-37.1918,PRO-35
-75.1114,-10.1741,ALA-36
-121.36,-16.0686,LEU-37
71.6995,26.7367,ASN-38
-125.035,131.066,LYS-39
-98.0919,111.131,MET-40
-88.9086,105.874,PHE-41
-117.153,124.005,CYS-42
-71.0194,121.335,GLN-43
-33.2264,123.959,LEU-44
68.6307,-22.4115,ALA-45
-69.6035,157.644,LYS-46
-63.9264,132.784,THR-47
-112.472,100.558,CYS-48
-70.638,107.241,PRO-49
-109.775,145.997,VAL-50
-111.578,119.145,GLN-51
-89.958,104.725,LEU-52
-83.9245,126.075,TRP-53
-144.154,132.386,VAL-54
-67.7199,-38.3493,ASP-55
-165.291,131.531,SER-56
-76.1996,117.203,THR-57
-69.4988,159.744,PRO-58
-54.3733,156.688,PRO-59
-55.8397,172.466,PRO-60
75.7631,-9.55288,GLY-61
-58.4393,124.739,THR-62
-101.97,154.323,ARG-63
-100.487,128.983,VAL-64
-129.036,136.811,ARG-65
-117.849,150.003,ALA-66
-140.201,149.231,MET-67
-153.256,121.514,ALA-68
-127.79,160.353,ILE-69
-127.181,128.352,TYR-70
-132.538,158.445,LYS-71
-124.337,-174.527,GLN-72
-73.4904,-16.3252,SER-73
-122.549,-42.4405,GLN-74
-73.8843,121.271,HIS-75
-111.206,-25.2399,MET-76
-86.6141,66.8865,THR-77
-149.799,157.574,GLU-78
-101.823,157.174,VAL-79
-86.4516,133.395,VAL-80
-149.074,156.409,ARG-81
-54.1126,158.588,ARG-82
-52.3334,146.814,CYS-83
-43.4067,-36.6514,PRO-84
-76.5741,-14.9182,HIS-85
-114.197,-15.9154,HIS-86
-68.0518,-6.48361,GLU-87
-150.434,-10.5976,ARG-88
-48.7238,163.924,CYS-89
-66.8376,-10.8993,SER-90
-73.7594,-28.6756,ASP-91
-74.4759,5.76485,SER-92
-74.3471,136.605,ASP-93
132.144,-159.592,GLY-94
-59.0032,-44.8497,LEU-95
-70.5701,148.984,ALA-96
-66.22,147.766,PRO-97
-50.7893,-34.1573,PRO-98
-87.0084,-33.1177,GLN-99
-55.6751,125.507,HIS-100
-70.454,-50.9958,LEU-101
-88.8454,145.788,ILE-102
-132.879,167.367,ARG-103
-113.251,147.339,VAL-104
-131.308,169.497,GLU-105
80.2674,-41.3426,GLY-106
-74.1728,101.333,ASN-107
-51.1789,-33.6944,LEU-108
-79.3912,15.7763,ARG-109
-66.7929,129.425,VAL-110
-152.28,146.618,GLU-111
-92.2414,143.608,TYR-112
-147.989,158.217,LEU-113
-85.2156,132.33,ASP-114
-85.2528,152.29,ASP-115
-62.9162,-44.1783,ARG-116
-68.6668,-57.2808,ASN-117
-92.7234,-18.3045,THR-118
58.9601,-4.26019,PHE-119
-77.908,122.037,ARG-120
-77.1293,116.452,HIS-121
-149.898,148.882,SER-122
-69.9383,143.325,VAL-123
-151.128,124.586,VAL-124
-127.054,163.853,VAL-125
-79.9989,153.043,PRO-126
-64.7743,152.521,TYR-127
-145.037,149.239,GLU-128
-63.848,155.078,PRO-129
-60.5985,168.158,PRO-130
-61.8074,156.495,GLU-131
-65.6234,123.419,VAL-132
96.7378,-27.0096,GLY-133
-83.5373,164.471,SER-134
-103.519,-34.6495,ASP-135
-125.051,146.861,CYS-136
-62.2317,140.738,THR-137
-94.553,141.287,THR-138
-123.93,137.973,ILE-139
-109.322,116.195,HIS-140
-99.7473,174.279,TYR-141
-158.628,169.837,ASN-142
-167.723,133.604,TYR-143
-145.773,114.489,MET-144
-158.875,174.801,CYS-145
-80.2532,156.49,ASN-146
-123.16,-10.5918,SER-147
-123.747,-18.8651,SER-148
-62.7667,150.678,CYS-149
-54.4297,-27.4638,MET-150
80.0941,-159.533,GLY-151
-73.0827,176.779,GLY-152
-65.6398,-0.994392,ILE-153
-162.673,137.91,ASN-154
-76.5543,128.229,ARG-155
-139.633,157.309,ARG-156
-81.0365,139.816,PRO-157
-116.335,112.784,ILE-158
-99.2454,139.999,LEU-159
-113.314,148.44,THR-160
-108.651,124.705,ILE-161
-109.01,118.317,ILE-162
-119.761,142.686,THR-163
-94.3694,123.753,LEU-164
-141.244,131.757,GLU-165
-56.7264,163.262,ASP-166
-44.9939,-43.7789,SER-167
-67.3614,-7.46108,SER-168
74.582,15.3643,GLY-169
-83.7675,115.989,ASN-170
-75.3618,116.187,LEU-171
-69.2899,-35.5928,LEU-172
-157.444,172.768,GLY-173
-164.387,139.463,ARG-174
-156.902,150.384,ASN-175
-139.159,153.563,SER-176
-158.71,161.868,PHE-177
-82.1815,137,GLU-178
-101.9,137.829,VAL-179
-129.617,113.877,ARG-180
-68.9599,146.911,VAL-181
-149.145,152.633,CYS-182
-81.479,-34.8786,ALA-183
-111.066,78.9627,CYS-184
-64.834,-18.9419,PRO-185
-86.423,-35.9091,GLY-186
-68.5705,-47.3536,ARG-187
-68.085,-34.3861,ASP-188
-63.069,-47.3809,ARG-189
-51.7614,-45.7963,ARG-190
-42.0101,-51.0893,THR-191
-86.6589,-41.0472,GLU-192
-75.5992,-28.203,GLU-193
-71.0302,-33.4438,GLU-194
-70.2479,-9.39695,ASN-195
-68.7614,155.383,LEU-196
-80.4646,-19.9952,ARG-197
-72.7542,164.392,LYS-198
-67.7092,172.701,LYS-199
-169.002,172.667,GLY-200
-64.8591,149.154,GLU-201
-72.9648,-178.669,PRO-202
-153.068,158.116,HIS-203
-40.6611,134.532,HIS-204
-63.0037,-34.5776,GLU-205
-78.9719,-48.3664,LEU-206
-65.7238,144.58,PRO-207
-79.5544,-162.54,PRO-208
-114.188,151.896,GLY-209
-89.2107,-106.065,SER-210
-137.258,155.051,THR-211
-84.9961,126.376,LYS-212
67.745,155.532,ARG-213
-69.2307,161.13,ALA-214
-65.3989,-38.5297,LEU-215
-66.2582,125.372,PRO-216
-71.1645,16.0515,ASN-217
-56.7949,145.216,ASN-218
-136.968,10.8504,SER-2
-43.1758,153.506,SER-3
-74.3927,132.173,VAL-4
-59.9394,149.257,PRO-5
-98.1565,165.238,SER-6
-106.11,3.22681,GLN-7
-59.1138,121.605,LYS-8
-83.3782,127.634,THR-9
-148.627,149.154,TYR-10
-95.3117,-23.4581,GLN-11
53.1538,-149.835,GLY-12
-78.3662,-20.79,SER-13
-84.4997,3.39975,TYR-14
54.8773,22.13,GLY-15
-66.6032,127.953,PHE-16
-168.928,176.758,ARG-17
-114.312,164.169,LEU-18
-124.447,142.44,GLY-19
-114.586,156.61,PHE-20
-53.6288,147.828,LEU-21
-89.2854,56.5471,HIS-22
-88.8003,-47.5961,SER-23
100.974,-129.778,GLY-24
-144.312,-17.2154,THR-25
-47.3287,155.03,ALA-26
-49.326,-25.6413,LYS-27
-72.3572,-17.4372,SER-28
-76.5026,124.331,VAL-29
-97.7463,-24.9028,THR-30
-154.128,146.305,CYS-31
-146.102,140.488,THR-32
-118.81,127.512,TYR-33
-104.779,101.765,SER-34
-60.6422,-26.5842,PRO-35
-83.9591,-17.452,ALA-36
-106.589,-19.802,LEU-37
64.2484,31.4052,ASN-38
-117.804,129.55,LYS-39
-102.202,111.522,MET-40
-75.9579,127.795,PHE-41
-129.046,141.979,CYS-42
-80.1338,135.717,GLN-43
-68.3842,131.023,LEU-44
73.3459,10.6278,ALA-45
-98.8734,152.944,LYS-46
-64.9911,123.069,THR-47
-116.155,99.5754,CYS-48
-71.1081,126.893,PRO-49
-132.995,140.955,VAL-50
-113.32,157.81,GLN-51
-117.882,120.709,LEU-52
-93.0221,120.151,TRP-53
-133.171,139.811,VAL-54
-66.0439,-25.4404,ASP-55
-153.471,-177.467,SER-56
-54.0329,138.553,THR-57
-95.1535,169.293,PRO-58
-63.6251,166.759,PRO-59
-72.0721,161.341,PRO-60
77.5734,-3.15373,GLY-61
-82.4375,136.878,THR-62
-108.934,156.089,ARG-63
-100.196,137.772,VAL-64
-130.51,140.362,ARG-65
-119.586,135.988,ALA-66
-115.667,174.756,MET-67
-164.699,116.792,ALA-68
-103.449,145.228,ILE-69
-92.8353,118.712,TYR-70
-132.004,162.448,LYS-71
-146.472,-178.737,GLN-72
-45.7418,-31.7085,SER-73
-148.36,-43.5067,GLN-74
-65.5806,117.417,HIS-75
-117.082,-20.916,MET-76
-115.945,104.658,THR-77
-176.814,159.538,GLU-78
-115.039,133.922,VAL-79
-63.8113,125.496,VAL-80
-149.496,147.02,ARG-81
-38.4671,142.772,ARG-82
-63.1059,158.152,CYS-83
-35.5864,-50.2277,PRO-84
-77.0934,-4.54551,HIS-85
-123.722,-14.6492,HIS-86
-82.6219,-3.4608,GLU-87
-130.498,-6.54086,ARG-88
-84.3057,166.766,CYS-89
-48.5787,-44.2932,SER-90
-60.5481,-18.1977,ASP-91
-105.06,10.2568,SER-92
-86.2135,162.083,ASP-93
108.984,-157.491,GLY-94
-50.1667,-58.289,LEU-95
-76.0616,150.139,ALA-96
-75.0506,146.405,PRO-97
-76.3537,-5.72165,PRO-98
-89.8761,-22.9761,GLN-99
-70.7256,116.348,HIS-100
-71.191,-50.0171,LEU-101
-84.954,136.117,ILE-102
-147.783,159.653,ARG-103
-126.934,141.176,VAL-104
-128.467,178.928,GLU-105
80.334,-23.9719,GLY-106
-97.6893,132.088,ASN-107
-87.7704,-41.6839,LEU-108
-75.2471,-13.3331,ARG-109
-42.7728,132.597,VAL-110
-152.702,162.615,GLU-111
-107.486,139.971,TYR-112
-141.525,159.201,LEU-113
-75.3369,177.442,ASP-114
-129.865,149.122,ASP-115
-70.6242,-32.5584,ARG-116
-80.7785,-35.735,ASN-117
-119.777,-28.9918,THR-118
66.2743,6.8232,PHE-119
-70.3946,103.981,ARG-120
-61.8999,122.673,HIS-121
-158.321,152.593,SER-122
-65.2457,136.32,VAL-123
-131.717,123.876,VAL-124
-108.791,148.568,VAL-125
-70.5822,137.877,PRO-126
-58.0065,155.848,TYR-127
-151.263,130.565,GLU-128
-47.0716,174.181,PRO-129
-47.9652,155.21,PRO-130
-76.5816,155.366,GLU-131
-51.4914,113.883,VAL-132
94.2397,-7.86433,GLY-133
-107.266,179.366,SER-134
-132.369,-4.17641,ASP-135
-135.227,135.832,CYS-136
-71.1835,152.48,THR-137
-117.28,126.097,THR-138
-102.28,120.171,ILE-139
-84.6938,71.5856,HIS-140
-68.2932,173.276,TYR-141
-150.861,161.25,ASN-142
-153.713,142.186,TYR-143
-144.523,117.075,MET-144
177.889,158.398,CYS-145
-64.556,149.938,ASN-146
-120.611,-20.5226,SER-147
-106.093,-25.1547,SER-148
-88.1493,-161.862,CYS-149
-89.015,-36.0011,MET-150
92.594,-123.73,GLY-151
-92.6029,-172.203,GLY-152
-67.4757,-17.0308,ILE-153
-156.786,135.906,ASN-154
-58.0937,118.536,ARG-155
-149.149,143.939,ARG-156
-68.9929,145.371,PRO-157
-104.749,154.27,ILE-158
-146.249,138.741,LEU-159
-88.1059,150.724,THR-160
-120.84,108.538,ILE-161
-95.883,130.224,ILE-162
-128.316,150.804,THR-163
-114.723,137.787,LEU-164
-164.527,149.069,GLU-165
-90.669,154.664,ASP-166
-51.2164,-27.1008,SER-167
-92.4635,13.3851,SER-168
94.7863,-14.0266,GLY-169
-74.1595,129.608,ASN-170
-79.2915,126.858,LEU-171
-69.0652,-28.7121,LEU-172
-174.115,144.869,GLY-173
-133.229,145.849,ARG-174
-150.485,131.602,ASN-175
-118.965,139.109,SER-176
-145.589,144.879,PHE-177
-74.5512,140.883,GLU-178
-110.383,158.196,VAL-179
-146.762,122.83,ARG-180
-71.3639,136.307,VAL-181
-136.237,145.959,CYS-182
-66.2295,-45.8389,ALA-183
-121.009,64.9435,CYS-184
-63.3435,-34.913,PRO-185
-71.0322,-29.5787,GLY-186
-72.4895,-54.4266,ARG-187
-63.8768,-27.9524,ASP-188
-53.8049,-66.6207,ARG-189
-48.5842,-37.9502,ARG-190
-56.7127,-55.0287,THR-191
-78.1726,-19.5877,GLU-192
-82.2602,-36.58,GLU-193
-69.2166,-11.2156,GLU-194
-88.3456,-10.4648,ASN-195
-64.2474,159.6,LEU-196
-89.6199,-18.1571,ARG-197
-77.8417,165.517,LYS-198
-73.8014,156.174,LYS-199
-124.144,-167.7,GLY-200
-85.6578,151.696,GLU-201
-78.7975,170.37,PRO-202
-137.07,170.988,HIS-203
-57.4304,137.136,HIS-204
-64.294,-27.5604,GLU-205
-78.671,-56.7224,LEU-206
-71.3427,124.208,PRO-207
-85.1241,146.456,PRO-208
-49.9529,143.516,GLY-209
-95.3517,-133.529,SER-210
-115.813,158.039,THR-211
-88.6159,119.998,LYS-212
88.8284,159.524,ARG-213
-61.8165,146.402,ALA-214
-47.0692,-45.5819,LEU-215
-86.9429,172.916,PRO-216
-70.7839,12.0839,ASN-217
-83.2266,129.458,ASN-218
-141.89,36.8782,SER-2
-60.6538,163.178,SER-3
-72.2688,132.164,VAL-4
-61.5444,152.809,PRO-5
-123.947,116.095,SER-6
-80.5997,-7.21338,GLN-7
-39.2017,109.113,LYS-8
-78.1302,121.917,THR-9
-145.189,146.233,TYR-10
-75.4035,-37.6914,GLN-11
62.9504,-163.315,GLY-12
-67.949,-17.8404,SER-13
-88.1362,-19.7316,TYR-14
75.4781,25.6454,GLY-15
-53.5818,133.403,PHE-16
-175.794,173.687,ARG-17
-121.507,140.161,LEU-18
-94.2598,84.8814,GLY-19
-64.3067,155.07,PHE-20
-63.9325,145.415,LEU-21
-102.779,61.4117,HIS-22
-104.132,-53.6848,SER-23
106.501,-136.116,GLY-24
-136.075,-3.77419,THR-25
-82.9086,171.302,ALA-26
-59.1852,-32.4515,LYS-27
-64.6328,-16.0682,SER-28
-74.3699,105.053,VAL-29
-88.2841,-30.2215,THR-30
-146.851,133.917,CYS-31
-121.164,155.104,THR-32
-119.729,132.639,TYR-33
-103.484,97.5477,SER-34
-58.0346,-27.0634,PRO-35
-68.6721,-52.4024,ALA-36
-72.3656,-18.8641,LEU-37
57.3173,34.1286,ASN-38
-116.571,141.579,LYS-39
-104.868,116.379,MET-40
-82.322,119.927,PHE-41
-114.156,133.909,CYS-42
-63.2693,128.927,GLN-43
-63.2639,141.258,LEU-44
62.8319,-14.3526,ALA-45
-65.161,160.348,LYS-46
-68.1121,129.359,THR-47
-121.311,91.772,CYS-48
-61.8615,141.07,PRO-49
-144.364,138.097,VAL-50
-108.538,157.698,GLN-51
-115.349,133.34,LEU-52
-109.041,132.982,TRP-53
-148.06,148.785,VAL-54
-74.2232,-19.1861,ASP-55
-179.535,155.706,SER-56
-82.5982,115.905,THR-57
-69.9019,160.049,PRO-58
-63.8512,163.942,PRO-59
-71.3879,153.579,PRO-60
89.1841,0.604295,GLY-61
-78.179,132.188,THR-62
-105.222,143.615,ARG-63
-93.1449,119.58,VAL-64
-108.844,152.505,ARG-65
-126.84,135.637,ALA-66
-134.016,154.391,MET-67
-165.75,110.926,ALA-68
-108.512,156.376,ILE-69
-121.346,131.516,TYR-70
-160.377,-178.755,LYS-71
-159.198,157.763,GLN-72
-53.7671,-7.5323,SER-73
-131.237,5.38318,GLN-74
-159.7,120.953,HIS-75
-105.345,-42.9423,MET-76
-95.0239,60.9431,THR-77
-114.371,163.905,GLU-78
-117.792,149.575,VAL-79
-72.2315,128.912,VAL-80
-151.255,149.892,ARG-81
-55.8149,159.763,ARG-82
-49.9655,147.321,CYS-83
-47.3355,-42.1257,PRO-84
-65.6235,-5.99446,HIS-85
-144.996,-12.9535,HIS-86
-72.0855,11.6945,GLU-87
-153.269,-13.7683,ARG-88
-56.3989,158.795,CYS-89
-67.9501,-23.9284,SER-90
-65.101,-17.8661,ASP-91
-111.202,-33.9506,SER-92
-72.9856,103.258,ASP-93
-136.057,-126.992,GLY-94
-60.4246,-58.0206,LEU-95
-63.4303,146.987,ALA-96
-63.2945,156.124,PRO-97
-86.5941,0.78859,PRO-98
-91.0981,-21.4676,GLN-99
-74.2366,126.869,HIS-100
-72.2219,-56.1676,LEU-101
-78.7129,127.93,ILE-102
-129.257,178.448,ARG-103
-143.676,147.924,VAL-104
-131.055,-176.859,GLU-105
87.7767,-53.7791,GLY-106
-74.7009,143.469,ASN-107
-100.871,17.7202,LEU-108
-132.09,24.2327,ARG-109
-61.7821,133.697,VAL-110
-154.604,167.267,GLU-111
-103.635,146.583,TYR-112
-153.105,160.307,LEU-113
-92.3778,140.799,ASP-114
-79.1001,116.564,ASP-115
-57.0369,-28.4813,ARG-116
-79.3644,-30.5636,ASN-117
-127.471,-4.18041,THR-118
58.2282,32.8617,PHE-119
-103.968,115.762,ARG-120
-55.6979,133.421,HIS-121
-166.545,150.777,SER-122
-70.2854,139.318,VAL-123
-127.609,141.717,VAL-124
-124.008,150.199,VAL-125
-79.1747,159.352,PRO-126
-76.8723,144.253,TYR-127
-133.724,156.887,GLU-128
-68.6528,177.069,PRO-129
-68.4484,175.026,PRO-130
-59.4138,158.941,GLU-131
-61.6974,101.273,VAL-132
97.8037,-5.56547,GLY-133
-69.1662,152.564,SER-134
-104.503,-13.2683,ASP-135
-133.679,136.481,CYS-136
-76.694,143.658,THR-137
-117.061,135.365,THR-138
-110.983,145.062,ILE-139
-121.363,81.5211,HIS-140
-65.7653,-177.373,TYR-141
-163.842,158.042,ASN-142
-131.607,146.95,TYR-143
-158.9,129.052,MET-144
-167.166,-173.441,CYS-145
-72.8901,159.256,ASN-146
-113.503,-11.6564,SER-147
-149.876,-1.21539,SER-148
-66.2945,168.346,CYS-149
-64.2847,-24.3293,MET-150
76.5759,-155.546,GLY-151
-56.783,164.716,GLY-152
-52.7067,-31.1534,ILE-153
-133.275,166.691,ASN-154
-84.667,125.161,ARG-155
-145.773,154.082,ARG-156
-89.26,162.717,PRO-157
-126.125,139.516,ILE-158
-131.171,118.1,LEU-159
-90.3742,159.57,THR-160
-128.775,118.809,ILE-161
-101.642,145.961,ILE-162
-134.164,164.356,THR-163
-118.283,134.681,LEU-164
-162.531,121.782,GLU-165
-66.8355,159.433,ASP-166
-67.1758,-25.3412,SER-167
-85.4211,1.39502,SER-168
84.7783,40.792,GLY-169
-109.615,126.814,ASN-170
-67.0447,116.905,LEU-171
-71.3057,-46.3155,LEU-172
-160.189,167.911,GLY-173
-160.2,155.363,ARG-174
-163.506,130.649,ASN-175
-125.716,159.445,SER-176
-169.483,168.127,PHE-177
-93.8224,143.172,GLU-178
-116.088,142.211,VAL-179
-138.678,118.845,ARG-180
-95.0779,129.237,VAL-181
-133.611,168.038,CYS-182
-89.1969,-54.8257,ALA-183
-106.038,89.1221,CYS-184
-71.9749,-29.0203,PRO-185
-77.4095,-43.9813,GLY-186
-53.1197,-50.1043,ARG-187
-73.1208,-28.4592,ASP-188
-55.2288,-62.935,ARG-189
-55.3029,-39.0373,ARG-190
-53.8657,-44.8879,THR-191
-78.0765,-38.2754,GLU-192
-86.0698,-22.7847,GLU-193
-70.8826,-20.3485,GLU-194
-73.4289,-1.16153,ASN-195
-91.8771,142.849,LEU-196
-73.0849,-22.5149,ARG-197
-64.438,154.429,LYS-198
-72.6537,156.461,LYS-199
-145.422,163.406,GLY-200
-63.7718,135.919,GLU-201
-72.943,175.674,PRO-202
-145.496,167.633,HIS-203
-50.6987,139.652,HIS-204
-64.5338,-29.6288,GLU-205
-88.6693,-40.312,LEU-206
-72.7319,149.47,PRO-207
-96.1098,178.849,PRO-208
-82.2208,153.36,GLY-209
-87.3092,-79.1356,SER-210
-163.404,160.511,THR-211
-80.2741,133.717,LYS-212
70.1497,165.591,ARG-213
-74.831,165.783,ALA-214
-85.1904,-19.684,LEU-215
-81.1936,153.569,PRO-216
-84.2369,-2.2016,ASN-217
-47.3046,118.331,ASN-218
-128.2,20.5936,SER-2
-54.2094,155.909,SER-3
-70.8861,129.534,VAL-4
-67.4041,155.448,PRO-5
-116.655,139.075,SER-6
-87.8197,-28.8197,GLN-7
-48.555,102.951,LYS-8
-58.384,141.632,THR-9
-157.731,153.367,TYR-10
-92.6684,-32.2847,GLN-11
56.6748,-165.665,GLY-12
-79.5329,-7.91424,SER-13
-110.518,1.05457,TYR-14
76.4338,27.9294,GLY-15
-69.2343,129.181,PHE-16
-154.741,166.5,ARG-17
-110.285,148.825,LEU-18
-130.647,147.356,GLY-19
-120.999,136.875,PHE-20
-75.7761,124.329,LEU-21
-74.7761,63.636,HIS-22
-61.0722,-52.0041,SER-23
104.112,-133.568,GLY-24
-131.89,-20.2938,THR-25
-58.545,159.09,ALA-26
-54.6366,-32.8734,LYS-27
-58.0568,-19.7612,SER-28
-67.4673,119.35,VAL-29
-86.8974,-40.3428,THR-30
-153.037,157.16,CYS-31
-161.239,134.17,THR-32
-117.082,127.382,TYR-33
-99.7837,116.094,SER-34
-66.4071,-40.9063,PRO-35
-80.1745,-5.99432,ALA-36
-113.087,-15.3426,LEU-37
55.604,36.3371,ASN-38
-119.667,136.046,LYS-39
-108.491,122.223,MET-40
-95.1767,127.838,PHE-41
-115.708,140.54,CYS-42
-78.34,141.915,GLN-43
-70.3414,143.125,LEU-44
77.3056,-23.6013,ALA-45
-79.5765,140.411,LYS-46
-53.4202,127.111,THR-47
-132.047,87.9203,CYS-48
-70.1342,132.002,PRO-49
-121.661,141.31,VAL-50
-102.022,125.043,GLN-51
-94.7787,113.315,LEU-52
-84.1335,146.508,TRP-53
-152.417,149.428,VAL-54
-73.8162,-42.3026,ASP-55
-155.047,155.689,SER-56
-60.7779,116.405,THR-57
-70.6308,172.71,PRO-58
-58.7947,159.677,PRO-59
-69.6157,127.639,PRO-60
95.2601,9.56995,GLY-61
-80.4308,113.613,THR-62
-107.719,167.444,ARG-63
-104.627,135.255,VAL-64
-121.384,145.666,ARG-65
-118.646,96.0582,ALA-66
-101.034,139.731,MET-67
-140.165,99.4318,ALA-68
-85.444,164.106,ILE-69
-130.764,147.424,TYR-70
-160.546,165.033,LYS-71
-129.319,-171.632,GLN-72
-38.9443,-57.3811,SER-73
-122.022,21.2449,GLN-74
-144.004,127.734,HIS-75
-129.1,-7.49712,MET-76
-127.285,82.7033,THR-77
-162.873,154.254,GLU-78
-100.257,161.127,VAL-79
-63.1661,87.5171,VAL-80
-94.2702,163.459,ARG-81
-63.1989,159.253,ARG-82
-45.427,142.362,CYS-83
-42.5484,-33.9655,PRO-84
-83.8617,-5.55079,HIS-85
-121.281,-7.61876,HIS-86
-87.2368,5.5393,GLU-87
-142.752,-14.2998,ARG-88
-79.7866,163.322,CYS-89
-66.4385,-20.06,SER-90
-65.1407,-0.553211,ASP-91
-136.792,-11.1255,SER-92
-97.1607,159.368,ASP-93
151.004,-121.154,GLY-94
-60.0289,-45.3406,LEU-95
-84.3506,148.622,ALA-96
-74.6137,153.711,PRO-97
-71.0584,-20.9724,PRO-98
-56.4168,-62.4792,GLN-99
-55.489,127.138,HIS-100
-90.2103,-30.3208,LEU-101
-88.9091,137.947,ILE-102
-150.28,158.021,ARG-103
-127.206,147.853,VAL-104
-150.357,175.351,GLU-105
86.3584,-56.9873,GLY-106
-61.6106,125.847,ASN-107
-72.5898,-49.8905,LEU-108
-71.1022,31.0172,ARG-109
-76.2915,128.088,VAL-110
-146.38,153.898,GLU-111
-84.7228,152.978,TYR-112
-161.532,157.81,LEU-113
-94.4729,145.609,ASP-114
-76.6453,138.627,ASP-115
-61.8256,-41.2386,ARG-116
-85.5116,-24.8308,ASN-117
-119.787,-14.9119,THR-118
76.3303,8.47301,PHE-119
-75.8042,106.06,ARG-120
-63.787,133.392,HIS-121
-156.977,153.394,SER-122
-66.9286,129.326,VAL-123
-129.565,134.005,VAL-124
-126.397,149.808,VAL-125
-56.819,137.007,PRO-126
-70.1193,145.62,TYR-127
-138.416,154.038,GLU-128
-63.7702,173.783,PRO-129
-62.0068,158.889,PRO-130
-87.117,144.305,GLU-131
-64.9877,132.366,VAL-132
99.2777,-22.2388,GLY-133
-84.2423,166.414,SER-134
-100.235,-16.1226,ASP-135
-172.105,137.917,CYS-136
-75.4261,150.064,THR-137
-120.065,123.974,THR-138
-102.065,130.979,ILE-139
-105.566,109.932,HIS-140
-95.639,178.901,TYR-141
-155.406,174.423,ASN-142
-161.173,143.574,TYR-143
-145.269,116.134,MET-144
-173.406,173.799,CYS-145
-88.3832,146.752,ASN-146
-105.868,-18.2345,SER-147
-106.555,-12.6145,SER-148
-54.1369,156.642,CYS-149
-78.2119,-34.9863,MET-150
85.0301,-152.679,GLY-151
-76.1127,-155.276,GLY-152
-66.7217,-23.5686,ILE-153
-146.288,140.316,ASN-154
-69.9492,117.362,ARG-155
-134.029,162.471,ARG-156
-105.247,161.186,PRO-157
-130.5,126.057,ILE-158
-105.406,149.224,LEU-159
-113.081,145.494,THR-160
-105.899,116.319,ILE-161
-114.22,128.37,ILE-162
-131.266,159.334,THR-163
-117.609,133.899,LEU-164
-155.895,141.729,GLU-165
-73.7857,166.148,ASP-166
-68.3436,-25.2322,SER-167
-68.196,-6.8125,SER-168
86.7159,-0.682436,GLY-169
-69.4069,127.912,ASN-170
-79.8542,115.815,LEU-171
-73.9392,-34.7105,LEU-172
-159.225,162.338,GLY-173
-148.58,130.621,ARG-174
-135.382,150.669,ASN-175
-139.768,129.538,SER-176
-137.628,156.259,PHE-177
-77.0426,129.294,GLU-178
-90.7551,156.693,VAL-179
-143.716,123.013,ARG-180
-84.8569,132.306,VAL-181
-143.643,161.194,CYS-182
-96.9112,-15.9556,ALA-183
-133.038,76.152,CYS-184
-63.2174,-40.229,PRO-185
-73.7587,-34.7888,GLY-186
-59.521,-48.4214,ARG-187
-83.9869,-35.3981,ASP-188
-49.4715,-69.5381,ARG-189
-52.2057,-28.2514,ARG-190
-72.0254,-50.9452,THR-191
-79.3337,-17.0143,GLU-192
-102.145,-29.5072,GLU-193
-55.783,-30.2086,GLU-194
-68.453,-18.402,ASN-195
-74.2441,157.503,LEU-196
-69.5268,-38.3438,ARG-197
-67.04,163.358,LYS-198
-74.7896,171.454,LYS-199
-159.344,149.699,GLY-200
-64.2984,144.341,GLU-201
-74.2359,169.032,PRO-202
-140.887,177.214,HIS-203
-58.4065,129.746,HIS-204
-63.8486,-38.2292,GLU-205
-94.4507,-37.4432,LEU-206
-67.1909,154.964,PRO-207
-100.482,158.461,PRO-208
-74.9968,-153.221,GLY-209
-124.489,-153.619,SER-210
-115.434,162.283,THR-211
-83.5064,134.097,LYS-212
66.8152,163.063,ARG-213
-78.908,-179.874,ALA-214
-92.7171,-29.2976,LEU-215
-60.828,132.254,PRO-216
-68.873,5.54051,ASN-217
-62.4261,112.923,ASN-218
-114.538,58.4884,SER-2
-83.6378,169.094,SER-3
-83.5288,125.065,VAL-4
-47.7923,137.111,PRO-5
-88.6619,155.565,SER-6
-115.628,-29.8378,GLN-7
-45.8469,113.736,LYS-8
-55.976,132.88,THR-9
-153.393,146.488,TYR-10
-91.6484,-36.4355,GLN-11
73.2721,-160.908,GLY-12
-72.4958,-31.1421,SER-13
-81.3848,-0.837114,TYR-14
65.4275,9.46874,GLY-15
-50.6318,136.702,PHE-16
-168.183,171.098,ARG-17
-106.971,125.973,LEU-18
-102.727,150.446,GLY-19
-133.819,134.337,PHE-20
-70.2877,145.682,LEU-21
-78.0087,53.5354,HIS-22
-75.5693,-21.289,SER-23
100.843,-146.059,GLY-24
-125.64,1.91854,THR-25
-66.0413,163.11,ALA-26
-59.2041,-26.9523,LYS-27
-76.0337,2.57251,SER-28
-81.0038,117.028,VAL-29
-94.5285,-42.5613,THR-30
-135.609,150.29,CYS-31
-148.932,140.261,THR-32
-116.86,139.24,TYR-33
-111.715,101.362,SER-34
-43.6079,-50.5169,PRO-35
-67.0874,-2.8162,ALA-36
-123.736,-15.1757,LEU-37
53.812,33.9853,ASN-38
-113.451,136.988,LYS-39
-112.417,110.903,MET-40
-85.2938,124.901,PHE-41
-122.725,157.402,CYS-42
-101.266,142.057,GLN-43
-66.2852,137.084,LEU-44
59.3133,30.7845,ALA-45
-114.432,145.403,LYS-46
-50.8228,121.185,THR-47
-122.394,101.244,CYS-48
-64.7746,115.686,PRO-49
-111.948,136.449,VAL-50
-102.179,145.193,GLN-51
-122.059,114.45,LEU-52
-89.5954,137.184,TRP-53
-148.285,148.965,VAL-54
-70.317,-33.1264,ASP-55
-150.747,167.797,SER-56
-61.8878,118.774,THR-57
-64.8549,147.643,PRO-58
-60.7865,161.677,PRO-59
-48.2212,148.995,PRO-60
71.0239,-4.21988,GLY-61
-70.0913,142.081,THR-62
-135.449,151.081,ARG-63
-83.18,147.384,VAL-64
-125.774,139.082,ARG-65
-113.966,129.902,ALA-66
-135.329,160.838,MET-67
-166.058,106.714,ALA-68
-96.1357,160.944,ILE-69
-125.614,131.481,TYR-70
-146.836,164.225,LYS-71
-139.636,-151.419,GLN-72
-82.0354,-6.21999,SER-73
-163.921,-10.9595,GLN-74
-96.0609,124.876,HIS-75
-130.683,-25.2622,MET-76
-98.0216,73.3075,THR-77
-162.431,148.979,GLU-78
-102.116,162.382,VAL-79
-66.7417,122.332,VAL-80
-127.34,152.61,ARG-81
-52.171,163.175,ARG-82
-54.0203,156.963,CYS-83
-53.2288,-48.3307,PRO-84
-55.5838,-14.0762,HIS-85
-130.908,14.071,HIS-86
-96.1636,4.27541,GLU-87
-146.706,-24.0576,ARG-88
-59.1333,156.925,CYS-89
-54.4234,-32.3432,SER-90
-58.0394,-21.9705,ASP-91
-114.059,-5.14445,SER-92
-88.9413,139.692,ASP-93
154.81,-139.349,GLY-94
-57.2954,-59.8987,LEU-95
-73.9088,143.285,ALA-96
-70.1445,149.147,PRO-97
-68.956,-6.6018,PRO-98
-75.5024,-25.4083,GLN-99
-84.1803,120.013,HIS-100
-75.3277,-34.1178,LEU-101
-89.4186,140.445,ILE-102
-150.849,174.403,ARG-103
-130.808,152.428,VAL-104
-144.134,162.646,GLU-105
92.8747,-30.0258,GLY-106
-72.4147,121.444,ASN-107
-78.5593,-7.52678,LEU-108
-136.678,52.0582,ARG-109
-83.6739,141.711,VAL-110
-149.617,160.706,GLU-111
-95.2311,171.929,TYR-112
-161.259,144.933,LEU-113
-65.0155,120.688,ASP-114
-60.1151,132.453,ASP-115
-56.004,-32.3042,ARG-116
-98.6576,-17.3465,ASN-117
-118.735,-21.1247,THR-118
66.0158,21.1554,PHE-119
-89.0037,143.034,ARG-120
-86.5322,132.844,HIS-121
-161.014,155.068,SER-122
-84.4704,118.721,VAL-123
-99.1342,121.676,VAL-124
-113.1,153.267,VAL-125
-60.3694,153.823,PRO-126
-90.5959,131.594,TYR-127
-126.319,140.621,GLU-128
-50.2123,156.012,PRO-129
-55.4802,167.696,PRO-130
-66.3606,147.844,GLU-131
-47.8559,131.108,VAL-132
77.0514,4.45075,GLY-133
-99.054,139.426,SER-134
-86.5777,-26.1266,ASP-135
-116.346,144.171,CYS-136
-78.0704,146.284,THR-137
-109.86,124.708,THR-138
-106.662,128.043,ILE-139
-89.3445,107.7,HIS-140
-73.0431,173.276,TYR-141
-156.648,131.028,ASN-142
-127.212,168.825,TYR-143
-167.095,107.463,MET-144
-158.088,-174.323,CYS-145
-87.6182,152.979,ASN-146
-144.466,18.1313,SER-147
-120.924,-30.5843,SER-148
-75.5989,179.904,CYS-149
-86.6474,-34.0611,MET-150
88.1655,-136.127,GLY-151
-61.7388,-176.126,GLY-152
-72.3466,-9.68225,ILE-153
-169.179,141.023,ASN-154
-58.1653,129.655,ARG-155
-153.47,145.612,ARG-156
-81.397,169.022,PRO-157
-116.552,141.889,ILE-158
-126.999,131.347,LEU-159
-85.0214,143.974,THR-160
-113.992,106.967,ILE-161
-111.954,133.029,ILE-162
-140.042,141.538,THR-163
-90.9239,132.276,LEU-164
-162.297,142.172,GLU-165
-70.1083,164.408,ASP-166
-62.0492,-25.3063,SER-167
-86.2715,7.09961,SER-168
89.3169,-21.5148,GLY-169
-53.8321,120.934,ASN-170
-51.9423,124.768,LEU-171
-112.32,-4.96129,LEU-172
160.183,163.241,GLY-173
-157.536,139.788,ARG-174
-145.701,131.7,ASN-175
-129.459,122.559,SER-176
-132.771,172.168,PHE-177
-80.1602,113.418,GLU-178
-85.6447,144.045,VAL-179
-130.196,134.006,ARG-180
-93.4342,143.1,VAL-181
-139.2,165.704,CYS-182
-73.8023,-34.2502,ALA-183
-133.837,66.1789,CYS-184
-60.2231,-19.9595,PRO-185
-85.9299,-27.5572,GLY-186
-64.5123,-53.3237,ARG-187
-75.6155,-25.4588,ASP-188
-59.3915,-55.8316,ARG-189
-63.9281,-26.1389,ARG-190
-71.1695,-21.5016,THR-191
-80.5727,-47.0083,GLU-192
-75.0505,-24.6017,GLU-193
-65.8481,-33.8258,GLU-194
-63.9582,-5.19298,ASN-195
-91.8986,-174.731,LEU-196
-120.186,-10.3415,ARG-197
-71.5048,165.375,LYS-198
-65.226,165.555,LYS-199
-113.513,161.089,GLY-200
-65.1009,154.14,GLU-201
-79.6458,174.465,PRO-202
-159.634,164.762,HIS-203
-62.4493,126.946,HIS-204
-67.4125,-30.1652,GLU-205
-84.5045,-67.9327,LEU-206
-61.6248,162.618,PRO-207
-91.3439,177.391,PRO-208
-77.3259,-139.204,GLY-209
-168.793,-121.313,SER-210
-119.601,162.425,THR-211
-87.1447,144.88,LYS-212
79.9401,153.742,ARG-213
-68.6338,153.898,ALA-214
-75.6258,-39.5539,LEU-215
-59.4525,162.365,PRO-216
-94.3773,7.1062,ASN-217
-53.652,132.874,ASN-218
-126.856,48.3427,SER-2
-68.5584,160.425,SER-3
-71.8086,130.231,VAL-4
-59.5571,157.022,PRO-5
-118.338,152.952,SER-6
-108.889,-30.2055,GLN-7
-28.1614,118.302,LYS-8
-81.0614,133.368,THR-9
-166.747,134.216,TYR-10
-74.9253,-35.8027,GLN-11
83.233,-168.591,GLY-12
-58.5893,-2.74206,SER-13
-121.51,-28.0385,TYR-14
95.208,20.6531,GLY-15
-57.8609,99.0058,PHE-16
-149.663,138.227,ARG-17
-58.2108,132.462,LEU-18
-102.997,112.865,GLY-19
-84.533,155.283,PHE-20
-64.6031,139.9,LEU-21
-85.1282,48.0899,HIS-22
-52.6558,-26.6575,SER-23
71.4914,-148.56,GLY-24
-140.368,-5.31408,THR-25
-69.7231,174.57,ALA-26
-55.1342,-41.1447,LYS-27
-69.2207,-16.3395,SER-28
-53.8432,124.821,VAL-29
-105.744,-19.0074,THR-30
-158.632,151.077,CYS-31
-165.353,137.927,THR-32
-134.8,127.054,TYR-33
-103.038,110.018,SER-34
-66.2751,-28.2062,PRO-35
-81.3283,-14.1201,ALA-36
-103.072,-9.46565,LEU-37
46.2222,52.5259,ASN-38
-131.214,139.531,LYS-39
-106.715,138.217,MET-40
-117.361,98.6729,PHE-41
-102.528,130.591,CYS-42
-69.0017,118.895,GLN-43
-52.1818,137.892,LEU-44
75.9679,-16.3551,ALA-45
-77.108,157.464,LYS-46
-75.3879,128.112,THR-47
-113.357,103.548,CYS-48
-70.8202,137.832,PRO-49
-126.875,134.067,VAL-50
-98.9644,171.127,GLN-51
-144.468,109.101,LEU-52
-80.0744,140.815,TRP-53
-134.852,124.82,VAL-54
-68.0931,-39.5335,ASP-55
-115.189,-105.104,SER-56
-170.58,138.519,THR-57
-88.9065,154.103,PRO-58
-50.6458,160.325,PRO-59
-60.9599,144.548,PRO-60
88.2254,-0.510731,GLY-61
-86.5882,136.951,THR-62
-126.922,159.517,ARG-63
-91.9653,128.147,VAL-64
-107.731,144.504,ARG-65
-130.752,144.325,ALA-66
-136.42,164.483,MET-67
-156.214,101.75,ALA-68
-79.3167,145.696,ILE-69
-83.1444,152.531,TYR-70
-157.538,158.179,LYS-71
-131.576,-170.905,GLN-72
-69.3914,-4.83373,SER-73
-157.048,-32.1208,GLN-74
-84.4948,130.992,HIS-75
-134.174,-21.0106,MET-76
-75.9212,66.7625,THR-77
-155.145,152.418,GLU-78
-110.42,152.717,VAL-79
-78.0406,121.939,VAL-80
-138.068,173.93,ARG-81
-62.3144,153.951,ARG-82
-63.4128,147.324,CYS-83
-40.6367,-40.8975,PRO-84
-78.2188,-17.5137,HIS-85
-102.223,-16.3385,HIS-86
-90.4323,15.6221,GLU-87
-137.188,-28.1189,ARG-88
-71.2208,165.043,CYS-89
-80.4472,-9.0315,SER-90
-81.7815,-17.8885,ASP-91
-93.6001,-54.1479,SER-92
-44.3893,128.516,ASP-93
-153.876,-148.747,GLY-94
-62.8203,-52.616,LEU-95
-69.2815,129.705,ALA-96
-52.1104,150.87,PRO-97
-70.1697,-12.77,PRO-98
-73.5134,-24.416,GLN-99
-77.2713,124.556,HIS-100
-78.4358,-39.2963,LEU-101
-94.7996,111.583,ILE-102
-122.261,153.954,ARG-103
-116.404,154.048,VAL-104
-131.124,174.849,GLU-105
68.3121,-22.6501,GLY-106
-75.1012,138.24,ASN-107
-101.906,13.385,LEU-108
-140.801,25.2464,ARG-109
-65.7265,119.151,VAL-110
-139.632,154.486,GLU-111
-107.254,151.06,TYR-112
-163.297,149.3,LEU-113
-68.1837,146.145,ASP-114
-95.6002,122.366,ASP-115
-63.0512,-39.1506,ARG-116
-79.0611,-39.6771,ASN-117
-112.15,-16.4195,THR-118
73.2455,17.4507,PHE-119
-86.7463,118.463,ARG-120
-68.0164,105.885,HIS-121
-148.007,162.873,SER-122
-75.4654,148.64,VAL-123
-133.206,132.368,VAL-124
-127.242,135.696,VAL-125
-63.6853,147.977,PRO-126
-76.0163,145.126,TYR-127
-143.548,156.131,GLU-128
-65.9052,174.167,PRO-129
-60.7753,158.881,PRO-130
-66.3962,144.958,GLU-131
-50.6812,139.549,VAL-132
84.3726,-12.0166,GLY-133
-98.761,174.466,SER-134
-130.534,2.28096,ASP-135
-137.383,145.945,CYS-136
-81.1779,179.466,THR-137
-145.14,151.86,THR-138
-123.709,146.377,ILE-139
-116.571,131.14,HIS-140
-119.568,160.168,TYR-141
-152.579,140.941,ASN-142
-141.036,143.958,TYR-143
-136.008,121.986,MET-144
-175.574,172.096,CYS-145
-94.7806,151.039,ASN-146
-119.743,-17.2504,SER-147
-95.2917,-21.6841,SER-148
-62.7436,134.133,CYS-149
-51.6286,-33.1973,MET-150
108.595,-143.461,GLY-151
-65.8572,-144.19,GLY-152
-58.2742,-39.5803,ILE-153
-146.698,169.694,ASN-154
-64.683,119.286,ARG-155
-135.103,151.717,ARG-156
-78.657,149.126,PRO-157
-139.673,141.922,ILE-158
-129.947,148.394,LEU-159
-111.766,143.471,THR-160
-117.989,108.561,ILE-161
-96.9033,118.839,ILE-162
-124.904,134.19,THR-163
-82.2215,112.214,LEU-164
-143.792,131.216,GLU-165
-60.3519,153.026,ASP-166
-34.5402,-43.5334,SER-167
-82.218,6.19669,SER-168
89.5105,-12.8382,GLY-169
-39.4486,117.005,ASN-170
-81.6974,103.643,LEU-171
-82.7118,-31.2304,LEU-172
-169.472,156.517,GLY-173
-150.125,153.677,ARG-174
-150.585,137.743,ASN-175
-138.74,151.076,SER-176
-155.413,171.491,PHE-177
-97.3274,143.757,GLU-178
-117.459,116.239,VAL-179
-120.328,99.878,ARG-180
-66.3473,144.635,VAL-181
-154.189,171.368,CYS-182
-81.9679,-39.5186,ALA-183
-119.125,84.058,CYS-184
-70.1523,-43.2729,PRO-185
-63.2794,-53.6012,GLY-186
-58.1737,-50.6749,ARG-187
-81.4935,-19.2133,ASP-188
-65.9953,-56.6179,ARG-189
-61.0926,-43.8991,ARG-190
-52.8014,-48.3055,THR-191
-93.9858,-18.7837,GLU-192
-73.6726,-33.6256,GLU-193
-75.0597,-14.5173,GLU-194
-72.2899,-16.6035,ASN-195
-86.1913,165.145,LEU-196
-85.6865,-29.5631,ARG-197
-62.1402,149.952,LYS-198
-81.7871,164.238,LYS-199
-127.547,-175.516,GLY-200
-78.3112,134.094,GLU-201
-70.442,170.517,PRO-202
-164.071,166.126,HIS-203
-56.481,116.347,HIS-204
-40.5136,-55.9111,GLU-205
-77.4872,-47.0142,LEU-206
-71.6685,152.069,PRO-207
-82.0527,158.087,PRO-208
-70.8464,-137.171,GLY-209
-164.626,179.845,SER-210
-85.509,157.538,THR-211
-88.9936,144.007,LYS-212
91.2924,158.16,ARG-213
-70.4316,173.56,ALA-214
-96.0709,-33.3799,LEU-215
-54.6356,139.479,PRO-216
-68.8325,7.52705,ASN-217
-53.3983,142.432,ASN-218
-122.968,39.3355,SER-2
-68.8811,171.805,SER-3
-83.396,147.837,VAL-4
-63.9631,139.235,PRO-5
-95.0621,170.798,SER-6
-119.856,-33.5133,GLN-7
-34.394,113.893,LYS-8
-78.2205,144.328,THR-9
-159.908,140.004,TYR-10
-77.5593,-3.18836,GLN-11
73.3715,-149.861,GLY-12
-89.4193,-5.75932,SER-13
-95.9591,-26.0295,TYR-14
85.25,36.7766,GLY-15
-83.0215,126.884,PHE-16
-148.558,-165.93,ARG-17
-118.296,147.348,LEU-18
-113.256,79.4809,GLY-19
-59.854,153.327,PHE-20
-69.2219,144.51,LEU-21
-89.9421,74.495,HIS-22
-102.682,-12.3423,SER-23
76.4829,-114.975,GLY-24
-147.635,-12.4925,THR-25
-61.2295,151.268,ALA-26
-42.3213,-28.5369,LYS-27
-92.0069,-0.914978,SER-28
-70.5739,134.031,VAL-29
-98.666,-35.446,THR-30
-147.021,141.583,CYS-31
-154.814,153.857,THR-32
-141.621,136.119,TYR-33
-104.416,113.732,SER-34
-53.5147,-27.3107,PRO-35
-85.8861,11.7421,ALA-36
-129.294,-15.6289,LEU-37
53.5963,24.9929,ASN-38
-113.855,130.473,LYS-39
-103.681,129.774,MET-40
-101.845,117.36,PHE-41
-116.189,116.365,CYS-42
-77.5434,118.443,GLN-43
-48.571,140.152,LEU-44
72.8568,-13.5009,ALA-45
-109.663,153.589,LYS-46
-60.6361,131.195,THR-47
-123.961,88.3661,CYS-48
-64.0818,132.744,PRO-49
-137.122,132.041,VAL-50
-72.8006,142.657,GLN-51
-107.186,111.529,LEU-52
-107.912,142.863,TRP-53
-157.969,122.881,VAL-54
-55.6619,-26.5507,ASP-55
-115.226,-93.3887,SER-56
174.626,132.503,THR-57
-82.7691,159.237,PRO-58
-79.0444,157.437,PRO-59
-60.9584,135.442,PRO-60
98.8078,11.7399,GLY-61
-79.1438,138.266,THR-62
-132.407,147.592,ARG-63
-86.3932,130.362,VAL-64
-111.032,148.864,ARG-65
-133.596,132.984,ALA-66
-146.29,167.11,MET-67
-161.522,107.173,ALA-68
-77.0994,161.53,ILE-69
-110.007,141.653,TYR-70
-155.121,160.851,LYS-71
-146.716,-179.779,GLN-72
-31.5063,-37.7726,SER-73
-152.387,-18.797,GLN-74
-83.6536,133.163,HIS-75
-137.46,-27.2549,MET-76
-78.4125,64.1898,THR-77
-165.858,157.239,GLU-78
-116.862,158.199,VAL-79
-80.3996,125.774,VAL-80
-141.028,165.144,ARG-81
-64.0207,167.84,ARG-82
-62.5324,157.962,CYS-83
-47.2485,-56.293,PRO-84
-67.5964,-7.63693,HIS-85
-128.066,-6.6592,HIS-86
-74.6672,8.61953,GLU-87
-149.426,-26.7971,ARG-88
-70.9654,165.913,CYS-89
-61.8216,-7.91426,SER-90
-83.3926,-14.1089,ASP-91
-98.7631,-9.27329,SER-92
-91.0576,123.291,ASP-93
-174.911,-137.486,GLY-94
-60.868,-48.0113,LEU-95
-68.4765,122.889,ALA-96
-72.4018,153.383,PRO-97
-74.3994,-11.0634,PRO-98
-77.816,-36.221,GLN-99
-68.7359,142.507,HIS-100
-83.7673,-58.9878,LEU-101
-80.7194,109.756,ILE-102
-119.716,164.088,ARG-103
-136.289,127.072,VAL-104
-117.019,-163.34,GLU-105
87.4326,-54.3675,GLY-106
-87.0111,137.996,ASN-107
-74.5054,-26.77,LEU-108
-101.699,20.4894,ARG-109
-65.51,148.887,VAL-110
-177.494,148.857,GLU-111
-102.483,150.777,TYR-112
-146.411,169.611,LEU-113
-67.6039,146.16,ASP-114
-85.8481,135.209,ASP-115
-70.9016,-28.3504,ARG-116
-80.3869,-40.5024,ASN-117
-122.234,-13.0239,THR-118
73.074,-0.489809,PHE-119
-60.2231,111.041,ARG-120
-73.7896,116.963,HIS-121
-158.06,152.948,SER-122
-83.7609,146.574,VAL-123
-132.178,143.645,VAL-124
-139.248,140.111,VAL-125
-76.2199,161.992,PRO-126
-81.5261,145.249,TYR-127
-151.889,138.154,GLU-128
-52.0696,168.748,PRO-129
-63.0673,157.991,PRO-130
-69.9648,158.402,GLU-131
-68.4744,139.407,VAL-132
64.359,12.582,GLY-133
-106.171,149.667,SER-134
-85.5588,-32.9273,ASP-135
-134.221,160.844,CYS-136
-79.9509,134.655,THR-137
-81.1994,136.778,THR-138
-105.777,143.938,ILE-139
-122.295,106.157,HIS-140
-89.4741,163.536,TYR-141
-153.742,153.25,ASN-142
-132.237,167.949,TYR-143
-160.938,118.616,MET-144
-169.235,-177.793,CYS-145
-90.9687,157.527,ASN-146
-132.361,-8.39794,SER-147
-84.935,-30.0842,SER-148
-77.063,144.371,CYS-149
-52.9305,-31.6332,MET-150
94.973,-150.551,GLY-151
-74.5299,-158.186,GLY-152
-57.0128,-31.7269,ILE-153
-152.827,158.604,ASN-154
-66.2301,139.526,ARG-155
-147.543,168.395,ARG-156
-77.523,144.784,PRO-157
-131.622,131.988,ILE-158
-126.898,150.483,LEU-159
-103.803,159.404,THR-160
-124.372,119.872,ILE-161
-100.873,143.91,ILE-162
-134.504,140.796,THR-163
-109.463,119.275,LEU-164
-145.915,146.39,GLU-165
-70.4263,159.749,ASP-166
-71.0228,-14.1215,SER-167
-84.1141,15.7623,SER-168
85.2202,-5.05264,GLY-169
-66.6726,121.41,ASN-170
-75.7358,125.537,LEU-171
-100.896,-43.5414,LEU-172
-153.547,176.582,GLY-173
-149.242,154.296,ARG-174
-160.015,132.812,ASN-175
-152.624,127.816,SER-176
-160.57,160.029,PHE-177
-92.0445,142.814,GLU-178
-110.362,146.822,VAL-179
-134.7,124.781,ARG-180
-90.1638,148.228,VAL-181
-151.859,165.497,CYS-182
-74.7116,-41.4591,ALA-183
-126.802,89.1488,CYS-184
-85.5739,-17.4078,PRO-185
-75.7596,-44.6725,GLY-186
-63.3918,-51.2553,ARG-187
-76.6237,-33.9508,ASP-188
-49.2889,-56.3017,ARG-189
-60.5122,-43.9606,ARG-190
-50.1646,-35.9231,THR-191
-110.109,-28.2592,GLU-192
-81.1949,-26.1729,GLU-193
-65.4496,-40.162,GLU-194
-67.3132,-0.269229,ASN-195
-91.5663,166.525,LEU-196
-78.4523,-31.9939,ARG-197
-66.5101,168.144,LYS-198
-67.1994,153.608,LYS-199
-137.642,165.373,GLY-200
-68.9326,148.59,GLU-201
-94.8786,148.569,PRO-202
-97.6193,-168.584,HIS-203
-90.4547,146.823,HIS-204
-59.2429,-46.9529,GLU-205
-76.5185,-43.0084,LEU-206
-68.4805,142.055,PRO-207
-85.4903,-178.048,PRO-208
-82.5368,-164.031,GLY-209
-153.173,-173.654,SER-210
-84.844,138.963,THR-211
-75.9902,148.372,LYS-212
79.3828,157.86,ARG-213
-77.0099,158.39,ALA-214
-73.9169,-41.4428,LEU-215
-67.0315,154.633,PRO-216
-90.4318,8.86548,ASN-217
-48.8298,128.113,ASN-218
-136.667,51.0172,SER-2
-74.3641,173.623,SER-3
-87.373,139.403,VAL-4
-63.1242,135.002,PRO-5
-76.5483,154.371,SER-6
-100.227,3.58887,GLN-7
-62.2572,110.843,LYS-8
-64.7803,126.568,THR-9
-147.861,145.087,TYR-10
-75.9197,-13.8911,GLN-11
55.952,-158.636,GLY-12
-79.937,-16.2246,SER-13
-91.2956,-13.9355,TYR-14
73.68,29.992,GLY-15
-64.43,121.442,PHE-16
-146.141,-169.293,ARG-17
-127.151,147.93,LEU-18
-110.865,114.095,GLY-19
-92.1264,130.634,PHE-20
-59.3292,136.657,LEU-21
-79.2042,56.8594,HIS-22
-86.5428,-32.6959,SER-23
88.193,-130.964,GLY-24
-133.247,-0.319167,THR-25
-61.4366,167.766,ALA-26
-26.821,-72.9426,LYS-27
-74.0813,4.42503,SER-28
-55.8523,128.081,VAL-29
-88.5033,-35.7094,THR-30
-162.588,151.626,CYS-31
-168.905,145.894,THR-32
-140.314,129.688,TYR-33
-96.2885,111.189,SER-34
-67.4117,-25.5487,PRO-35
-75.8886,-16.0848,ALA-36
-100.364,-20.835,LEU-37
58.4747,31.338,ASN-38
-120.82,123.315,LYS-39
-87.0709,138.458,MET-40
-106.055,130.692,PHE-41
-123.817,117.321,CYS-42
-69.1832,122.255,GLN-43
-42.3611,133.029,LEU-44
52.6061,5.62028,ALA-45
-91.1952,152.731,LYS-46
-62.811,123.712,THR-47
-115.59,109.114,CYS-48
-85.4127,138.917,PRO-49
-110.612,144.07,VAL-50
-83.0766,128.165,GLN-51
-88.531,95.9263,LEU-52
-97.2671,134.252,TRP-53
-148.859,137.659,VAL-54
-78.1977,-41.1409,ASP-55
-98.255,-117.648,SER-56
-149.664,148.711,THR-57
-81.4236,153.678,PRO-58
-73.7942,168.886,PRO-59
-58.951,150.967,PRO-60
85.4444,6.03294,GLY-61
-93.4309,138.172,THR-62
-130.437,160.357,ARG-63
-114.623,126.956,VAL-64
-120.203,131.364,ARG-65
-108.214,150.239,ALA-66
-146.685,170.279,MET-67
-157.093,108.505,ALA-68
-86.4555,153.287,ILE-69
-113.668,122.274,TYR-70
-128.937,174.067,LYS-71
-157.343,-172.984,GLN-72
-58.0711,8.34387,SER-73
176.181,-34.3919,GLN-74
-107.011,127.334,HIS-75
-129.332,-3.93239,MET-76
-106.404,66.4615,THR-77
-156.725,166.459,GLU-78
-134.149,156.238,VAL-79
-73.9233,121.92,VAL-80
-134.093,175.544,ARG-81
-67.4678,-175.177,ARG-82
-61.6555,158.89,CYS-83
-65.6874,-38.8669,PRO-84
-69.3072,-22.5844,HIS-85
-96.8927,-28.0575,HIS-86
-70.1204,17.1962,GLU-87
-144.503,-14.8765,ARG-88
-75.572,170.426,CYS-89
-60.3978,-39.4907,SER-90
-69.6003,-33.4209,ASP-91
-88.4083,-3.53503,SER-92
-82.9638,146.562,ASP-93
156.227,-146.219,GLY-94
-54.0353,-51.4191,LEU-95
-72.8407,143.515,ALA-96
-54.3644,149.021,PRO-97
-59.4424,-32.868,PRO-98
-65.9029,-38.9156,GLN-99
-66.7587,124.191,HIS-100
-68.1007,-63.5803,LEU-101
-86.7968,117.702,ILE-102
-122.529,166.967,ARG-103
-114.183,159.233,VAL-104
-140.786,168.58,GLU-105
64.8303,-9.47771,GLY-106
-82.4998,135.852,ASN-107
-100.839,0.62658,LEU-108
-126.48,46.3149,ARG-109
-85.1401,136.23,VAL-110
-162.077,153.564,GLU-111
-101.746,148.384,TYR-112
-142.8,158.498,LEU-113
-70.9246,168.991,ASP-114
-121.626,133.647,ASP-115
-54.4386,-24.4372,ARG-116
-89.4805,-32.0351,ASN-117
-122.131,-22.4662,THR-118
55.6262,14.513,PHE-119
-78.6711,122.349,ARG-120
-82.688,127.013,HIS-121
-154.95,149.398,SER-122
-69.7927,138.736,VAL-123
-127.314,131.098,VAL-124
-129.224,148.64,VAL-125
-77.6124,159.547,PRO-126
-60.139,152.279,TYR-127
-154.438,166.389,GLU-128
-64.577,155.821,PRO-129
-73.3376,153.199,PRO-130
-57.3903,158.245,GLU-131
-61.6123,129.01,VAL-132
86.9757,-0.614798,GLY-133
-120.55,171.854,SER-134
-127.779,-32.5085,ASP-135
-106.165,152.03,CYS-136
-69.2338,159.245,THR-137
-107.297,154.444,THR-138
-136.541,119.509,ILE-139
-98.983,95.4505,HIS-140
-90.5043,165.787,TYR-141
-146.838,149.114,ASN-142
-139.772,163.736,TYR-143
-155.74,110.856,MET-144
-164.744,152.491,CYS-145
-42.2965,147.188,ASN-146
-134.262,-9.99089,SER-147
-79.139,-29.9498,SER-148
-78.5677,170.408,CYS-149
-54.3618,-44.7363,MET-150
83.9276,-170.851,GLY-151
-62.7255,-167.505,GLY-152
-69.9409,-17.2602,ILE-153
-130.84,158.825,ASN-154
-73.1915,137.71,ARG-155
-149.427,150.568,ARG-156
-73.8111,148.381,PRO-157
-122.889,130.856,ILE-158
-107.027,146.135,LEU-159
-96.2235,148.148,THR-160
-119.178,108.93,ILE-161
-96.788,141.243,ILE-162
-146.224,126.727,THR-163
-90.1472,126.693,LEU-164
-148.712,160.708,GLU-165
-97.4206,156.198,ASP-166
-64.596,-4.43251,SER-167
-67.9527,-18.9308,SER-168
89.8471,-10.7879,GLY-169
-57.4206,134.568,ASN-170
-74.6275,121.633,LEU-171
-92.0539,-44.6846,LEU-172
-157.296,162.991,GLY-173
-145.931,157.78,ARG-174
-161.441,139.781,ASN-175
-137.572,152.532,SER-176
-149.662,150.873,PHE-177
-69.1655,136.33,GLU-178
-92.7381,150.517,VAL-179
-145.524,118.593,ARG-180
-98.8634,139.022,VAL-181
-146.857,170.164,CYS-182
-104.099,-27.0058,ALA-183
-129.986,79.4984,CYS-184
-64.6743,-22.2458,PRO-185
-84.4915,-45.0679,GLY-186
-57.9026,-45.5555,ARG-187
-72.2319,-24.272,ASP-188
-64.8676,-59.4672,ARG-189
-48.0663,-42.5569,ARG-190
-53.0972,-39.5786,THR-191
-95.0765,-37.4721,GLU-192
-71.7881,-26.6004,GLU-193
-82.1542,-13.6877,GLU-194
-74.5923,-9.97063,ASN-195
-80.8554,168.41,LEU-196
-84.5465,-40.639,ARG-197
-57.1725,137.155,LYS-198
-56.9433,164.629,LYS-199
-154.933,169.801,GLY-200
-76.0786,152.816,GLU-201
-86.4774,158.151,PRO-202
-118.588,160.11,HIS-203
-55.6402,132.765,HIS-204
-57.5872,-46.4116,GLU-205
-53.319,-50.0626,LEU-206
-74.8738,126.42,PRO-207
-75.0814,171.567,PRO-208
-84.8571,-156.246,GLY-209
-154.134,-179.365,SER-210
-86.1422,152.408,THR-211
-76.0372,137.596,LYS-212
73.7707,152.932,ARG-213
-62.3763,145.383,ALA-214
-49.4099,-40.0064,LEU-215
-51.3617,141.132,PRO-216
-87.8314,-0.136368,ASN-217
-53.6671,138.638,ASN-218
-114.115,23.765,SER-2
-55.2616,157.895,SER-3
-79.2515,122.051,VAL-4
-38.5513,108.283,PRO-5
-50.809,145.198,SER-6
-97.3154,-46.2005,GLN-7
-27.0487,116.797,LYS-8
-77.3672,129.82,THR-9
-158.784,157.195,TYR-10
-105.038,-24.445,GLN-11
76.3076,-165.101,GLY-12
-72.5814,-33.2405,SER-13
-66.734,-34.7729,TYR-14
89.0204,29.3918,GLY-15
-72.2063,118.078,PHE-16
-151.497,172.17,ARG-17
-96.3298,159.46,LEU-18
-131.934,153.367,GLY-19
-134.852,144.129,PHE-20
-60.3842,144.401,LEU-21
-73.7802,55.6504,HIS-22
-100.244,-38.0273,SER-23
86.708,-114.903,GLY-24
-146.266,24.2845,THR-25
-81.2355,179.124,ALA-26
-57.9457,-43.2037,LYS-27
-39.4286,-37.3682,SER-28
-68.6941,131.435,VAL-29
-99.2239,-64.8124,THR-30
-104.222,162.289,CYS-31
-162.154,149.947,THR-32
-139.128,141.076,TYR-33
-106.77,125.763,SER-34
-62.4002,-41.9733,PRO-35
-74.7205,-29.3631,ALA-36
-84.8343,-13.9111,LEU-37
38.3939,50.2061,ASN-38
-127.843,124.295,LYS-39
-108.292,136.396,MET-40
-124.402,111.093,PHE-41
-115.368,111.817,CYS-42
-47.9564,128.146,GLN-43
-66.6011,158.246,LEU-44
45.26,1.83466,ALA-45
-96.7754,152.841,LYS-46
-67.8944,123.267,THR-47
-110.112,94.5882,CYS-48
-67.2169,146.305,PRO-49
-147.388,146.119,VAL-50
-108.279,143.02,GLN-51
-104.849,116.008,LEU-52
-102.137,146.097,TRP-53
-152.566,128.429,VAL-54
-75.8452,-29.334,ASP-55
-127.379,-98.6181,SER-56
-177.213,126.649,THR-57
-58.0784,164.606,PRO-58
-79.8392,160.174,PRO-59
-76.3594,133.288,PRO-60
100.31,-5.42695,GLY-61
-64.9712,141.303,THR-62
-119.5,161.555,ARG-63
-101.82,150.257,VAL-64
-131.246,141.38,ARG-65
-122.044,128.976,ALA-66
-122.048,157.209,MET-67
-161.501,113.997,ALA-68
-111.459,147.656,ILE-69
-115.062,120.411,TYR-70
-136.916,156.25,LYS-71
-131.156,-161.327,GLN-72
-73.6358,-16.0644,SER-73
-143.485,-26.8636,GLN-74
-74.2462,137.757,HIS-75
-144.84,-11.251,MET-76
-122.873,73.1189,THR-77
-150.49,157.142,GLU-78
-105.82,161.119,VAL-79
-68.1647,128.313,VAL-80
-143.089,159.339,ARG-81
-68.8534,176.619,ARG-82
-50.3721,152.712,CYS-83
-56.432,-36.353,PRO-84
-86.5247,14.3854,HIS-85
-145.326,-16.4308,HIS-86
-75.4905,17.3384,GLU-87
-148.11,-23.8407,ARG-88
-62.7707,151.152,CYS-89
-50.5695,-21.9789,SER-90
-70.3782,-14.794,ASP-91
-120.104,-23.338,SER-92
-59.5511,168.869,ASP-93
117.912,-146.552,GLY-94
-49.9797,-57.6583,LEU-95
-76.0812,113.661,ALA-96
-48.7142,144.114,PRO-97
-67.0527,-24.9739,PRO-98
-47.435,-46.7829,GLN-99
-59.7197,130.541,HIS-100
-101.053,-31.2145,LEU-101
-95.6676,130.744,ILE-102
-147.488,151.669,ARG-103
-119.583,146.265,VAL-104
-137.222,173.645,GLU-105
82.4625,-48.3961,GLY-106
-64.0763,119.856,ASN-107
-58.7646,-60.0175,LEU-108
-67.4615,16.6988,ARG-109
-72.6521,142.087,VAL-110
-179.9,146.096,GLU-111
-81.2171,147.66,TYR-112
-149.683,149.998,LEU-113
-87.8632,153.556,ASP-114
-80.3509,126.459,ASP-115
-56.65,-26.1923,ARG-116
-78.0732,-47.0635,ASN-117
-118.901,-23.8181,THR-118
63.2587,31.839,PHE-119
-78.7832,93.8485,ARG-120
-53.1574,120.99,HIS-121
-165.46,152.138,SER-122
-56.2058,139.083,VAL-123
-138.752,134.012,VAL-124
-120.728,143.916,VAL-125
-64.0867,150.594,PRO-126
-80.8571,142.003,TYR-127
-152.982,156.414,GLU-128
-73.0376,176.465,PRO-129
-69.4856,173.53,PRO-130
-71.7306,154.139,GLU-131
-60.1314,134.636,VAL-132
70.7739,-14.6417,GLY-133
-81.5194,-179.693,SER-134
-134.11,-21.6697,ASP-135
-135.401,136.385,CYS-136
-70.9316,150.495,THR-137
-107.595,143.566,THR-138
-107.679,136.668,ILE-139
-106.545,101.228,HIS-140
-92.7556,174.107,TYR-141
-159.827,165.692,ASN-142
-149.161,156.167,TYR-143
-152.349,136.412,MET-144
176.61,-172.682,CYS-145
-94.1539,146.981,ASN-146
-122.368,-25.1175,SER-147
-87.2544,-16.9123,SER-148
-74.5266,-178.869,CYS-149
-72.1848,-29.6031,MET-150
71.4216,-126.753,GLY-151
-82.5393,-169.132,GLY-152
-57.2038,-33.7665,ILE-153
-148.552,139.679,ASN-154
-73.1066,137.43,ARG-155
-148.046,164.887,ARG-156
-72.5788,142.983,PRO-157
-135.548,136.663,ILE-158
-126.516,144.596,LEU-159
-94.9569,156.758,THR-160
-125.576,96.1917,ILE-161
-82.6026,139.738,ILE-162
-132.868,152.543,THR-163
-108.73,146.578,LEU-164
-171.027,154.949,GLU-165
-82.643,162.783,ASP-166
-60.4677,-28.7958,SER-167
-66.7202,2.20763,SER-168
83.7826,-19.0767,GLY-169
-59.424,109.892,ASN-170
-59.6201,116.862,LEU-171
-110.483,-15.0254,LEU-172
174.135,164.804,GLY-173
-148.813,142.106,ARG-174
-132.875,112.783,ASN-175
-113.771,123.122,SER-176
-142.348,141.414,PHE-177
-69.0088,141.13,GLU-178
-129.306,143.361,VAL-179
-128.257,115.262,ARG-180
-80.8079,138.025,VAL-181
-157.103,160.581,CYS-182
-103.508,-9.46051,ALA-183
-124.563,70.0708,CYS-184
-48.7878,-60.2127,PRO-185
-67.557,-41.7808,GLY-186
-62.4077,-39.5056,ARG-187
-86.1866,-22.4229,ASP-188
-64.2576,-55.9571,ARG-189
-53.3021,-47.5312,ARG-190
-56.6395,-39.8745,THR-191
-78.3704,-40.4311,GLU-192
-90.5691,-30.2359,GLU-193
-60.3424,-26.0456,GLU-194
-82.6438,-2.88824,ASN-195
-74.6976,161.411,LEU-196
-74.1963,-43.5839,ARG-197
-71.9882,164.257,LYS-198
-84.7801,173.426,LYS-199
-161.584,-162.621,GLY-200
-73.2361,133.783,GLU-201
-71.6494,167.54,PRO-202
-135.703,160.774,HIS-203
-34.7021,134.33,HIS-204
-74.0313,-28.205,GLU-205
-74.7616,-48.2499,LEU-206
-64.1748,134.11,PRO-207
-80.9746,-174.75,PRO-208
-83.7563,-171.215,GLY-209
-145.477,-152.904,SER-210
-89.7702,156.575,THR-211
-89.6022,148.216,LYS-212
64.1164,166.149,ARG-213
-61.1486,154.556,ALA-214
-71.1619,-44.2446,LEU-215
-58.996,147.908,PRO-216
-84.0418,8.80447,ASN-217
-55.247,140.475,ASN-218
-130.068,53.6224,SER-2
-81.8144,134.659,SER-3
-56.291,117.237,VAL-4
-78.198,123.355,PRO-5
-66.5715,160.373,SER-6
-98.7709,-8.38358,GLN-7
-76.5904,126.836,LYS-8
-68.1599,137.455,THR-9
-165.532,147.594,TYR-10
-104.044,-22.2032,GLN-11
61.6137,-149.876,GLY-12
-73.7478,6.1758,SER-13
-119.019,-20.1628,TYR-14
78.7525,4.83261,GLY-15
-44.2901,120.53,PHE-16
-157.268,176.969,ARG-17
-131.637,144.579,LEU-18
-130.926,173.052,GLY-19
-133.597,146.214,PHE-20
-71.4377,139.768,LEU-21
-78.136,53.9178,HIS-22
-84.9459,-39.8357,SER-23
87.6418,-143.747,GLY-24
-116.985,-3.64547,THR-25
-64.7811,171.574,ALA-26
-46.474,-27.9322,LYS-27
-84.0969,-9.64491,SER-28
-72.0404,135.171,VAL-29
-116.51,-32.4548,THR-30
-138.744,136.472,CYS-31
-140.895,139.277,THR-32
-117.824,129.378,TYR-33
-99.5088,116.252,SER-34
-70.0986,-43.4478,PRO-35
-63.4906,-17.379,ALA-36
-109.315,-13.8448,LEU-37
62.9321,31.9451,ASN-38
-116.369,124.709,LYS-39
-88.0785,146.262,MET-40
-129.149,119.401,PHE-41
-120.237,142.485,CYS-42
-77.5789,137.299,GLN-43
-63.9916,143.388,LEU-44
73.7713,-26.0761,ALA-45
-68.2958,162.253,LYS-46
-74.5303,138.391,THR-47
-127.361,103.648,CYS-48
-66.3236,117.407,PRO-49
-124.658,138.425,VAL-50
-105.654,127.581,GLN-51
-85.6192,112.43,LEU-52
-97.1471,142.156,TRP-53
-150.796,155.454,VAL-54
-90.6007,-34.2324,ASP-55
-131.963,-173.306,SER-56
-104.434,119.657,THR-57
-57.7781,170.084,PRO-58
-57.8268,153.76,PRO-59
-60.608,156.11,PRO-60
87.2236,-22.4339,GLY-61
-59.735,153.072,THR-62
-134.634,139.269,ARG-63
-83.7222,121.371,VAL-64
-105.455,147.846,ARG-65
-127.063,124.794,ALA-66
-117.891,176.794,MET-67
-175.289,89.0941,ALA-68
-88.9388,141.494,ILE-69
-85.3526,133.806,TYR-70
-148.813,153.844,LYS-71
-118.916,-153.274,GLN-72
-74.0573,-28.9225,SER-73
-138.871,-12.4413,GLN-74
-94.3636,118.936,HIS-75
-127.865,-21.0301,MET-76
-98.9848,84.4106,THR-77
-168.577,166.348,GLU-78
-120.845,147.649,VAL-79
-60.5878,120.652,VAL-80
-124.129,165.742,ARG-81
-74.988,160.173,ARG-82
-79.8934,166.571,CYS-83
-65.2169,-18.1006,PRO-84
-80.9595,-16.2634,HIS-85
-123.073,-13.4724,HIS-86
-68.182,-3.41867,GLU-87
-147.393,-9.12479,ARG-88
-73.0074,156.41,CYS-89
-54.7951,-11.0447,SER-90
-74.8767,-31.705,ASP-91
-86.6654,-18.9753,SER-92
-83.4529,163.877,ASP-93
141.875,-129.67,GLY-94
-54.3165,-42.5241,LEU-95
-88.9874,137.259,ALA-96
-45.1723,151.596,PRO-97
-52.5546,-35.3134,PRO-98
-75.5357,-28.1613,GLN-99
-82.4068,136.701,HIS-100
-87.5947,-50.618,LEU-101
-86.1136,134.9,ILE-102
-147.124,158.616,ARG-103
-126.483,158.656,VAL-104
-158.213,-158.159,GLU-105
65.0028,-62.4986,GLY-106
-64.3598,141.296,ASN-107
-73.2013,-18.8363,LEU-108
-103.307,-9.24069,ARG-109
-47.585,136.451,VAL-110
-161.191,166.651,GLU-111
-94.9145,136.224,TYR-112
-142.654,158.424,LEU-113
-90.5577,151.278,ASP-114
-86.2724,150.411,ASP-115
-67.9401,-44.197,ARG-116
-89.5908,-39.277,ASN-117
-92.8309,-23.5248,THR-118
72.8128,-22.3707,PHE-119
-51.6197,110.705,ARG-120
-74.1168,120.845,HIS-121
-157.753,148.216,SER-122
-58.4116,133.864,VAL-123
-117.676,134.257,VAL-124
-124.958,158.082,VAL-125
-68.0695,139.926,PRO-126
-65.3678,122.159,TYR-127
-128.07,159.654,GLU-128
-85.1718,163.739,PRO-129
-66.5518,169.163,PRO-130
-107.754,151.38,GLU-131
-32.354,112.936,VAL-132
92.7329,-17.8026,GLY-133
-88.7111,170.33,SER-134
-104.286,-44.7162,ASP-135
-133.741,152.619,CYS-136
-72.0542,144.831,THR-137
-88.0583,157.67,THR-138
-122.44,129.161,ILE-139
-107.154,99.3299,HIS-140
-75.4084,-179.738,TYR-141
-160.797,156.839,ASN-142
-146.669,161.767,TYR-143
-162.074,139.045,MET-144
-168.264,-175.52,CYS-145
-77.9708,150.65,ASN-146
-119.536,-7.95006,SER-147
-107.558,-11.9405,SER-148
-63.4849,166.306,CYS-149
-70.8749,-27.1618,MET-150
74.0653,-149.625,GLY-151
-84.9731,-168.213,GLY-152
-69.2332,-23.4385,ILE-153
-126.153,153.249,ASN-154
-58.7587,139.598,ARG-155
-150.996,147.801,ARG-156
-58.6764,150.305,PRO-157
-137.791,133.814,ILE-158
-107.403,167.265,LEU-159
-125.736,127.157,THR-160
-108.619,94.5512,ILE-161
-95.778,137.244,ILE-162
-137.686,158.919,THR-163
-108.811,136.814,LEU-164
-145.295,151.795,GLU-165
-89.745,153.809,ASP-166
-51.9506,-34.9846,SER-167
-60.0487,-0.968967,SER-168
73.0326,2.64354,GLY-169
-55.424,133.426,ASN-170
-87.9571,130.272,LEU-171
-108.892,-22.6963,LEU-172
173.053,160.655,GLY-173
-140.634,146.515,ARG-174
-149.892,123.419,ASN-175
-124.796,144.721,SER-176
-149.609,174.127,PHE-177
-89.3028,146.744,GLU-178
-134.831,148.151,VAL-179
-148.688,132.573,ARG-180
-101.079,151.499,VAL-181
-166.903,169.16,CYS-182
-82.4627,-57.5775,ALA-183
-100.9,98.2436,CYS-184
-64.5732,-53.6928,PRO-185
-69.3247,-24.181,GLY-186
-72.7618,-53.4177,ARG-187
-58.3202,-37.7289,ASP-188
-58.5465,-57.9357,ARG-189
-62.732,-36.811,ARG-190
-55.388,-34.8179,THR-191
-91.6456,-33.1658,GLU-192
-94.9567,-16.9756,GLU-193
-78.6424,-10.3896,GLU-194
-81.8451,3.94716,ASN-195
-96.3279,171.684,LEU-196
-111.955,-14.5054,ARG-197
-75.9063,151.632,LYS-198
-62.6542,140.369,LYS-199
-134.285,-169.983,GLY-200
-86.8668,157.16,GLU-201
-71.3423,147.335,PRO-202
-126.187,161.763,HIS-203
-58.1362,140.367,HIS-204
-83.1598,-33.8916,GLU-205
-77.0403,-33.4687,LEU-206
-70.3832,149.946,PRO-207
-65.6474,168.673,PRO-208
-88.347,-167.289,GLY-209
-156.423,-142.167,SER-210
-112.884,164.126,THR-211
-106.047,143.919,LYS-212
70.0864,160.626,ARG-213
-64.1983,177.754,ALA-214
-101.401,-21.3199,LEU-215
-70.0805,155.181,PRO-216
-82.6759,16.5156,ASN-217
-65.9258,154.486,ASN-218
-133.748,47.5481,SER-2
-67.7753,159.541,SER-3
-79.6466,121.119,VAL-4
-65.2487,169.669,PRO-5
-123.764,143.774,SER-6
-116.246,-6.11894,GLN-7
-69.3666,129.469,LYS-8
-64.7697,125.542,THR-9
-150.302,146.001,TYR-10
-87.4242,-14.1824,GLN-11
53.6764,-141.595,GLY-12
-99.8705,-3.32804,SER-13
-104.044,-9.27675,TYR-14
92.2655,6.57931,GLY-15
-62.7484,117.736,PHE-16
-148.554,161.183,ARG-17
-110.381,-177.812,LEU-18
-166.399,152.956,GLY-19
-144.902,166.259,PHE-20
-99.5476,148.085,LEU-21
-89.6479,19.1249,HIS-22
-53.2646,-17.3296,SER-23
76.6975,-116.694,GLY-24
-125.952,1.68841,THR-25
-67.4485,171.489,ALA-26
-44.8654,-38.4966,LYS-27
-49.0879,-33.0166,SER-28
-61.9463,137.762,VAL-29
-120.128,-58.6679,THR-30
-107.228,137.082,CYS-31
-135.93,146.626,THR-32
-128.1,126.294,TYR-33
-76.7699,116.25,SER-34
-70.025,-39.2145,PRO-35
-75.6453,-32.7974,ALA-36
-70.65,-4.48335,LEU-37
29.2368,58.3729,ASN-38
-145.045,128.026,LYS-39
-83.7994,153.433,MET-40
-138.139,109.236,PHE-41
-108.961,134.672,CYS-42
-76.1419,132.613,GLN-43
-54.4001,137.212,LEU-44
77.4464,-41.85,ALA-45
-63.3647,146.678,LYS-46
-71.9509,126.232,THR-47
-109.542,96.5875,CYS-48
-67.5104,119.955,PRO-49
-112.96,140.743,VAL-50
-118.688,158.553,GLN-51
-164.75,132.229,LEU-52
-132.764,160.097,TRP-53
-167.279,135.642,VAL-54
-82.8156,-47.9698,ASP-55
-116.179,172.57,SER-56
-70.1152,114.688,THR-57
-61.9112,165.136,PRO-58
-66.6023,152.376,PRO-59
-52.8142,146.32,PRO-60
65.4822,31.0056,GLY-61
-80.1172,151.093,THR-62
-137.944,137.634,ARG-63
-101.225,124.323,VAL-64
-118.774,167.259,ARG-65
-149.623,114.14,ALA-66
-110.785,158.443,MET-67
-158.91,91.9999,ALA-68
-72.4372,171.419,ILE-69
-138.257,143.147,TYR-70
-156.605,164.397,LYS-71
-128.501,-175.23,GLN-72
-66.4339,-44.3939,SER-73
-117.496,29.829,GLN-74
-155.275,121.525,HIS-75
-137.659,-34.7852,MET-76
-76.7499,76.1373,THR-77
-154.61,155.91,GLU-78
-106.162,150.117,VAL-79
-66.5206,121.702,VAL-80
-132.178,158.424,ARG-81
-53.2763,170.579,ARG-82
-67.8948,145.639,CYS-83
-61.0818,-32.1497,PRO-84
-85.6531,-0.0676923,HIS-85
-120.128,-32.7291,HIS-86
-58.7321,11.5558,GLU-87
-146.348,-37.6333,ARG-88
-72.0605,173.928,CYS-89
-84.4513,-5.29831,SER-90
-84.1608,9.52419,ASP-91
-127.158,-13.9146,SER-92
-84.8552,126.786,ASP-93
-149.999,-133.478,GLY-94
-63.5036,-37.2231,LEU-95
-77.4257,147.552,ALA-96
-50.5921,139.795,PRO-97
-51.2241,-14.6452,PRO-98
-81.8624,-40.753,GLN-99
-71.661,133.818,HIS-100
-82.202,-32.6444,LEU-101
-104.182,124.48,ILE-102
-155.429,144.971,ARG-103
-105.088,153,VAL-104
-141.114,-173.695,GLU-105
77.084,-52.0629,GLY-106
-65.4912,131.887,ASN-107
-94.1237,-40.2218,LEU-108
-61.6537,-6.55986,ARG-109
-58.7747,134.397,VAL-110
-143.263,166.357,GLU-111
-108.267,147.587,TYR-112
-153.73,164.055,LEU-113
-95.1106,117.637,ASP-114
-64.1249,138.449,ASP-115
-70.4946,-25.3161,ARG-116
-85.2325,-33.5243,ASN-117
-121.058,-14.7075,THR-118
76.8654,2.80523,PHE-119
-69.8695,107.758,ARG-120
-71.6595,113.889,HIS-121
-159.449,155.497,SER-122
-70.0027,129.072,VAL-123
-117.419,141.446,VAL-124
-130.012,145.075,VAL-125
-56.3245,149.995,PRO-126
-65.7289,132.173,TYR-127
-117.741,150.58,GLU-128
-60.9684,155.583,PRO-129
-58.8594,173.24,PRO-130
-76.7355,166.03,GLU-131
-61.0251,123.413,VAL-132
64.0527,-1.88994,GLY-133
-87.2753,163.965,SER-134
-87.3954,-37.2931,ASP-135
-157.922,146.709,CYS-136
-64.5898,148.698,THR-137
-137.831,132.465,THR-138
-106.98,119.681,ILE-139
-98.5639,89.4375,HIS-140
-68.7375,162.785,TYR-141
-144.901,172.62,ASN-142
-147.181,142.315,TYR-143
-149.804,127.275,MET-144
-164.956,158.626,CYS-145
-74.0859,144.284,ASN-146
-112.842,-7.08918,SER-147
-104.647,-9.38993,SER-148
-78.5544,-178.957,CYS-149
-78.4358,-40.7821,MET-150
78.8553,-153.065,GLY-151
-76.9475,177.578,GLY-152
-59.7076,-36.1312,ILE-153
-126.065,154.082,ASN-154
-70.1248,141.019,ARG-155
-158.447,160.055,ARG-156
-73.8385,153.572,PRO-157
-134.557,146.098,ILE-158
-141.065,120.244,LEU-159
-101.626,141.441,THR-160
-113.953,122.785,ILE-161
-107.936,124.671,ILE-162
-132.498,177.648,THR-163
-127.326,140.013,LEU-164
-154.631,148.874,GLU-165
-93.7351,159.064,ASP-166
-48.2882,-38.6856,SER-167
-78.895,1.73105,SER-168
101.632,1.16123,GLY-169
-89.0486,133.715,ASN-170
-86.1544,141.63,LEU-171
-117.779,-61.7796,LEU-172
-133.058,162.374,GLY-173
-149.7,140.839,ARG-174
-152.656,120.638,ASN-175
-107.454,142.178,SER-176
-150.08,154.202,PHE-177
-71.1896,147.872,GLU-178
-130.22,146.41,VAL-179
-136.716,127.387,ARG-180
-89.9123,151.193,VAL-181
-159.469,174.117,CYS-182
-98.807,-37.5192,ALA-183
-113.833,89.1728,CYS-184
-71.3532,-34.444,PRO-185
-67.4842,-46.4948,GLY-186
-53.2989,-64.6542,ARG-187
-64.1328,-28.5339,ASP-188
-56.3671,-58.4923,ARG-189
-64.5839,-35.952,ARG-190
-45.146,-38.1205,THR-191
-99.1269,-43.4091,GLU-192
-64.9987,-27.6244,GLU-193
-72.4598,-22.7834,GLU-194
-87.3145,13.5933,ASN-195
-82.4171,175.141,LEU-196
-95.2468,-34.9235,ARG-197
-78.815,170.383,LYS-198
-53.5738,144.906,LYS-199
-150.633,170.97,GLY-200
-76.5335,136.246,GLU-201
-70.1205,-178.279,PRO-202
-165.896,170.276,HIS-203
-66.6971,131.828,HIS-204
-79.6722,-33.0708,GLU-205
-81.8195,-39.2255,LEU-206
-72.9094,142.852,PRO-207
-59.748,175.012,PRO-208
-85.6398,-147.089,GLY-209
-170.249,175.105,SER-210
-79.4758,158.428,THR-211
-104.984,144.206,LYS-212
71.2299,-172.345,ARG-213
-104.682,171.548,ALA-214
-80.3571,-21.3746,LEU-215
-71.9903,143.689,PRO-216
-83.0745,16.8099,ASN-217
-42.0108,140.833,ASN-218
-150.655,36.0664,SER-2
-58.5648,137.766,SER-3
-55.9523,123.671,VAL-4
-49.9839,123.352,PRO-5
-68.0937,133.367,SER-6
-98.346,-12.8487,GLN-7
-60.2211,119.393,LYS-8
-64.6531,136.447,THR-9
-158.001,131.614,TYR-10
-78.404,-43.7066,GLN-11
70.4541,-145.774,GLY-12
-90.9995,-32.5862,SER-13
-74.7941,-16.532,TYR-14
88.0151,12.3596,GLY-15
-61.2983,129.437,PHE-16
-162.601,154.775,ARG-17
-92.8913,161.648,LEU-18
-146.631,151.644,GLY-19
-133.896,141.724,PHE-20
-78.5983,150.311,LEU-21
-73.6704,6.11499,HIS-22
-70.11,0.724903,SER-23
70.8443,-126.163,GLY-24
-111.548,7.86651,THR-25
-54.6015,168.959,ALA-26
-72.5648,-20.6745,LYS-27
-73.644,2.45299,SER-28
-79.6639,138.402,VAL-29
-108.619,-25.7195,THR-30
-144.408,132.534,CYS-31
-152.575,128.477,THR-32
-118.364,133.34,TYR-33
-95.8461,102.329,SER-34
-50.9745,-43.396,PRO-35
-76.7247,-17.1802,ALA-36
-94.1411,-10.5403,LEU-37
41.6532,57.6925,ASN-38
-138.195,145.504,LYS-39
-114.089,129.145,MET-40
-85.7243,145.624,PHE-41
-145.198,141.316,CYS-42
-72.7844,139.356,GLN-43
-62.2966,142.037,LEU-44
73.1768,18.2329,ALA-45
-116.814,162.105,LYS-46
-72.5021,127.541,THR-47
-126.444,80.6124,CYS-48
-67.2526,132.558,PRO-49
-115.764,137.684,VAL-50
-76.8607,157.637,GLN-51
-131.233,110.648,LEU-52
-106.099,144.722,TRP-53
-155.04,136.39,VAL-54
-84.8363,-35.716,ASP-55
-112.549,-179.291,SER-56
-99.5441,110.594,THR-57
-58.0815,148.46,PRO-58
-73.265,-179.887,PRO-59
-78.4238,136.067,PRO-60
92.0624,5.53136,GLY-61
-72.4917,146.116,THR-62
-135.958,142.409,ARG-63
-90.2268,140.32,VAL-64
-146.056,147.516,ARG-65
-126.878,148.761,ALA-66
-125.74,161.171,MET-67
-141.539,108.818,ALA-68
-80.3058,141.107,ILE-69
-97.2157,111.742,TYR-70
-114.266,163.029,LYS-71
-154.377,-174.65,GLN-72
-67.6608,-27.581,SER-73
-106.755,-53.7813,GLN-74
-64.2593,128.454,HIS-75
-151.228,-0.696498,MET-76
-111.017,49.5624,THR-77
-123.931,160.643,GLU-78
-105.688,157.601,VAL-79
-62.5428,136.683,VAL-80
-142.008,158.39,ARG-81
-59.792,157.33,ARG-82
-57.3036,150.167,CYS-83
-69.1756,-8.45041,PRO-84
-77.0834,-31.2205,HIS-85
-113.172,27.6258,HIS-86
-96.65,22.5833,GLU-87
-158.555,-38.8705,ARG-88
-64.5767,-179.042,CYS-89
-61.3891,-35.9356,SER-90
-65.4019,-14.4069,ASP-91
-122.655,-22.892,SER-92
-71.1848,161.375,ASP-93
168.678,-157.22,GLY-94
-68.8422,-36.6928,LEU-95
-60.9905,138.897,ALA-96
-69.2577,126.046,PRO-97
-52.0029,-24.7283,PRO-98
-74.623,-39.0008,GLN-99
-69.5841,136.345,HIS-100
-77.3515,-56.7479,LEU-101
-86.0719,131.101,ILE-102
-147.349,154.074,ARG-103
-112.655,161.188,VAL-104
-140.338,169.884,GLU-105
75.7837,-34.7915,GLY-106
-70.2364,111.355,ASN-107
-77.5784,13.6595,LEU-108
-133.4,49.9547,ARG-109
-74.6524,129.3,VAL-110
-136.32,167.163,GLU-111
-118.887,136.841,TYR-112
-153.994,140.766,LEU-113
-77.1046,127.391,ASP-114
-70.6218,133.438,ASP-115
-52.6451,-38.2641,ARG-116
-80.3919,-47.7886,ASN-117
-100.995,-1.11945,THR-118
53.5114,13.7485,PHE-119
-85.8087,106.799,ARG-120
-63.4143,131.784,HIS-121
-168.526,170.486,SER-122
-80.9176,135.468,VAL-123
-132.574,135.384,VAL-124
-126.366,140.987,VAL-125
-58.8496,157.521,PRO-126
-75.1674,140.6,TYR-127
-123.728,149.71,GLU-128
-80.1971,160.847,PRO-129
-62.4389,156.857,PRO-130
-50.1727,143.998,GLU-131
-55.7201,111.723,VAL-132
97.2747,-20.5072,GLY-133
-81.0095,152.009,SER-134
-92.6899,-29.5654,ASP-135
-143.534,138.472,CYS-136
-66.7698,148.646,THR-137
-115.213,123.668,THR-138
-88.7275,142.844,ILE-139
-99.5373,84.6442,HIS-140
-68.0499,171.76,TYR-141
-159.104,152.737,ASN-142
-140.963,153.715,TYR-143
-156.573,128.279,MET-144
-170.492,156.615,CYS-145
-86.8905,149.026,ASN-146
-123.564,4.8672,SER-147
-95.218,-23.6155,SER-148
-74.647,168.787,CYS-149
-73.4126,-37.4596,MET-150
79.4751,-138.746,GLY-151
-87.9049,-156.431,GLY-152
-52.1873,-23.2509,ILE-153
-155.597,163.663,ASN-154
-70.8165,137.124,ARG-155
-150.62,165.176,ARG-156
-69.3835,164.928,PRO-157
-151.136,145.677,ILE-158
-134.49,148.28,LEU-159
-110.291,143.206,THR-160
-105.496,110.54,ILE-161
-91.9809,142.85,ILE-162
-146.289,160.533,THR-163
-130.721,136.094,LEU-164
-144.051,160.832,GLU-165
-76.775,165.7,ASP-166
-59.4155,-30.0169,SER-167
-60.9717,-16.5583,SER-168
76.008,9.54667,GLY-169
-79.6116,125.714,ASN-170
-84.0525,132.996,LEU-171
-112.628,-31.8155,LEU-172
-155.792,164.132,GLY-173
-154.642,143.278,ARG-174
-156.646,126.606,ASN-175
-109.7,164.765,SER-176
-164.07,150.098,PHE-177
-66.2408,148.602,GLU-178
-133.229,141.545,VAL-179
-134.204,111.326,ARG-180
-86.0978,138.424,VAL-181
-158.75,172.274,CYS-182
-90.419,-36.2866,ALA-183
-109.593,99.0526,CYS-184
-77.8005,-32.3453,PRO-185
-69.2337,-47.6434,GLY-186
-60.4349,-46.6984,ARG-187
-81.4853,-28.614,ASP-188
-57.3441,-49.2822,ARG-189
-66.2194,-36.2398,ARG-190
-66.9525,-37.2385,THR-191
-79.8829,-41.2409,GLU-192
-67.8172,-29.8282,GLU-193
-71.8173,-34.181,GLU-194
-59.9194,-21.7533,ASN-195
-78.8803,173.912,LEU-196
-99.9353,-22.5742,ARG-197
-73.1998,168.706,LYS-198
-63.0319,166.703,LYS-199
-168.259,-174.364,GLY-200
-91.6865,141.305,GLU-201
-67.2263,169.732,PRO-202
-132.988,-163.256,HIS-203
-67.5547,155.365,HIS-204
-78.6389,-40.4883,GLU-205
-63.0545,-46.3925,LEU-206
-66.1709,134.065,PRO-207
-71.3416,167.387,PRO-208
-59.6483,116.379,GLY-209
-81.5562,177.338,SER-210
-72.3859,150.624,THR-211
-95.0746,152.072,LYS-212
67.489,167.968,ARG-213
-85.4637,173.905,ALA-214
-86.7412,-30.1536,LEU-215
-62.2973,152.364,PRO-216
-85.2605,-5.68178,ASN-217
-37.1972,146.591,ASN-218
-146.642,19.2289,SER-2
-68.6603,161.197,SER-3
-75.6775,136.671,VAL-4
-72.8736,167.48,PRO-5
-95.6753,152.651,SER-6
-109.098,5.7412,GLN-7
-59.8996,127.103,LYS-8
-75.0235,133.123,THR-9
-160.85,129.347,TYR-10
-65.2357,-28.2402,GLN-11
59.4925,-151.321,GLY-12
-68.79,-15.97,SER-13
-117.852,-31.261,TYR-14
116.604,13.8131,GLY-15
-41.7091,127.256,PHE-16
-165.509,151.901,ARG-17
-110.118,149.858,LEU-18
-127.078,148.937,GLY-19
-127.586,134.183,PHE-20
-71.7371,139.925,LEU-21
-78.6922,16.0435,HIS-22
-73.7893,-5.16613,SER-23
78.4131,-106.585,GLY-24
-129.878,-8.71183,THR-25
-91.718,169.136,ALA-26
-46.5911,-29.2215,LYS-27
-65.2028,-29.7776,SER-28
-55.1312,126.966,VAL-29
-113.126,-39.2761,THR-30
-123.371,123.476,CYS-31
-115.336,166.024,THR-32
-151.899,134.391,TYR-33
-97.5405,99.0942,SER-34
-60.349,-34.118,PRO-35
-74.8873,-6.89599,ALA-36
-115.097,-17.3569,LEU-37
44.7918,58.2857,ASN-38
-136.076,137.394,LYS-39
-111.838,135.801,MET-40
-111.186,112.597,PHE-41
-114.606,109.779,CYS-42
-60.7779,125.216,GLN-43
-53.4351,120.583,LEU-44
86.3711,-37.1632,ALA-45
-55.4104,142.752,LYS-46
-76.9797,123.358,THR-47
-109.58,94.8039,CYS-48
-73.3672,131.564,PRO-49
-123.071,129.645,VAL-50
-85.3499,150.472,GLN-51
-134.493,119.033,LEU-52
-99.6693,129.552,TRP-53
-122.352,145.434,VAL-54
-102.853,-30.5137,ASP-55
-154.743,149.034,SER-56
-76.3053,140.252,THR-57
-85.162,162.649,PRO-58
-57.0236,161.733,PRO-59
-60.5332,139.065,PRO-60
89.8914,16.0732,GLY-61
-83.7438,148.613,THR-62
-137.216,137.712,ARG-63
-94.1972,132.286,VAL-64
-127.181,157.329,ARG-65
-136.812,129.431,ALA-66
-114.555,156.024,MET-67
-140.491,74.8578,ALA-68
-86.1554,139.708,ILE-69
-101.017,139.454,TYR-70
-158.639,156.944,LYS-71
-114.214,-148.772,GLN-72
-80.2454,-27.1454,SER-73
-124.236,-49.2001,GLN-74
-62.9083,120.279,HIS-75
-140.292,-5.21425,MET-76
-106.095,70.9053,THR-77
-158.334,163.728,GLU-78
-122.393,145.989,VAL-79
-53.7713,129.613,VAL-80
-154.971,164.803,ARG-81
-59.2937,169.798,ARG-82
-52.5839,165.974,CYS-83
-57.5761,-48.2134,PRO-84
-67.5448,-12.6015,HIS-85
-128.072,11.591,HIS-86
-96.4852,10.6769,GLU-87
-143.53,-34.6458,ARG-88
-63.2033,157.053,CYS-89
-68.1322,-10.2169,SER-90
-76.279,-21.7958,ASP-91
-99.3635,-16.4587,SER-92
-85.2107,136.177,ASP-93
-165.427,-141.771,GLY-94
-57.4264,-38.5682,LEU-95
-91.8343,134.512,ALA-96
-59.9117,159.272,PRO-97
-72.6353,-21.5161,PRO-98
-59.9563,-28.4507,GLN-99
-70.7771,133.778,HIS-100
-82.6974,-49.8917,LEU-101
-93.0775,123.822,ILE-102
-136.846,166.048,ARG-103
-115.53,142.109,VAL-104
-129.701,174.585,GLU-105
83.308,-36.915,GLY-106
-65.6068,158.764,ASN-107
-118.792,2.4338,LEU-108
-131.177,44.8248,ARG-109
-75.9516,132.341,VAL-110
-150.342,161.438,GLU-111
-112.814,141.094,TYR-112
-146.271,151.733,LEU-113
-80.8678,138.539,ASP-114
-81.8545,150.803,ASP-115
-77.5925,-32.1089,ARG-116
-84.0127,-34.2054,ASN-117
-115.438,-20.8354,THR-118
63.559,9.1462,PHE-119
-69.1281,108.764,ARG-120
-69.6881,112.701,HIS-121
-159.956,150.337,SER-122
-63.1912,133.717,VAL-123
-128.745,135.092,VAL-124
-131.349,148.361,VAL-125
-51.3479,142.253,PRO-126
-58.098,147.347,TYR-127
-158.409,138.134,GLU-128
-67.7184,163.134,PRO-129
-47.601,161.988,PRO-130
-77.4967,154.519,GLU-131
-46.4299,125.07,VAL-132
91.9677,-2.9743,GLY-133
-103.919,168.833,SER-134
-101.829,-18.1537,ASP-135
-153.344,150.731,CYS-136
-60.7372,143.657,THR-137
-106.263,136.816,THR-138
-112.773,146.307,ILE-139
-117.451,105.889,HIS-140
-86.0884,176.693,TYR-141
-150.814,167.792,ASN-142
-148.913,147.953,TYR-143
-148.791,110.941,MET-144
-162.541,-173.205,CYS-145
-75.5717,145.91,ASN-146
-125.18,-12.1838,SER-147
-76.9703,-26.0833,SER-148
-90.925,157.725,CYS-149
-62.5669,-23.3662,MET-150
87.2887,-170.76,GLY-151
-68.8924,-160.986,GLY-152
-57.1187,-29.0086,ILE-153
-151.703,135.25,ASN-154
-48.3746,120.222,ARG-155
-129.076,-177.477,ARG-156
-90.7011,149.526,PRO-157
-134.96,129.323,ILE-158
-112.759,165.87,LEU-159
-126.437,151.053,THR-160
-130.326,111.516,ILE-161
-111.995,129.609,ILE-162
-152.112,157.875,THR-163
-127.582,132.388,LEU-164
-124.876,144.342,GLU-165
-63.144,159.681,ASP-166
-56.724,-25.1747,SER-167
-77.1415,10.0955,SER-168
87.9355,-24.0908,GLY-169
-54.9617,122.427,ASN-170
-74.5987,141.799,LEU-171
-124.944,-9.66183,LEU-172
168.873,169.292,GLY-173
-164.199,134.401,ARG-174
-141.547,135.739,ASN-175
-122.378,161.646,SER-176
-167.096,155.538,PHE-177
-73.2944,144.383,GLU-178
-129.209,145.664,VAL-179
-138.528,120.847,ARG-180
-91.825,121.417,VAL-181
-130.092,155.858,CYS-182
-76.9242,-33.0278,ALA-183
-126.845,90.7936,CYS-184
-68.5787,-48.0304,PRO-185
-66.097,-45.5737,GLY-186
-55.8791,-61.2281,ARG-187
-60.182,-38.2691,ASP-188
-58.7586,-62.2052,ARG-189
-58.6679,-34.1721,ARG-190
-43.3337,-37.6096,THR-191
-97.7009,-30.6606,GLU-192
-77.6996,-42.6292,GLU-193
-66.3801,-25.8174,GLU-194
-59.0976,-21.7226,ASN-195
-74.1047,160.26,LEU-196
-76.6235,-28.886,ARG-197
-79.8936,153.628,LYS-198
-52.261,151.906,LYS-199
-153.687,144.995,GLY-200
-72.8524,158.218,GLU-201
-83.31,168.846,PRO-202
-145.94,166.708,HIS-203
-56.996,134.919,HIS-204
-69.6097,-25.7045,GLU-205
-82.6205,-36.9031,LEU-206
-93.498,108.426,PRO-207
-72.6261,168.863,PRO-208
-60.3618,124.303,GLY-209
-82.4453,-129.183,SER-210
-119.608,145.768,THR-211
-79.568,142.241,LYS-212
68.7306,166.632,ARG-213
-84.0572,160.847,ALA-214
-81.0412,-35.9625,LEU-215
-58.6208,150.874,PRO-216
-84.6083,6.53905,ASN-217
-51.0549,135.126,ASN-218
-123.637,35.9847,SER-2
-74.9743,159.587,SER-3
-88.288,148.236,VAL-4
-62.564,146.128,PRO-5
-112.162,143.999,SER-6
-86.3047,-13.0553,GLN-7
-61.1162,116.255,LYS-8
-99.728,126.189,THR-9
-159.267,160.771,TYR-10
-93.7775,-33.7687,GLN-11
68.5873,-165.694,GLY-12
-75.7757,15.8775,SER-13
-130.571,-4.2904,TYR-14
71.4505,38.4938,GLY-15
-66.3938,124.73,PHE-16
-162.13,162.504,ARG-17
-120.459,127.719,LEU-18
-105.084,153.786,GLY-19
-116.602,139.501,PHE-20
-53.9784,159.446,LEU-21
-79.583,16.9023,HIS-22
-63.1371,-34.315,SER-23
78.0435,-107.617,GLY-24
-130.569,1.35472,THR-25
-73.4911,-178.349,ALA-26
-64.8525,-23.632,LYS-27
-62.7252,-18.0355,SER-28
-72.1047,138.583,VAL-29
-121.643,-44.0321,THR-30
-120.756,153.505,CYS-31
-149.343,140.466,THR-32
-115.536,132.278,TYR-33
-109.688,96.4223,SER-34
-65.1032,-12.0893,PRO-35
-78.7471,-19.5174,ALA-36
-106.65,-20.0877,LEU-37
70.0843,34.1999,ASN-38
-131.617,135.644,LYS-39
-102.795,138.928,MET-40
-124.163,119.936,PHE-41
-129.043,121.979,CYS-42
-81.9518,124.927,GLN-43
-65.6936,143.963,LEU-44
77.2549,-34.7863,ALA-45
-49.8098,156.968,LYS-46
-68.9155,129.301,THR-47
-112.148,106.283,CYS-48
-78.9702,135.522,PRO-49
-130.388,153.546,VAL-50
-113.576,109.637,GLN-51
-73.0104,107.006,LEU-52
-86.1131,128.874,TRP-53
-133.63,121.668,VAL-54
-78.6793,-24.5505,ASP-55
-152.283,148.587,SER-56
-59.1031,115.493,THR-57
-70.8363,161.06,PRO-58
-70.6264,157.715,PRO-59
-60.6035,147.338,PRO-60
76.4292,9.83756,GLY-61
-71.7068,149.251,THR-62
-136.978,138.953,ARG-63
-86.8007,120.585,VAL-64
-102.737,133.834,ARG-65
-105.017,116.445,ALA-66
-105.767,158.656,MET-67
-157.119,105.877,ALA-68
-89.7596,150.805,ILE-69
-107.481,141.251,TYR-70
-144.137,152.368,LYS-71
-122.681,-157.829,GLN-72
-78.7105,-16.4528,SER-73
-139.018,-35.7049,GLN-74
-70.7705,118.215,HIS-75
-139.954,12.8584,MET-76
-103.722,85.1377,THR-77
177.058,157.52,GLU-78
-116.709,158.472,VAL-79
-79.204,132.688,VAL-80
-152.311,163.411,ARG-81
-71.8111,162.633,ARG-82
-54.1749,150.371,CYS-83
-56.1674,-26.6002,PRO-84
-70.0721,4.46831,HIS-85
-163.504,5.13425,HIS-86
-82.7196,4.95071,GLU-87
-150.755,-36.0869,ARG-88
-60.463,150.367,CYS-89
-65.8857,-21.1357,SER-90
-70.9141,-34.7994,ASP-91
-72.0484,-16.4843,SER-92
-92.8452,143.572,ASP-93
-167.941,-126.156,GLY-94
-69.451,-45.0698,LEU-95
-79.3138,133.394,ALA-96
-62.7163,151.884,PRO-97
-66.8433,-15.8991,PRO-98
-72.8194,-34.4519,GLN-99
-66.5301,114.845,HIS-100
-71.78,-55.5638,LEU-101
-63.7202,122.586,ILE-102
-143.787,163.023,ARG-103
-141.093,156.74,VAL-104
-147.939,-176.563,GLU-105
80.5456,-40.7112,GLY-106
-87.2722,132.712,ASN-107
-74.042,-55.973,LEU-108
-62.9748,29.3919,ARG-109
-77.0502,140.383,VAL-110
-151.027,144.043,GLU-111
-78.6627,147.037,TYR-112
-153.053,157.837,LEU-113
-102.744,125.893,ASP-114
-65.0776,128.343,ASP-115
-66.4073,-16.2843,ARG-116
-100.713,-29.1896,ASN-117
-122.66,-13.7007,THR-118
73.1976,0.597957,PHE-119
-69.1795,116.678,ARG-120
-81.9573,108.202,HIS-121
-156.754,158.804,SER-122
-79.5568,126.427,VAL-123
-109.899,145.915,VAL-124
-146.723,144.412,VAL-125
-66.9241,146.248,PRO-126
-58.1476,133.199,TYR-127
-126.126,148.522,GLU-128
-81.0436,164.867,PRO-129
-67.014,155.124,PRO-130
-86.4826,160.191,GLU-131
-42.4393,111.007,VAL-132
93.8713,-12.7566,GLY-133
-87.0866,151.188,SER-134
-92.597,-11.2779,ASP-135
-163.196,160.997,CYS-136
-91.2396,133.504,THR-137
-88.4355,121.833,THR-138
-105.333,121.722,ILE-139
-106.517,126.623,HIS-140
-113.74,164.118,TYR-141
-144.607,159.409,ASN-142
-146.202,161.436,TYR-143
-162.503,131.075,MET-144
177.437,151.607,CYS-145
-65.8066,144.913,ASN-146
-120.685,7.79564,SER-147
-100.418,-9.34432,SER-148
-88.3245,-179.834,CYS-149
-105.634,-9.11954,MET-150
82.5364,171.475,GLY-151
-74.3739,-146.841,GLY-152
-53.3199,-26.124,ILE-153
-152.449,150.522,ASN-154
-57.7873,135.248,ARG-155
-151.146,151.324,ARG-156
-83.9922,145.234,PRO-157
-132.572,142.081,ILE-158
-123.187,158.13,LEU-159
-119.415,148.67,THR-160
-105.175,120.012,ILE-161
-106.323,139.21,ILE-162
-143.663,160.023,THR-163
-114.837,131.947,LEU-164
-142.118,145.269,GLU-165
-64.7798,156.5,ASP-166
-43.275,-45.2295,SER-167
-59.0272,-4.63449,SER-168
85.6551,-12.5556,GLY-169
-65.3232,136.595,ASN-170
-80.883,125.417,LEU-171
-108.648,-29.0778,LEU-172
-162.707,168.725,GLY-173
-157.076,145.231,ARG-174
-151.873,137.852,ASN-175
-142.289,136.805,SER-176
-150.842,161.454,PHE-177
-83.49,147.654,GLU-178
-124.937,138.912,VAL-179
-134.679,125.663,ARG-180
-86.1085,152.42,VAL-181
-168.147,179.113,CYS-182
-112.175,-13.3879,ALA-183
-120.618,79.3177,CYS-184
-72.6772,-22.9638,PRO-185
-88.3091,-26.3673,GLY-186
-65.9041,-48.6407,ARG-187
-73.0678,-29.9189,ASP-188
-61.209,-55.5788,ARG-189
-55.3268,-33.7378,ARG-190
-65.8496,-41.7537,THR-191
-80.6418,-40.8103,GLU-192
-75.9306,-24.6872,GLU-193
-65.097,-34.7542,GLU-194
-82.053,3.32442,ASN-195
-90.9861,-174.642,LEU-196
-120.693,-25.193,ARG-197
-56.3299,148.825,LYS-198
-64.5185,-179.949,LYS-199
-173.656,-165.885,GLY-200
-111.714,154.678,GLU-201
-85.2242,173.236,PRO-202
-150.871,165.578,HIS-203
-58.7754,137.466,HIS-204
-83.1516,-13.2507,GLU-205
-92.62,-26.8814,LEU-206
-57.4866,138.315,PRO-207
-87.3797,166.775,PRO-208
-70.3326,134.351,GLY-209
-102.073,-135.01,SER-210
-117.301,167.24,THR-211
-97.9371,139.108,LYS-212
82.778,151.81,ARG-213
-57.9087,176.032,ALA-214
-108.308,-38.6238,LEU-215
-41.0449,142.224,PRO-216
-79.7725,26.9163,ASN-217
-65.3869,141.631,ASN-218
-134.065,32.755,SER-2
-67.3392,167.5,SER-3
-62.2578,134.699,VAL-4
-78.0401,158.757,PRO-5
-104.258,149.109,SER-6
-98.9312,-10.4902,GLN-7
-41.5624,105.567,LYS-8
-85.2283,123.999,THR-9
-149.961,149.748,TYR-10
-94.9191,-32.9573,GLN-11
96.5892,-161.111,GLY-12
-65.9894,-34.0908,SER-13
-93.5938,-4.11962,TYR-14
68.1484,24.5919,GLY-15
-50.8665,117.062,PHE-16
-145.89,174.85,ARG-17
-123.866,145.263,LEU-18
-122.688,163.882,GLY-19
-148.9,136.662,PHE-20
-80.5846,147.105,LEU-21
-65.709,35.8482,HIS-22
-73.4843,-30.1363,SER-23
79.3599,-123.767,GLY-24
-124.066,19.0925,THR-25
-64.6476,161.345,ALA-26
-54.0355,-30.3388,LYS-27
-66.5957,-17.5382,SER-28
-65.4126,123.267,VAL-29
-97.966,-39.5728,THR-30
-142.211,162.651,CYS-31
-159.112,144.251,THR-32
-128.075,137.646,TYR-33
-108.383,104.294,SER-34
-60.6716,-15.0607,PRO-35
-101.415,-1.71368,ALA-36
-105.207,-15.4905,LEU-37
54.7635,37.7469,ASN-38
-130.733,133.643,LYS-39
-106.665,140.246,MET-40
-115.547,106.428,PHE-41
-111.056,125.843,CYS-42
-66.2239,135.315,GLN-43
-68.8307,136.252,LEU-44
73.033,-27.1919,ALA-45
-67.0432,154.785,LYS-46
-59.124,121.574,THR-47
-113.923,96.5117,CYS-48
-70.6939,145.82,PRO-49
-135.237,158.494,VAL-50
-122.146,130.995,GLN-51
-108.299,112.297,LEU-52
-105.36,121.694,TRP-53
-134.788,129.259,VAL-54
-90.1725,-19.3496,ASP-55
-161.097,165.459,SER-56
-64.3006,113.179,THR-57
-77.2324,150.066,PRO-58
-56.7225,154.525,PRO-59
-64.2353,156.388,PRO-60
79.5755,1.79234,GLY-61
-68.7237,148.516,THR-62
-138.778,137.387,ARG-63
-80.1336,125.131,VAL-64
-105.302,137.684,ARG-65
-127.018,128.537,ALA-66
-144.981,159.733,MET-67
-152.544,115.204,ALA-68
-107.156,142.14,ILE-69
-81.0332,130.22,TYR-70
-151.746,144.935,LYS-71
-108.51,176.785,GLN-72
-68.593,-7.50214,SER-73
-129.114,-13.9121,GLN-74
-128.828,143.202,HIS-75
-132.251,-10.7042,MET-76
-83.598,71.1501,THR-77
-162.116,156.577,GLU-78
-103.651,150.983,VAL-79
-63.9437,127.297,VAL-80
-143.425,162.421,ARG-81
-65.7131,152.852,ARG-82
-58.3923,157.837,CYS-83
-45.5953,-36.6841,PRO-84
-76.0857,-10.4874,HIS-85
-129.815,0.167413,HIS-86
-77.5381,-6.73913,GLU-87
-152.884,-20.7477,ARG-88
-63.8698,160.202,CYS-89
-78.5426,-6.60662,SER-90
-70.6159,-15.1451,ASP-91
-101.982,-16.8777,SER-92
-73.8107,154.857,ASP-93
136.465,-157.943,GLY-94
-50.7049,-56.4814,LEU-95
-66.0162,138.696,ALA-96
-66.5703,152.295,PRO-97
-77.7575,-9.67057,PRO-98
-66.731,-33.3409,GLN-99
-75.7393,129.562,HIS-100
-74.4552,-49.4031,LEU-101
-86.7055,131.09,ILE-102
-135.119,156.137,ARG-103
-113.658,156.744,VAL-104
-157.043,-176.384,GLU-105
68.0993,-37.3603,GLY-106
-67.6675,119.198,ASN-107
-61.6305,-3.32865,LEU-108
-136.228,35.8715,ARG-109
-72.3188,149.901,VAL-110
-152.296,160.318,GLU-111
-111.321,152.525,TYR-112
-150.196,137.233,LEU-113
-75.8717,120.566,ASP-114
-53.4657,117.961,ASP-115
-66.7977,-17.7211,ARG-116
-85.995,-45.5519,ASN-117
-114.719,-11.042,THR-118
62.2738,4.93679,PHE-119
-65.1318,118.394,ARG-120
-75.3755,124.967,HIS-121
-153.662,156.438,SER-122
-71.4391,140.07,VAL-123
-134.158,130.897,VAL-124
-106.05,160.549,VAL-125
-66.7376,148.992,PRO-126
-71.196,137.513,TYR-127
-142.195,141.528,GLU-128
-79.2076,172.957,PRO-129
-65.0198,141.108,PRO-130
-56.2676,162.196,GLU-131
-53.1116,127.219,VAL-132
77.3516,0.990037,GLY-133
-97.7136,160.958,SER-134
-107.011,-26.1623,ASP-135
-142.98,162.431,CYS-136
-89.8843,145.175,THR-137
-106.17,107.17,THR-138
-92.4784,146.402,ILE-139
-136.393,117.356,HIS-140
-109.346,-175.508,TYR-141
-149.612,163.813,ASN-142
-146.319,134.028,TYR-143
-151.762,138.536,MET-144
-167.618,-150.102,CYS-145
-96.8348,148.414,ASN-146
-126.914,7.14772,SER-147
-95.8144,-33.2698,SER-148
-59.2987,168.655,CYS-149
-84.3217,-15.2831,MET-150
53.0544,-129.205,GLY-151
-90.8026,-170.521,GLY-152
-66.8555,-27.1203,ILE-153
-138.124,151.618,ASN-154
-71.1637,132.415,ARG-155
-151.027,169.885,ARG-156
-87.259,143.485,PRO-157
-130.96,135.299,ILE-158
-115.178,151.871,LEU-159
-126.244,135.518,THR-160
-109.484,132.708,ILE-161
-109.524,117.817,ILE-162
-126.473,151.069,THR-163
-103.182,141.26,LEU-164
-149.343,137.587,GLU-165
-64.8811,149.812,ASP-166
-52.6117,-28.3986,SER-167
-70.9999,-9.32831,SER-168
99.8696,2.43265,GLY-169
-73.833,123.165,ASN-170
-75.5507,131.142,LEU-171
-104.672,-39.4561,LEU-172
-158.185,171.454,GLY-173
-147.426,141.004,ARG-174
-138.698,135.404,ASN-175
-126.095,131.02,SER-176
-140.196,171.328,PHE-177
-95.4227,141.324,GLU-178
-115.717,143.273,VAL-179
-136.657,120.819,ARG-180
-80.6279,135.418,VAL-181
-161.228,-174.557,CYS-182
-122.072,-28.5356,ALA-183
-105.316,84.5772,CYS-184
-64.3409,-44.108,PRO-185
-82.557,-25.9172,GLY-186
-65.1512,-43.9105,ARG-187
-83.1425,-26.4416,ASP-188
-47.4307,-62.1923,ARG-189
-65.287,-31.3104,ARG-190
-52.3164,-54.7873,THR-191
-80.7353,-23.2221,GLU-192
-98.4331,-27.7891,GLU-193
-71.9458,-15.8585,GLU-194
-73.1616,-25.8083,ASN-195
-71.936,169.249,LEU-196
-82.2638,-8.28835,ARG-197
-71.6509,171.237,LYS-198
-78.1294,150.321,LYS-199
-138,-171.879,GLY-200
-78.219,157.081,GLU-201
-90.6737,-179.662,PRO-202
-151.11,174.344,HIS-203
-70.7881,167.842,HIS-204
-93.2565,-38.4461,GLU-205
-61.1657,-42.8042,LEU-206
-57.0229,166.263,PRO-207
-91.0247,-170.427,PRO-208
-97.3338,-142.045,GLY-209
-157.928,-167.166,SER-210
-88.1988,145.137,THR-211
-66.1194,147.266,LYS-212
63.6938,149.973,ARG-213
-67.1635,173.411,ALA-214
-75.6312,-39.5471,LEU-215
-69.7236,147.47,PRO-216
-70.5627,4.10898,ASN-217
-54.0324,145.31,ASN-218
-111.917,33.5463,SER-2
-77.5926,154.867,SER-3
-63.6414,134.481,VAL-4
-71.302,162.8,PRO-5
-104.631,144.884,SER-6
-101.86,4.2226,GLN-7
-69.3491,119.168,LYS-8
-73.9433,148.127,THR-9
-171.174,148.487,TYR-10
-85.0309,-31.336,GLN-11
75.3354,-145.379,GLY-12
-85.271,-27.0191,SER-13
-95.6712,-1.59636,TYR-14
85.7424,25.2647,GLY-15
-67.5117,129.989,PHE-16
-160.51,151.239,ARG-17
-117.429,166.653,LEU-18
-163.907,166.195,GLY-19
-140.839,140.504,PHE-20
-70.819,143.385,LEU-21
-66.7538,63.1127,HIS-22
-86.9381,-33.2304,SER-23
88.8054,-123.103,GLY-24
-144.235,6.82747,THR-25
-56.3591,159.194,ALA-26
-56.1654,-28.356,LYS-27
-70.7761,-11.469,SER-28
-83.4583,117.505,VAL-29
-82.2891,-30.9178,THR-30
-163.675,154.396,CYS-31
-159.947,145.804,THR-32
-132.756,133.999,TYR-33
-107.309,104.313,SER-34
-67.6545,-30.0197,PRO-35
-78.0321,-18.0631,ALA-36
-93.9422,-7.8804,LEU-37
61.6528,16.5708,ASN-38
-125.159,134.457,LYS-39
-92.4778,154.142,MET-40
-133.969,110.832,PHE-41
-105.923,157.519,CYS-42
-95.0115,134.282,GLN-43
-57.7476,146.306,LEU-44
75.3931,-19.426,ALA-45
-88.8707,169.528,LYS-46
-81.2284,129.876,THR-47
-123.349,100.806,CYS-48
-75.5463,136.913,PRO-49
-127.219,156.108,VAL-50
-115.557,132.286,GLN-51
-106.157,129.293,LEU-52
-124.195,146.706,TRP-53
-169.247,123.634,VAL-54
-98.1597,-4.3255,ASP-55
-146.362,170.309,SER-56
-77.8229,121.105,THR-57
-81.4844,154.705,PRO-58
-66.4756,163.387,PRO-59
-82.1367,157.193,PRO-60
86.9301,-4.29588,GLY-61
-70.0927,157.355,THR-62
-149.216,147.896,ARG-63
-97.2433,138.029,VAL-64
-130.971,145.68,ARG-65
-142.649,131.181,ALA-66
-157.941,160.949,MET-67
-154.68,137.399,ALA-68
-112.34,146.286,ILE-69
-105.893,105.618,TYR-70
-126.455,153.892,LYS-71
-125.344,-179.636,GLN-72
-59.6736,-27.4856,SER-73
-134.393,26.3336,GLN-74
-154.563,127.971,HIS-75
-134.626,-15.5506,MET-76
-79.4134,57.7119,THR-77
-153.841,156.387,GLU-78
-113.632,169.384,VAL-79
-80.0765,119.07,VAL-80
-146.52,148.414,ARG-81
-48.9872,149.375,ARG-82
-45.1079,154.196,CYS-83
-55.6802,-30.9044,PRO-84
-92.1977,17.3402,HIS-85
-155.331,11.9224,HIS-86
-95.7202,-3.35184,GLU-87
-145.895,-21.6418,ARG-88
-70.0291,160.354,CYS-89
-77.0208,-22.5143,SER-90
-56.3595,-20.1368,ASP-91
-96.5191,-9.2147,SER-92
-77.7966,165.625,ASP-93
152.503,-144.392,GLY-94
-64.8889,-50.1799,LEU-95
-74.2706,147.279,ALA-96
-45.9742,148.879,PRO-97
-86.0396,-1.20688,PRO-98
-65.2309,-34.0676,GLN-99
-76.454,120.002,HIS-100
-69.8676,-37.1182,LEU-101
-104.605,126.943,ILE-102
-135.384,146.931,ARG-103
-106.661,144.962,VAL-104
-146.203,-164.145,GLU-105
69.0116,-59.6642,GLY-106
-67.009,108.666,ASN-107
-62.4208,-24.4558,LEU-108
-89.4308,15.96,ARG-109
-50.1324,127.453,VAL-110
-143.876,171.994,GLU-111
-100.906,155.511,TYR-112
-169.815,158.286,LEU-113
-92.0862,143.514,ASP-114
-74.8269,142.939,ASP-115
-53.7943,-65.4582,ARG-116
-63.3535,-39.0527,ASN-117
-117.084,-20.0741,THR-118
73.3254,-4.26745,PHE-119
-56.1926,124.614,ARG-120
-80.4783,115.135,HIS-121
-166.203,159.834,SER-122
-76.6889,137.22,VAL-123
-127.733,142.869,VAL-124
-122.316,166.099,VAL-125
-61.5034,147.09,PRO-126
-56.1951,147.467,TYR-127
-136.068,140.452,GLU-128
-57.9746,161.816,PRO-129
-74.7358,165.34,PRO-130
-68.6615,156.495,GLU-131
-65.9139,123.12,VAL-132
94.596,-11.1603,GLY-133
-87.5367,165.592,SER-134
-107.4,-4.69979,ASP-135
-157.977,155.921,CYS-136
-100.77,122.385,THR-137
-74.8862,114.772,THR-138
-102.555,138.711,ILE-139
-121.143,131.656,HIS-140
-110.143,164.354,TYR-141
-144.762,141.602,ASN-142
-120.892,153.2,TYR-143
-158.053,125.919,MET-144
-163.602,176.556,CYS-145
-86.5954,136.882,ASN-146
-127.027,7.08635,SER-147
-80.2806,-0.631222,SER-148
-82.8104,176.208,CYS-149
-65.4344,-44.3629,MET-150
86.0638,-157.421,GLY-151
-63.7524,-179.375,GLY-152
-51.4034,-22.3095,ILE-153
-154.344,166.187,ASN-154
-80.3643,144.772,ARG-155
-156.62,159.638,ARG-156
-77.4958,150.471,PRO-157
-134.488,122.024,ILE-158
-93.0043,162.738,LEU-159
-137.074,141.361,THR-160
-119.742,110.261,ILE-161
-104.03,148.906,ILE-162
-152.508,142.286,THR-163
-78.247,144.751,LEU-164
-147.919,158.421,GLU-165
-64.6426,171.958,ASP-166
-57.4355,-41.9268,SER-167
-85.772,18.0841,SER-168
81.0534,3.5105,GLY-169
-64.4302,143.263,ASN-170
-85.5566,113.64,LEU-171
-101.125,-10.5905,LEU-172
166.019,160.372,GLY-173
-155.967,149.728,ARG-174
-158.886,120.011,ASN-175
-110.127,147.709,SER-176
-147.601,155.709,PHE-177
-78.3926,149.235,GLU-178
-138.278,156.491,VAL-179
-155.277,120.306,ARG-180
-90.3612,146.246,VAL-181
-172.476,-176.57,CYS-182
-107.661,-23.2589,ALA-183
-136.646,87.022,CYS-184
-80.0279,-35.6314,PRO-185
-63.2795,-51.1915,GLY-186
-69.4467,-44.0543,ARG-187
-73.0528,-33.3454,ASP-188
-55.3249,-52.1235,ARG-189
-49.2585,-53.3524,ARG-190
-34.5083,-51.7065,THR-191
-89.3427,-27.9942,GLU-192
-81.1414,-38.2785,GLU-193
-64.3867,-15.6458,GLU-194
-60.8223,-29.866,ASN-195
-72.807,143.08,LEU-196
-78.2698,6.00242,ARG-197
-101.536,148.931,LYS-198
-67.3956,167.01,LYS-199
-137.413,152.702,GLY-200
-64.2919,139.241,GLU-201
-77.0123,171.193,PRO-202
-153.432,169.746,HIS-203
-66.6597,130.286,HIS-204
-74.3867,-24.0244,GLU-205
-65.2242,-42.5211,LEU-206
-83.5917,143.759,PRO-207
-79.2912,144.343,PRO-208
-76.3481,-127.911,GLY-209
-156.788,-160.665,SER-210
-73.1589,140.91,THR-211
-80.9783,144.223,LYS-212
69.5505,158.184,ARG-213
-80.238,161.445,ALA-214
-75.2034,-50.2556,LEU-215
-43.726,123.762,PRO-216
-59.4332,-1.10369,ASN-217
-33.2274,126.922,ASN-218
-109.902,30.2744,SER-2
-65.1851,145.376,SER-3
-65.8403,137.147,VAL-4
-65.0688,138.982,PRO-5
-78.6611,131.817,SER-6
-84.9303,-17.9858,GLN-7
-46.0391,125.86,LYS-8
-72.3949,143.508,THR-9
-168.468,151.681,TYR-10
-96.1533,-22.6535,GLN-11
71.2061,-153.387,GLY-12
-58.6327,-20.793,SER-13
-94.7993,-21.8835,TYR-14
69.5687,32.3904,GLY-15
-71.3389,126.324,PHE-16
-159.061,157.535,ARG-17
-105.678,162.615,LEU-18
-147.674,144.407,GLY-19
-124.808,139.387,PHE-20
-78.2402,152.853,LEU-21
-76.5904,41.4844,HIS-22
-71.5016,-34.3485,SER-23
86.4285,-157.322,GLY-24
-95.6789,-4.64618,THR-25
-51.5873,160.875,ALA-26
-71.1306,-29.1392,LYS-27
-70.0562,-12.7476,SER-28
-76.7159,119.904,VAL-29
-72.7679,-42.8367,THR-30
-147.588,160.443,CYS-31
-156.926,142.168,THR-32
-119.231,115.005,TYR-33
-69.7862,116.197,SER-34
-64.5478,-58.489,PRO-35
-63.0912,-46.0533,ALA-36
-61.8218,-9.17281,LEU-37
44.5181,55.0502,ASN-38
-144.686,134.708,LYS-39
-94.6535,149.571,MET-40
-122.534,125.721,PHE-41
-114.163,121.335,CYS-42
-64.9952,135.352,GLN-43
-63.5632,151.754,LEU-44
63.2269,-15.358,ALA-45
-73.9295,152.973,LYS-46
-67.6597,126.326,THR-47
-130.253,111.976,CYS-48
-92.5485,141.898,PRO-49
-137.579,127.565,VAL-50
-86.7684,154.033,GLN-51
-132.471,128.774,LEU-52
-116.046,147.093,TRP-53
-159.135,126.522,VAL-54
-90.0992,15.0533,ASP-55
-158.859,148.124,SER-56
-75.7547,111.678,THR-57
-69.6103,141.701,PRO-58
-44.2917,156.41,PRO-59
-68.0294,153.319,PRO-60
82.9467,-9.39419,GLY-61
-50.073,143.403,THR-62
-133.421,132.182,ARG-63
-76.7945,127.506,VAL-64
-121.405,144.23,ARG-65
-131.01,158.929,ALA-66
178.391,175.156,MET-67
-149.713,127.261,ALA-68
-111.054,146.164,ILE-69
-101.173,130.554,TYR-70
-152.092,155.022,LYS-71
-113.008,-153.823,GLN-72
-74.4889,-20.9028,SER-73
-137.167,0.0692146,GLN-74
-130.704,127.551,HIS-75
-133.331,8.53226,MET-76
-85.6922,53.7494,THR-77
-151.923,172.306,GLU-78
-144.528,151.235,VAL-79
-70.9164,125.84,VAL-80
-149.218,150.022,ARG-81
-52.1749,150.857,ARG-82
-51.289,162.203,CYS-83
-53.9983,-49.2531,PRO-84
-63.8142,-5.23262,HIS-85
-137.081,14.8962,HIS-86
-99.5626,-0.488333,GLU-87
-132.185,-27.7096,ARG-88
-74.9008,168.032,CYS-89
-73.8463,-12.4698,SER-90
-73.0519,-23.9483,ASP-91
-110.67,-39.6047,SER-92
-58.9607,154.531,ASP-93
167.5,-84.6317,GLY-94
-101.741,-67.9897,LEU-95
-58.7654,146.931,ALA-96
-74.5592,160.237,PRO-97
-74.5537,-28.3614,PRO-98
-73.7478,-22.534,GLN-99
-75.0483,140.221,HIS-100
-102.423,-48.3225,LEU-101
-80.9266,112.983,ILE-102
-126.055,145.279,ARG-103
-94.436,141.061,VAL-104
-132.313,162.774,GLU-105
84.6425,-49.6156,GLY-106
-69.0666,100.55,ASN-107
-60.2182,-25.8848,LEU-108
-71.4004,-7.49716,ARG-109
-50.201,135.55,VAL-110
-153.085,174.611,GLU-111
-108.02,165.039,TYR-112
-161.318,144.404,LEU-113
-71.4279,114.344,ASP-114
-67.6755,133.441,ASP-115
-67.6555,-36.9207,ARG-116
-74.9735,-31.8646,ASN-117
-125.984,-13.0794,THR-118
76.8959,-8.70678,PHE-119
-65.2466,124.327,ARG-120
-77.0496,105.964,HIS-121
-138.85,150.487,SER-122
-65.6009,139.141,VAL-123
-135.932,147.588,VAL-124
-144.574,151.08,VAL-125
-65.1162,157.132,PRO-126
-72.1836,126.364,TYR-127
-133.108,161.332,GLU-128
-97.0252,172.06,PRO-129
-62.5285,158.907,PRO-130
-54.6598,145.389,GLU-131
-76.5744,119.721,VAL-132
102.137,-5.39439,GLY-133
-116.776,173.782,SER-134
-100.268,-33.541,ASP-135
-140.698,145.374,CYS-136
-72.2146,150.422,THR-137
-122.152,121.667,THR-138
-90.4473,137.556,ILE-139
-126.493,145.305,HIS-140
-126.184,163.266,TYR-141
-139.101,157.7,ASN-142
-139.035,156.623,TYR-143
-162.093,137.243,MET-144
170.813,-170.982,CYS-145
-122.059,149.996,ASN-146
-129.499,-13.2447,SER-147
-57.1762,-26.9566,SER-148
-97.4738,172.55,CYS-149
-93.4355,-33.1802,MET-150
78.9886,-142.346,GLY-151
-78.0794,178.638,GLY-152
-53.4885,-26.3525,ILE-153
-155.775,142.663,ASN-154
-52.2438,130.308,ARG-155
-145.329,163.877,ARG-156
-86.7771,143.357,PRO-157
-131.739,131.178,ILE-158
-106.443,146.617,LEU-159
-112.588,147.964,THR-160
-120.728,102.025,ILE-161
-105.706,131.027,ILE-162
-138.649,150.079,THR-163
-116.9,132.818,LEU-164
-134.574,145.744,GLU-165
-66.5784,153.383,ASP-166
-60.0646,-12.9762,SER-167
-86.2767,0.844177,SER-168
101.445,-6.74711,GLY-169
-61.4763,126.52,ASN-170
-68.9536,119.656,LEU-171
-95.3137,-25.8986,LEU-172
177.279,160.883,GLY-173
-155.937,141.267,ARG-174
-132.798,141.94,ASN-175
-143.484,134.383,SER-176
-149.005,158.945,PHE-177
-82.1302,149.663,GLU-178
-129.293,154.878,VAL-179
-128.667,112.78,ARG-180
-67.7381,136.062,VAL-181
-170.644,177.863,CYS-182
-110.105,-20.1221,ALA-183
-122.514,67.1244,CYS-184
-53.2968,-45.0845,PRO-185
-66.7691,-49.641,GLY-186
-56.9107,-58.6446,ARG-187
-57.9265,-29.557,ASP-188
-60.7725,-51.1504,ARG-189
-60.8573,-52.7695,ARG-190
-38.1978,-43.4532,THR-191
-90.9164,-32.9233,GLU-192
-81.532,-23.3365,GLU-193
-78.2719,-5.19936,GLU-194
-69.0014,-36.2565,ASN-195
-62.6495,144.038,LEU-196
-70.5967,-13.9354,ARG-197
-80.6964,157.674,LYS-198
-84.9678,161.113,LYS-199
-128.03,151.136,GLY-200
-60.0269,143.092,GLU-201
-67.6096,-175.62,PRO-202
-175.445,159.871,HIS-203
-64.4214,154.936,HIS-204
-109.758,-1.38636,GLU-205
-67.3536,-69.1596,LEU-206
-49.2738,150.293,PRO-207
-68.5125,171.278,PRO-208
-84.2416,-133.269,GLY-209
178.137,-168.32,SER-210
-85.1535,150.183,THR-211
-88.9061,138.349,LYS-212
81.5654,144.707,ARG-213
-59.807,173.115,ALA-214
-103.533,-21.3111,LEU-215
-71.715,145.659,PRO-216
-84.4513,11.939,ASN-217
-51.6599,133.036,ASN-218
-124.358,51.3211,SER-2
-75.5559,-178.557,SER-3
-81.733,136.543,VAL-4
-70.3475,131.512,PRO-5
-78.7353,145.173,SER-6
-107.706,-16.4713,GLN-7
-51.1166,125.473,LYS-8
-77.4237,140.06,THR-9
-166.182,139.104,TYR-10
-105.137,-24.3449,GLN-11
72.2772,-136.588,GLY-12
-77.466,-1.2202,SER-13
-130.813,-16.4942,TYR-14
79.1706,27.7349,GLY-15
-65.8738,119.862,PHE-16
-151.748,131.65,ARG-17
-93.0992,163.668,LEU-18
-148.828,124.786,GLY-19
-93.7568,126.565,PHE-20
-64.7674,153.99,LEU-21
-67.3591,46.048,HIS-22
-77.4221,-37.0599,SER-23
88.4166,-136.077,GLY-24
-139.447,-4.36389,THR-25
-64.9483,165.052,ALA-26
-51.9932,-38.456,LYS-27
-73.8495,-13.0198,SER-28
-64.6126,123.012,VAL-29
-95.0241,-40.1807,THR-30
-137.51,148.318,CYS-31
-142.16,129.054,THR-32
-113.771,142.363,TYR-33
-95.2657,104.111,SER-34
-56.8731,-30.5986,PRO-35
-82.6188,0.150626,ALA-36
-118.598,-27.8597,LEU-37
64.1537,33.0472,ASN-38
-113.842,139.868,LYS-39
-115.629,133.379,MET-40
-109.375,125.286,PHE-41
-133.06,129.722,CYS-42
-60.6493,122.572,GLN-43
-55.2332,131.457,LEU-44
85.433,-22.5565,ALA-45
-77.9865,156.563,LYS-46
-74.226,111.187,THR-47
-108.781,121.243,CYS-48
-96.369,148.928,PRO-49
-143.751,125.363,VAL-50
-79.5122,156.205,GLN-51
-139.54,144.289,LEU-52
-133.386,160.216,TRP-53
-152.667,149.719,VAL-54
-91.2967,-37.6398,ASP-55
-110.934,159.378,SER-56
-91.7292,114.235,THR-57
-59.9743,144.738,PRO-58
-46.7378,163.035,PRO-59
-77.3292,135.809,PRO-60
94.3269,-4.6829,GLY-61
-64.1859,150.477,THR-62
-134.95,142.327,ARG-63
-92.3911,112.377,VAL-64
-100.334,146.629,ARG-65
-133.069,131.323,ALA-66
-148.239,175.373,MET-67
-155.445,148.48,ALA-68
-120.41,153.282,ILE-69
-113.935,131.241,TYR-70
-140.867,152.151,LYS-71
-128.473,-168.226,GLN-72
-52.7224,-34.5804,SER-73
-134.44,-7.45223,GLN-74
-113.939,130.775,HIS-75
-141.405,22.128,MET-76
-124.48,45.3788,THR-77
-125.64,160.792,GLU-78
-113.581,154.701,VAL-79
-71.741,129.199,VAL-80
-141.275,167.753,ARG-81
-75.6159,171.174,ARG-82
-43.0683,125.28,CYS-83
-47.7828,-21.0549,PRO-84
-90.5118,-1.89177,HIS-85
-121.97,8.81977,HIS-86
-93.1998,13.4827,GLU-87
-155.709,-17.428,ARG-88
-63.2459,157.034,CYS-89
-62.0075,-21.4133,SER-90
-76.5394,-17.5502,ASP-91
-92.6722,-13.9128,SER-92
-74.0779,168.663,ASP-93
148.164,-168.081,GLY-94
-46.9954,-34.368,LEU-95
-99.2305,167.339,ALA-96
-63.2099,145.575,PRO-97
-62.7104,-13.4011,PRO-98
-77.2699,-32.8141,GLN-99
-67.551,120.325,HIS-100
-73.1853,-41.0146,LEU-101
-87.2683,119.118,ILE-102
-127.586,167.134,ARG-103
-137.398,153.572,VAL-104
-159.37,-169.667,GLU-105
76.2939,-57.1754,GLY-106
-70.7547,106.837,ASN-107
-60.3302,-30.0846,LEU-108
-80.2495,40.0222,ARG-109
-83.8916,143.483,VAL-110
-154.257,162.812,GLU-111
-97.4653,153.118,TYR-112
-154.798,143.272,LEU-113
-70.2253,165.327,ASP-114
-111.734,138.456,ASP-115
-60.3767,-31.0729,ARG-116
-105.577,-29.6422,ASN-117
-122.612,-4.687,THR-118
64.0774,1.52013,PHE-119
-73.6548,112.702,ARG-120
-71.459,112.726,HIS-121
-149.158,154.654,SER-122
-74.8115,139.113,VAL-123
-137.71,130.935,VAL-124
-126.039,153.942,VAL-125
-63.2903,154.81,PRO-126
-73.4476,123.351,TYR-127
-120.201,155.94,GLU-128
-63.1506,156.57,PRO-129
-64.4089,166.517,PRO-130
-68.4803,153.217,GLU-131
-43.8065,135.38,VAL-132
68.1432,-20.5028,GLY-133
-85.2134,149.153,SER-134
-65.4069,-34.4258,ASP-135
-164.319,173.2,CYS-136
-70.8187,141.936,THR-137
-117.196,137.321,THR-138
-101.897,121.539,ILE-139
-103.463,146.238,HIS-140
-141.94,164.668,TYR-141
-150.043,149.144,ASN-142
-138.872,134.838,TYR-143
-143.894,126.147,MET-144
174.963,175.849,CYS-145
-87.9604,147.172,ASN-146
-137.856,26.9395,SER-147
-114.937,-9.92333,SER-148
-80.4888,171.755,CYS-149
-87.604,-22.681,MET-150
95.2575,178.109,GLY-151
-76.7252,-124.243,GLY-152
-70.0965,-20.9101,ILE-153
-164.032,132.722,ASN-154
-59.8383,128.215,ARG-155
-151.517,174.998,ARG-156
-72.3851,164.625,PRO-157
-153.42,133.322,ILE-158
-111.207,153.017,LEU-159
-142.909,140.245,THR-160
-119.518,120.385,ILE-161
-119.371,130.517,ILE-162
-144.592,168.376,THR-163
-126.804,114.947,LEU-164
-121.944,140.431,GLU-165
-66.9791,164.971,ASP-166
-56.5446,-32.7113,SER-167
-90.6793,-0.327628,SER-168
92.2928,14.5812,GLY-169
-63.852,117.832,ASN-170
-83.7814,130.186,LEU-171
-109.669,-31.2306,LEU-172
-174.991,168.255,GLY-173
-153.832,154.646,ARG-174
-166.589,127.732,ASN-175
-141.431,151.874,SER-176
-154.297,156.715,PHE-177
-77.6533,150.446,GLU-178
-123.684,136.122,VAL-179
-128.864,116.635,ARG-180
-64.7411,138.167,VAL-181
-161.541,158.045,CYS-182
-84.2854,-33.9717,ALA-183
-123.181,74.2076,CYS-184
-67.2211,-27.6945,PRO-185
-73.687,-33.8551,GLY-186
-69.7712,-50.3778,ARG-187
-71.6807,-36.7783,ASP-188
-54.0172,-59.0704,ARG-189
-53.7544,-39.5734,ARG-190
-53.1842,-41.8139,THR-191
-94.9092,-30.3355,GLU-192
-88.3867,-28.7654,GLU-193
-74.1412,-9.04177,GLU-194
-77.3633,-18.9646,ASN-195
-91.6763,155.094,LEU-196
-79.1031,-4.47921,ARG-197
-98.5008,153.912,LYS-198
-61.6298,154.768,LYS-199
-120.755,-179.4,GLY-200
-84.0473,157.383,GLU-201
-81.2862,146.723,PRO-202
-156.568,154.551,HIS-203
-77.0533,144.431,HIS-204
-103.145,-9.48801,GLU-205
-70.4041,-41.2265,LEU-206
-47.3595,163.06,PRO-207
-53.3287,161.787,PRO-208
-93.8112,-142.716,GLY-209
-171.201,-168.8,SER-210
-84.15,148.773,THR-211
-83.4999,137.267,LYS-212
77.3801,162.322,ARG-213
-85.1641,179.145,ALA-214
-95.0419,-36.9369,LEU-215
-56.0161,143.094,PRO-216
-71.1449,-8.75715,ASN-217
-42.3087,134.078,ASN-218
-129.006,59.8953,SER-2
-69.188,155.84,SER-3
-63.5345,133.042,VAL-4
-70.4851,151.529,PRO-5
-75.9446,165.998,SER-6
-104.096,-42.3077,GLN-7
-43.9619,111.258,LYS-8
-59.5344,129.701,THR-9
-151.726,157.669,TYR-10
-103.209,-5.30889,GLN-11
62.9835,-167.756,GLY-12
-77.8456,-4.76976,SER-13
-114.844,-10.6589,TYR-14
78.9573,17.9488,GLY-15
-46.7217,106.536,PHE-16
-143.149,149.305,ARG-17
-106.011,144.045,LEU-18
-134.665,125.973,GLY-19
-84.6417,159.468,PHE-20
-80.3459,154.357,LEU-21
-80.119,61.8764,HIS-22
-89.2938,-44.7819,SER-23
88.034,-141.184,GLY-24
-141.308,5.99226,THR-25
-73.2614,166.017,ALA-26
-68.3022,-15.997,LYS-27
-74.5071,-20.7229,SER-28
-59.7848,136.017,VAL-29
-97.9472,-46.4176,THR-30
-148.441,156.957,CYS-31
-164.082,142.821,THR-32
-133.2,127.912,TYR-33
-96.6657,113.447,SER-34
-77.1681,-22.2849,PRO-35
-71.3392,-47.8192,ALA-36
-72.4701,-20.4223,LEU-37
59.145,46.3548,ASN-38
-132.03,126.024,LYS-39
-90.2074,142.382,MET-40
-118.731,130.569,PHE-41
-134.371,136.347,CYS-42
-63.0544,117.78,GLN-43
-64.9916,128.042,LEU-44
96.8143,15.6738,ALA-45
-118.384,169.778,LYS-46
-77.3503,120.375,THR-47
-113.042,104.387,CYS-48
-73.2176,150.995,PRO-49
-138.011,144.454,VAL-50
-96.4179,134.695,GLN-51
-111.347,122.649,LEU-52
-106.671,137.243,TRP-53
-143.121,116.341,VAL-54
-78.0159,-9.81761,ASP-55
-152.967,129.404,SER-56
-62.0813,126.879,THR-57
-59.5532,148.005,PRO-58
-52.3935,149.641,PRO-59
-71.9004,154.956,PRO-60
75.9001,9.84028,GLY-61
-75.5802,150.946,THR-62
-133.624,137.076,ARG-63
-79.2555,130.412,VAL-64
-108.388,140.413,ARG-65
-115.822,142.078,ALA-66
-146.906,170.855,MET-67
-154.949,121.034,ALA-68
-124.248,160.212,ILE-69
-129.095,124.979,TYR-70
-135.695,151.603,LYS-71
-127.603,173.117,GLN-72
-56.1466,-30.6117,SER-73
-114.804,12.8165,GLN-74
-159.91,99.917,HIS-75
-107.144,11.5072,MET-76
-104.955,63.1262,THR-77
-153.609,168.23,GLU-78
-111.589,143.707,VAL-79
-74.6926,123.766,VAL-80
-136.112,163.816,ARG-81
-67.5184,175.252,ARG-82
-50.3802,154.644,CYS-83
-56.8925,-25.8667,PRO-84
-91.4212,-12.2755,HIS-85
-122.49,5.0823,HIS-86
-95.5196,-2.22461,GLU-87
-131.616,-30.7831,ARG-88
-59.4368,156.119,CYS-89
-64.4146,-12.2549,SER-90
-83.1893,4.17939,ASP-91
-127.224,0.193418,SER-92
-96.2197,154.355,ASP-93
154.053,-119.178,GLY-94
-55.7481,-59.18,LEU-95
-73.244,149.06,ALA-96
-70.3246,148.35,PRO-97
-63.6766,-21.8115,PRO-98
-72.0227,-39.0557,GLN-99
-55.6728,119.578,HIS-100
-68.9817,-59.8155,LEU-101
-87.1099,124.809,ILE-102
-128.415,162.542,ARG-103
-124.112,137.06,VAL-104
-134.585,-176.414,GLU-105
75.3906,-23.5231,GLY-106
-98.4962,115.166,ASN-107
-71.4466,-2.90179,LEU-108
-118.989,21.2934,ARG-109
-39.8378,131.121,VAL-110
-159.333,165.408,GLU-111
-114.826,153.708,TYR-112
-154.556,157.731,LEU-113
-99.3,-166.433,ASP-114
-170.279,127.27,ASP-115
-69.5195,-28.6605,ARG-116
-96.2001,-29.9861,ASN-117
-119.664,-14.3169,THR-118
59.4258,2.65591,PHE-119
-68.7636,117.15,ARG-120
-83.9848,112.02,HIS-121
-145.069,154.493,SER-122
-75.5594,134.726,VAL-123
-124.692,147.867,VAL-124
-143.43,143.172,VAL-125
-59.8455,144.491,PRO-126
-63.8612,138.727,TYR-127
-130.516,137.907,GLU-128
-74.3008,171.044,PRO-129
-64.0026,167.158,PRO-130
-68.2542,165.013,GLU-131
-69.9665,116.102,VAL-132
86.5663,-18.9849,GLY-133
-69.3782,163.989,SER-134
-100.84,-21.6721,ASP-135
-141.476,152.855,CYS-136
-82.0973,155.706,THR-137
-110.038,122.575,THR-138
-105.253,129.519,ILE-139
-113.048,144.039,HIS-140
-110.969,178.739,TYR-141
-141.549,147.343,ASN-142
-127.325,161.829,TYR-143
-162.411,115.362,MET-144
-171.624,178.427,CYS-145
-105.012,138.151,ASN-146
-132.178,27.5575,SER-147
-130.006,-25.9725,SER-148
-58.5802,175.117,CYS-149
-80.8247,-29.9659,MET-150
101.182,-159.083,GLY-151
-68.957,-154.332,GLY-152
-65.2481,-26.6399,ILE-153
-140.872,139.927,ASN-154
-70.925,129.672,ARG-155
-139.94,164.096,ARG-156
-75.2942,149.4,PRO-157
-134.29,132.45,ILE-158
-103.601,172.539,LEU-159
-125.195,149.22,THR-160
-114.141,125.041,ILE-161
-110.595,134.039,ILE-162
-138.42,158.442,THR-163
-103.643,141.534,LEU-164
-144.865,166.642,GLU-165
-87.7393,163.128,ASP-166
-62.9814,-28.9264,SER-167
-73.0767,-17.6353,SER-168
108.403,-9.11717,GLY-169
-59.4413,108.755,ASN-170
-57.1738,125.977,LEU-171
-105.17,-36.5187,LEU-172
-156.339,174.227,GLY-173
-154.03,144.347,ARG-174
-149.091,136.667,ASN-175
-140.861,151.627,SER-176
-175.26,168.796,PHE-177
-79.1271,142.506,GLU-178
-116.095,133.655,VAL-179
-111.078,119.241,ARG-180
-87.7847,140.64,VAL-181
-157.783,167.994,CYS-182
-95.367,-28.0895,ALA-183
-116.313,82.7134,CYS-184
-70.1477,-43.1773,PRO-185
-68.1266,-33.3125,GLY-186
-76.0971,-44.9296,ARG-187
-83.8471,-6.76529,ASP-188
-79.6346,-50.8511,ARG-189
-54.6169,-38.8264,ARG-190
-42.6913,-67.0106,THR-191
-62.7142,-30.9986,GLU-192
-88.9724,-41.5367,GLU-193
-61.3621,-29.2787,GLU-194
-69.5558,-24.6549,ASN-195
-64.5351,157.417,LEU-196
-83.2575,-12.7891,ARG-197
-65.4148,163.845,LYS-198
-68.6844,142.42,LYS-199
-132.169,154.039,GLY-200
-72.4148,142.577,GLU-201
-74.9451,145.208,PRO-202
-138.922,164.518,HIS-203
-73.8164,154.238,HIS-204
-91.0118,-12.9439,GLU-205
-76.8705,-36.5464,LEU-206
-59.6648,155.884,PRO-207
-78.4071,158.935,PRO-208
-79.395,-169.72,GLY-209
-175.991,172.77,SER-210
-99.3545,168.349,THR-211
-100.932,158.641,LYS-212
58.2828,162.658,ARG-213
-80.9965,172.104,ALA-214
-85.6745,-39.1145,LEU-215
-57.4269,145.504,PRO-216
-71.238,-7.91848,ASN-217
-49.0185,141.275,ASN-218
-117.992,52.8391,SER-2
-78.582,171.352,SER-3
-92.0252,132.804,VAL-4
-62.2828,141.785,PRO-5
-80.3433,164.891,SER-6
-114.273,-27.5016,GLN-7
-49.1303,106.938,LYS-8
-45.6896,134.084,THR-9
-154.134,144.072,TYR-10
-89.377,-22.9796,GLN-11
66.4018,-160.193,GLY-12
-65.257,-21.5413,SER-13
-112.857,-13.3134,TYR-14
88.5113,17.3186,GLY-15
-50.1383,126.073,PHE-16
-158.834,160.184,ARG-17
-103.564,144.13,LEU-18
-119.695,109.746,GLY-19
-78.3003,132.719,PHE-20
-68.694,153.179,LEU-21
-77.5959,21.6623,HIS-22
-53.9972,-31.85,SER-23
82.6805,-143.53,GLY-24
-118.221,-3.27673,THR-25
-58.7059,147.664,ALA-26
-51.8562,-33.0872,LYS-27
-60.1404,-20.9561,SER-28
-81.3984,118.279,VAL-29
-81.4834,-24.2918,THR-30
-157.542,156.573,CYS-31
-155.516,131.586,THR-32
-124.574,128.499,TYR-33
-103.371,102.025,SER-34
-68.3725,-17.3972,PRO-35
-86.2403,-15.6745,ALA-36
-96.5986,-14.7798,LEU-37
43.205,36.0355,ASN-38
-109.986,122.589,LYS-39
-91.3845,116.525,MET-40
-98.2545,118.19,PHE-41
-118.936,144.577,CYS-42
-81.2151,128.784,GLN-43
-57.0631,149.586,LEU-44
54.4625,25.7381,ALA-45
-133.557,153.206,LYS-46
-69.4082,109.977,THR-47
-95.1862,115.649,CYS-48
-87.9099,147.237,PRO-49
-145.654,137.881,VAL-50
-97.327,140.56,GLN-51
-103.676,121.544,LEU-52
-100.258,132.474,TRP-53
-143.477,127.775,VAL-54
-71.2287,-39.1635,ASP-55
-138.643,139.02,SER-56
-82.2302,120.805,THR-57
-78.3814,164.672,PRO-58
-51.6309,151.777,PRO-59
-45.1288,144.665,PRO-60
73.5413,9.35255,GLY-61
-69.5896,138.948,THR-62
-130.108,139.149,ARG-63
-93.2549,116.739,VAL-64
-103.712,152.022,ARG-65
-135.654,135.916,ALA-66
-143.471,165.277,MET-67
-137.989,112.396,ALA-68
-80.298,155.797,ILE-69
-110.83,128.507,TYR-70
-148.172,154.11,LYS-71
-119.931,-178.452,GLN-72
-49.3409,-41.469,SER-73
-134.864,36.9495,GLN-74
-135.45,129.612,HIS-75
-130.541,14.8578,MET-76
-102.725,0.584292,THR-77
-97.476,165.497,GLU-78
-108.984,149.876,VAL-79
-62.0689,113.787,VAL-80
-112.115,163.956,ARG-81
-65.0026,162.907,ARG-82
-45.9666,141.172,CYS-83
-52.472,-32.7003,PRO-84
-55.1218,-22.9842,HIS-85
-131.066,16.1912,HIS-86
-107.423,7.08972,GLU-87
-140.682,-37.1056,ARG-88
-82.9427,168.256,CYS-89
-57.621,-16.6794,SER-90
-85.5102,-10.9993,ASP-91
-106.151,-30.8137,SER-92
-66.6148,150.191,ASP-93
-179.583,-124.974,GLY-94
-57.8116,-55.8136,LEU-95
-63.9591,137.79,ALA-96
-65.5132,148.041,PRO-97
-80.0094,-1.55764,PRO-98
-70.9424,-18.162,GLN-99
-81.1442,113.599,HIS-100
-70.5692,-50.8746,LEU-101
-84.7852,129.4,ILE-102
-136.647,150.033,ARG-103
-112.911,157.619,VAL-104
-150.223,-163.606,GLU-105
72.2086,-92.8123,GLY-106
-51.5132,132.15,ASN-107
-84.2278,-19.884,LEU-108
-83.8607,31.6984,ARG-109
-76.3569,133.46,VAL-110
-163.517,166.099,GLU-111
-122.203,138.901,TYR-112
-150.088,142.529,LEU-113
-89.5728,150.106,ASP-114
-81.0977,139.695,ASP-115
-63.5832,-47.8865,ARG-116
-69.6943,-42.3019,ASN-117
-108.013,-17.4171,THR-118
60.5973,0.606348,PHE-119
-61.4793,104.432,ARG-120
-74.1707,111.907,HIS-121
-160.86,163.561,SER-122
-72.8819,129.353,VAL-123
-115.951,136.728,VAL-124
-137.135,147,VAL-125
-68.697,164.2,PRO-126
-80.7487,126.628,TYR-127
-124.899,155.533,GLU-128
-71.3282,173.729,PRO-129
-53.5454,167.824,PRO-130
-82.1964,157.068,GLU-131
-56.4863,122.919,VAL-132
96.6301,-9.01719,GLY-133
-105.207,150.525,SER-134
-109.748,14.1162,ASP-135
-155.573,161.873,CYS-136
-104.637,131.885,THR-137
-86.7626,126.705,THR-138
-100.749,130.384,ILE-139
-104.816,130.939,HIS-140
-114.487,168.398,TYR-141
-151.899,155.633,ASN-142
-131.509,160.855,TYR-143
-138.425,154.026,MET-144
113.436,156.452,CYS-145
-91.2283,156.34,ASN-146
-110.503,7.16941,SER-147
-86.5907,-22.8664,SER-148
-61.3025,163.251,CYS-149
-59.465,-49.5064,MET-150
79.8432,-134.959,GLY-151
-67.971,176.747,GLY-152
-64.0655,-7.57156,ILE-153
-160.836,142.662,ASN-154
-71.1572,144.454,ARG-155
-153.368,157.469,ARG-156
-69.9579,147.991,PRO-157
-128.027,139.048,ILE-158
-118.35,151.416,LEU-159
-111.576,136.498,THR-160
-113.662,116.555,ILE-161
-116.921,113.716,ILE-162
-133.537,159.95,THR-163
-120.284,126.356,LEU-164
-119.992,142.156,GLU-165
-53.9665,156.141,ASP-166
-60.1431,-19.2422,SER-167
-94.1519,11.9637,SER-168
95.7986,-20.145,GLY-169
-68.2441,140.764,ASN-170
-86.6563,131.627,LEU-171
-113.421,-20.0571,LEU-172
-172.115,161.376,GLY-173
-159.331,141.644,ARG-174
-144.961,145.949,ASN-175
-138.809,130.101,SER-176
-140.485,149.552,PHE-177
-77.8239,145.92,GLU-178
-129.748,133.123,VAL-179
-124.09,127.99,ARG-180
-99.5875,143.694,VAL-181
-154.573,-167.315,CYS-182
-124.989,-14.5973,ALA-183
-133.009,75.8201,CYS-184
-59.8938,-37.8305,PRO-185
-60.7177,-55.8768,GLY-186
-50.372,-50.7791,ARG-187
-77.0682,-29.2627,ASP-188
-62.6276,-41.6036,ARG-189
-52.5957,-63.4624,ARG-190
-41.1085,-29.6219,THR-191
-106.974,-24.5252,GLU-192
-90.0369,-11.6417,GLU-193
-86.5095,-17.3348,GLU-194
-73.389,-10.0152,ASN-195
-94.3456,156.841,LEU-196
-82.289,-26.2614,ARG-197
-72.4382,162.08,LYS-198
-57.8811,139.015,LYS-199
-142.48,147.356,GLY-200
-68.044,145.295,GLU-201
-76.0606,177.223,PRO-202
-156.884,169.597,HIS-203
-60.3721,136.153,HIS-204
-89.2546,-27.0897,GLU-205
-60.5173,-44.9957,LEU-206
-87.5899,153.891,PRO-207
-50.8964,153.383,PRO-208
-94.6652,-121.399,GLY-209
-178.197,-162.867,SER-210
-97.6963,160.044,THR-211
-87.2957,135.188,LYS-212
80.5251,161.882,ARG-213
-81.2812,163.633,ALA-214
-90.8827,-23.7854,LEU-215
-62.638,138.294,PRO-216
-62.8276,0.0488099,ASN-217
-68.3895,143.72,ASN-218
-135.462,30.8876,SER-2
-54.8869,158.291,SER-3
-71.3385,133.228,VAL-4
-54.0947,132.134,PRO-5
-77.5933,145.879,SER-6
-103.884,-20.2081,GLN-7
-49.5004,123.503,LYS-8
-68.7703,136.62,THR-9
-149.489,135.073,TYR-10
-86.9003,-19.0552,GLN-11
64.3118,-167.3,GLY-12
-62.1562,-23.8935,SER-13
-109.062,-2.92246,TYR-14
80.0375,20.4761,GLY-15
-59.2896,134.557,PHE-16
-160.822,165.735,ARG-17
-117.484,138.826,LEU-18
-124.96,115.339,GLY-19
-68.5845,145.048,PHE-20
-95.3832,164.49,LEU-21
-70.3941,-1.98985,HIS-22
-46.2698,-59.999,SER-23
105.551,-176.903,GLY-24
-83.6294,26.3165,THR-25
-90.0919,153.653,ALA-26
-63.9927,-19.352,LYS-27
-78.3729,-22.5229,SER-28
-70.298,145.363,VAL-29
-87.1384,-37.326,THR-30
-143.51,151.082,CYS-31
-149.548,152.652,THR-32
-128.27,129.664,TYR-33
-96.103,107.784,SER-34
-56.51,-24.4752,PRO-35
-71.7429,-18.3475,ALA-36
-117.661,-15.4585,LEU-37
68.5989,21.6153,ASN-38
-133.959,142.134,LYS-39
-110.59,147.903,MET-40
-123.234,99.131,PHE-41
-111.882,149.491,CYS-42
-84.9521,131.055,GLN-43
-60.8762,137.628,LEU-44
78.6201,-21.0982,ALA-45
-80.0535,168.392,LYS-46
-89.1688,128.794,THR-47
-111.623,101.535,CYS-48
-81.0529,130.474,PRO-49
-123.49,145.923,VAL-50
-120.18,142.103,GLN-51
-101.014,114.893,LEU-52
-98.4606,142.12,TRP-53
-163.486,119.069,VAL-54
-85.0321,-5.9682,ASP-55
-143.466,165.71,SER-56
-86.8737,110.028,THR-57
-72.3974,167.37,PRO-58
-79.0629,155.603,PRO-59
-66.9809,147.057,PRO-60
80.0598,-0.750511,GLY-61
-59.553,154.45,THR-62
-134.409,135.722,ARG-63
-91.3521,131.511,VAL-64
-124.466,162.707,ARG-65
-142.051,145.077,ALA-66
-153.112,172.736,MET-67
-159.587,98.5154,ALA-68
-83.3725,147.269,ILE-69
-90.2715,142.248,TYR-70
-158.777,172.545,LYS-71
-150.321,-169.51,GLN-72
-57.1702,-41.8773,SER-73
-109.358,-45.4223,GLN-74
-70.5896,123.502,HIS-75
-145.078,33.7703,MET-76
-131.414,27.7256,THR-77
-120.573,168.294,GLU-78
-128.988,140.105,VAL-79
-70.0537,115.112,VAL-80
-135.599,153.733,ARG-81
-59.0993,167.37,ARG-82
-43.4262,156.388,CYS-83
-47.2367,-42.3593,PRO-84
-71.0012,-14.5499,HIS-85
-124.423,-0.364165,HIS-86
-65.0072,-12.5368,GLU-87
-149.833,-12.8925,ARG-88
-80.7104,155.997,CYS-89
-71.861,-5.65525,SER-90
-71.7243,-18.5277,ASP-91
-118.932,-31.1553,SER-92
-73.495,173.942,ASP-93
139.917,-157.34,GLY-94
-51.8312,-48.0192,LEU-95
-73.4579,134.18,ALA-96
-56.8577,136.191,PRO-97
-61.3143,-20.457,PRO-98
-71.9413,-37.3041,GLN-99
-67.2814,126.878,HIS-100
-84.0221,-46.1779,LEU-101
-70.8911,146.452,ILE-102
-151.684,157.855,ARG-103
-127.656,135.503,VAL-104
-139.318,-174.345,GLU-105
89.2273,-48.5229,GLY-106
-70.6833,130.848,ASN-107
-85.5797,-37.878,LEU-108
-69.1237,-3.11138,ARG-109
-43.4472,138.203,VAL-110
-165.758,161.658,GLU-111
-98.3301,153.088,TYR-112
-148.673,141.447,LEU-113
-46.1723,163.667,ASP-114
-118.044,127.369,ASP-115
-58.7159,-32.2803,ARG-116
-82.9817,-52.6888,ASN-117
-112.084,-12.206,THR-118
63.8837,-25.8795,PHE-119
-48.6228,101.127,ARG-120
-66.3407,113.622,HIS-121
-152.7,154.62,SER-122
-64.8934,131.99,VAL-123
-125.784,122.777,VAL-124
-107.121,144.761,VAL-125
-41.8748,139.238,PRO-126
-61.23,121.475,TYR-127
-115.863,140.083,GLU-128
-75.8911,167.374,PRO-129
-61.4845,150.325,PRO-130
-46.0755,152.788,GLU-131
-58.0953,114.06,VAL-132
89.4808,-4.3222,GLY-133
-87.2305,168.228,SER-134
-95.7507,-17.162,ASP-135
-175.495,140.41,CYS-136
-72.0129,127.356,THR-137
-83.5556,127.205,THR-138
-111.02,127.06,ILE-139
-103.342,108.552,HIS-140
-100.931,165.199,TYR-141
-154.359,167.332,ASN-142
-153.522,173.649,TYR-143
-147.481,144.432,MET-144
126.344,149.715,CYS-145
-79.1664,128.817,ASN-146
-96.1496,-7.79233,SER-147
-80.6665,-15.1541,SER-148
-81.607,-176.599,CYS-149
-72.5296,-41.6916,MET-150
78.7325,-162.032,GLY-151
-61.7372,-172.343,GLY-152
-69.5239,-14.267,ILE-153
-143.217,138.363,ASN-154
-52.3407,117.554,ARG-155
-130.484,176.806,ARG-156
-81.8951,158.81,PRO-157
-144.606,138.439,ILE-158
-136.579,152.18,LEU-159
-143.875,141.847,THR-160
-110.148,122.87,ILE-161
-111.257,140.571,ILE-162
-151.572,173.352,THR-163
-131.609,135.71,LEU-164
-140.151,150.35,GLU-165
-89.5127,160.591,ASP-166
-61.0682,-24.6313,SER-167
-81.1454,9.72515,SER-168
94.0154,-19.712,GLY-169
-81.3138,142.804,ASN-170
-84.9579,127.665,LEU-171
-112.58,-15.6103,LEU-172
163.64,178.136,GLY-173
-165.994,151.115,ARG-174
-155.222,108.748,ASN-175
-108.957,139.884,SER-176
-138.021,161.493,PHE-177
-86.8771,153.208,GLU-178
-137.663,153.459,VAL-179
-142.947,116.544,ARG-180
-90.1636,131.373,VAL-181
-145.138,179.413,CYS-182
-101.878,-26.9619,ALA-183
-115.773,100.751,CYS-184
-58.1,-41.5113,PRO-185
-85.0128,-37.0704,GLY-186
-61.6922,-61.9879,ARG-187
-74.8267,-9.9461,ASP-188
-69.5794,-58.1012,ARG-189
-50.1318,-42.2948,ARG-190
-53.3887,-41.6013,THR-191
-98.7033,-12.7934,GLU-192
-105.885,-20.052,GLU-193
-71.18,-24.3662,GLU-194
-78.0836,1.56903,ASN-195
-102.427,168.296,LEU-196
-87.5862,-8.41163,ARG-197
-91.8888,168.647,LYS-198
-77.3803,147.019,LYS-199
-154.132,-168.344,GLY-200
-99.2614,138.499,GLU-201
-64.3882,171.451,PRO-202
-150.522,171.318,HIS-203
-67.7233,134.225,HIS-204
-80.2828,-37.7343,GLU-205
-61.7619,-34.3773,LEU-206
-76.5635,156.649,PRO-207
-88.8543,170.262,PRO-208
-61.1453,-143.564,GLY-209
-179.591,-160.001,SER-210
-91.4473,158.065,THR-211
-108.518,157.307,LYS-212
47.0815,-173.5,ARG-213
-93.3187,168.683,ALA-214
-78.9323,-28.274,LEU-215
-56.7421,132.254,PRO-216
-75.9649,-12.1754,ASN-217
-38.5915,144.287,ASN-218
-130.308,41.4523,SER-2
-70.8795,156.398,SER-3
-75.4296,135.186,VAL-4
-55.0445,104.137,PRO-5
-78.8039,139.216,SER-6
-109.125,-4.83147,GLN-7
-60.1591,137.179,LYS-8
-84.0393,139.809,THR-9
-166.499,142.515,TYR-10
-84.6548,-32.3193,GLN-11
87.9849,-158.016,GLY-12
-73.0482,-27.0138,SER-13
-87.7485,-19.4774,TYR-14
86.1905,39.3827,GLY-15
-75.4501,133.856,PHE-16
-162.524,148.32,ARG-17
-85.7391,146.591,LEU-18
-126.633,148.075,GLY-19
-135.942,132.047,PHE-20
-87.4632,156.396,LEU-21
-70.1834,31.9468,HIS-22
-62.0882,-58.8412,SER-23
91.3608,-133.785,GLY-24
-127.702,17.9254,THR-25
-77.0487,162.013,ALA-26
-59.8786,-26.0655,LYS-27
-80.6957,-13.0761,SER-28
-64.8261,118.618,VAL-29
-90.7129,-13.2509,THR-30
-171.203,163.933,CYS-31
-170.732,144.486,THR-32
-121.223,155.818,TYR-33
-118.693,100.145,SER-34
-44.6098,-39.7939,PRO-35
-84.428,-1.64378,ALA-36
-116.643,-24.4626,LEU-37
64.152,29.4077,ASN-38
-113.16,137.511,LYS-39
-102.128,138.777,MET-40
-107.361,133.545,PHE-41
-131.837,137.844,CYS-42
-80.2728,126.796,GLN-43
-58.6222,157.004,LEU-44
68.5194,-25.0384,ALA-45
-67.8085,-173.857,LYS-46
-107.966,127.271,THR-47
-113.846,112.515,CYS-48
-67.9088,133.007,PRO-49
-129.165,161.174,VAL-50
-126.18,140.108,GLN-51
-96.7453,136.006,LEU-52
-130.654,133.383,TRP-53
-144.111,116.905,VAL-54
-58.6043,-37.6014,ASP-55
-111.781,172.294,SER-56
-77.5943,123.573,THR-57
-80.5788,179.088,PRO-58
-63.792,149.43,PRO-59
-71.199,155.96,PRO-60
79.8806,4.80137,GLY-61
-68.1264,156.149,THR-62
-147.324,151.122,ARG-63
-105.547,132.842,VAL-64
-112.923,152.671,ARG-65
-137.721,143.492,ALA-66
-140.673,175.588,MET-67
-160.08,125.23,ALA-68
-116.365,148.986,ILE-69
-108.54,127.334,TYR-70
-143.976,168.713,LYS-71
-148.303,-145.379,GLN-72
-62.703,-42.719,SER-73
-127.261,-23.1456,GLN-74
-88.702,138.28,HIS-75
-137.273,-1.34021,MET-76
-107.489,54.8393,THR-77
-146.984,153.79,GLU-78
-103.02,161.13,VAL-79
-72.3967,121.502,VAL-80
-125.564,146.535,ARG-81
-59.6292,158.358,ARG-82
-48.6028,159.001,CYS-83
-72.5878,-25.1781,PRO-84
-68.414,-15.7756,HIS-85
-132.36,14.3385,HIS-86
-96.1355,0.581231,GLU-87
-152.362,-9.03261,ARG-88
-88.056,162.645,CYS-89
-76.9591,-8.25017,SER-90
-70.4799,-16.1124,ASP-91
-112.679,-21.8538,SER-92
-92.6776,117.291,ASP-93
-151.389,-125.803,GLY-94
-61.0546,-35.7482,LEU-95
-90.1773,130.339,ALA-96
-52.2725,136.261,PRO-97
-69.2431,-7.02272,PRO-98
-78.2222,-44.2283,GLN-99
-66.8986,127.052,HIS-100
-62.0918,-45.0907,LEU-101
-93.6336,129.744,ILE-102
-141.435,168.401,ARG-103
-123.348,155.138,VAL-104
-147.667,176.06,GLU-105
84.5278,-53.6101,GLY-106
-65.0798,120.819,ASN-107
-63.4816,-7.03778,LEU-108
-135.611,56.7564,ARG-109
-101.196,148.279,VAL-110
-163.744,-175.94,GLU-111
-113.096,160.973,TYR-112
-151.988,145.669,LEU-113
-77.0216,149.487,ASP-114
-101.729,125.238,ASP-115
-64.4821,-52.4613,ARG-116
-66.3255,-28.5763,ASN-117
-114.403,-17.9781,THR-118
65.2506,-3.35077,PHE-119
-79.6618,100.086,ARG-120
-78.2877,130.001,HIS-121
-160.876,164.505,SER-122
-67.2821,144.158,VAL-123
-148.34,142.427,VAL-124
-126.606,152.577,VAL-125
-68.4339,151.571,PRO-126
-77.215,118.675,TYR-127
-108.039,129.144,GLU-128
-79.7835,164.498,PRO-129
-61.9539,143.199,PRO-130
-65.9858,166.508,GLU-131
-51.3203,118.382,VAL-132
67.9847,23.5395,GLY-133
-118.869,159.555,SER-134
-116.071,-6.26684,ASP-135
-133.096,179.249,CYS-136
-127.787,143.216,THR-137
-105.226,120.905,THR-138
-97.2666,137.336,ILE-139
-104.339,134.217,HIS-140
-117.167,177.322,TYR-141
-152.154,170.694,ASN-142
-146.307,171.441,TYR-143
-140.231,165.104,MET-144
110.851,125.38,CYS-145
-56.2115,139.583,ASN-146
-89.6052,-13.32,SER-147
-88.2425,-0.0916554,SER-148
-74.9766,172.752,CYS-149
-107.618,-10.8821,MET-150
74.8461,-176.913,GLY-151
-82.2996,-140,GLY-152
-64.7934,-24.9214,ILE-153
-158.726,155.647,ASN-154
-72.6459,132.56,ARG-155
-151.302,171.878,ARG-156
-95.605,135.035,PRO-157
-112.543,128.503,ILE-158
-95.0085,160.744,LEU-159
-140.202,142.183,THR-160
-118.16,112.159,ILE-161
-95.8494,151.575,ILE-162
-152.7,144.067,THR-163
-97.2445,140.35,LEU-164
-135.922,149.269,GLU-165
-77.6418,165.287,ASP-166
-63.5986,-42.0048,SER-167
-88.5341,28.0734,SER-168
78.4444,7.08449,GLY-169
-78.7681,145.291,ASN-170
-93.4559,125.379,LEU-171
-104.653,-12.276,LEU-172
174.084,148.322,GLY-173
-135.863,144.154,ARG-174
-154.516,122.067,ASN-175
-127.314,137.603,SER-176
-129.409,149.55,PHE-177
-75.6703,137.043,GLU-178
-129.959,151.4,VAL-179
-142.05,116.66,ARG-180
-78.3099,141.915,VAL-181
-151.029,173.766,CYS-182
-82.1511,-26.6713,ALA-183
-129.529,75.337,CYS-184
-71.0417,-24.4048,PRO-185
-74.36,-43.5203,GLY-186
-59.5218,-61.0982,ARG-187
-80.1245,-22.1973,ASP-188
-58.7824,-58.4537,ARG-189
-48.0279,-45.5174,ARG-190
-48.7507,-58.2514,THR-191
-79.6337,-25.7525,GLU-192
-92.0171,-26.4569,GLU-193
-66.1887,-7.80938,GLU-194
-75.7814,-26.2966,ASN-195
-78.9806,169.849,LEU-196
-93.2317,-26.4253,ARG-197
-71.7357,154.93,LYS-198
-51.5683,139.167,LYS-199
-131.505,176.874,GLY-200
-93.7034,133.996,GLU-201
-81.8313,170.749,PRO-202
-158.315,156.438,HIS-203
-51.4409,128.232,HIS-204
-74.4015,-32.7826,GLU-205
-69.4927,-38.5598,LEU-206
-42.1957,155.617,PRO-207
-83.5124,-176.265,PRO-208
-99.4837,-174.241,GLY-209
-157.32,-152.834,SER-210
-114.221,147.504,THR-211
-86.9333,133.562,LYS-212
77.3067,161.926,ARG-213
-76.3145,169.199,ALA-214
-72.8339,-47.2422,LEU-215
-48.5426,130.172,PRO-216
-71.8007,20.9285,ASN-217
-84.4088,127.868,ASN-218
-134.779,25.7239,SER-2
-65.0852,171.188,SER-3
-75.8734,131.063,VAL-4
-65.3793,141.728,PRO-5
-105.127,175.681,SER-6
-122.663,-24.7978,GLN-7
-60.649,117.161,LYS-8
-72.8319,128.6,THR-9
-151.598,130.149,TYR-10
-65.0004,-26.95,GLN-11
72.6962,-167.396,GLY-12
-91.9909,13.5761,SER-13
-109.929,-24.2376,TYR-14
96.8254,17.8949,GLY-15
-67.1604,108.976,PHE-16
-151.996,132.936,ARG-17
-117.519,131.834,LEU-18
-149.221,157.324,GLY-19
-100.759,142.241,PHE-20
-76.623,141.108,LEU-21
-72.7548,67.6126,HIS-22
-101.764,-28.9623,SER-23
74.6021,-126.397,GLY-24
-142.755,-2.04437,THR-25
-55.0037,148.913,ALA-26
-64.8154,-22.1742,LYS-27
-63.0161,-14.3727,SER-28
-84.1227,114.574,VAL-29
-69.5207,-30.3909,THR-30
-161.922,143.141,CYS-31
-153.75,127.659,THR-32
-99.7206,133.852,TYR-33
-96.1561,117.381,SER-34
-69.9731,-14.2716,PRO-35
-76.3223,-14.5268,ALA-36
-124.977,-12.2846,LEU-37
58.7068,20.0136,ASN-38
-110.022,118.365,LYS-39
-84.0334,118.209,MET-40
-92.3296,124.085,PHE-41
-127.974,147.255,CYS-42
-90.8017,124.307,GLN-43
-45.9397,142.495,LEU-44
67.7609,-27.4043,ALA-45
-65.0153,146.831,LYS-46
-51.9707,106.382,THR-47
-113.536,104.263,CYS-48
-66.2007,155.771,PRO-49
-149.933,147.685,VAL-50
-99.5973,146.1,GLN-51
-116.883,123.241,LEU-52
-103.619,135.432,TRP-53
-131.956,122.313,VAL-54
-84.7976,-45.1486,ASP-55
-121.201,138.518,SER-56
-49.9709,113.245,THR-57
-60.3989,159.214,PRO-58
-74.3728,161.679,PRO-59
-59.6334,149.906,PRO-60
70.3963,19.9703,GLY-61
-73.7246,141.822,THR-62
-140.61,143.031,ARG-63
-79.1706,146.427,VAL-64
-126.502,145.973,ARG-65
-131.689,143.654,ALA-66
-166.048,150.632,MET-67
-129.816,122.637,ALA-68
-91.2729,140.908,ILE-69
-85.8513,132.407,TYR-70
-153.359,163.396,LYS-71
-132.093,-165.042,GLN-72
-68.8623,-21.386,SER-73
-139.237,-29.191,GLN-74
-90.5237,118.183,HIS-75
-147.206,-18.9267,MET-76
-82.6623,82.1767,THR-77
-160.392,149.976,GLU-78
-96.5031,153.307,VAL-79
-59.2018,140.128,VAL-80
-149.23,128.542,ARG-81
-48.3438,144.829,ARG-82
-42.6182,144.644,CYS-83
-63.8525,-25.6922,PRO-84
-79.2436,-15.4946,HIS-85
-113.175,-2.7205,HIS-86
-74.6425,0.572464,GLU-87
-144.764,-29.3624,ARG-88
-63.6272,161.476,CYS-89
-79.1744,-4.21169,SER-90
-67.1351,-15.613,ASP-91
-118.455,-39.7247,SER-92
-52.9786,100.377,ASP-93
-139.704,-129.375,GLY-94
-63.0056,-34.0038,LEU-95
-96.8301,169.154,ALA-96
-69.0129,154.041,PRO-97
-69.6847,-27.9685,PRO-98
-62.6868,-40.1137,GLN-99
-69.6957,115.917,HIS-100
-63.0604,-64.9697,LEU-101
-68.7683,131.148,ILE-102
-146.013,146.4,ARG-103
-105.68,138.828,VAL-104
-139.048,168.079,GLU-105
83.8753,-38.8939,GLY-106
-75.6638,124.2,ASN-107
-76.3523,14.2578,LEU-108
-144.019,28.2421,ARG-109
-77.7442,143.115,VAL-110
-170.045,176.103,GLU-111
-104.181,148.244,TYR-112
-139.658,153.611,LEU-113
-66.5883,157.663,ASP-114
-103.332,124.537,ASP-115
-73.9209,-20.462,ARG-116
-95.7349,-32.3221,ASN-117
-120.797,-11.0026,THR-118
59.2894,7.00065,PHE-119
-76.4571,90.387,ARG-120
-62.5581,117.587,HIS-121
-159.925,153.469,SER-122
-65.5885,147.531,VAL-123
-147.748,145.799,VAL-124
-139.196,142.132,VAL-125
-77.329,153.471,PRO-126
-65.8233,140.381,TYR-127
-136.632,120.715,GLU-128
-58.1162,163.204,PRO-129
-64.2356,145.544,PRO-130
-61.3898,147.504,GLU-131
-56.3505,119.71,VAL-132
92.6261,-20.0182,GLY-133
-90.3541,152.418,SER-134
-89.1985,-20.4593,ASP-135
-150.181,161.668,CYS-136
-98.03,130.227,THR-137
-76.2093,136.289,THR-138
-119.687,127.698,ILE-139
-115.383,129.318,HIS-140
-106.889,170.696,TYR-141
-151.485,166.722,ASN-142
-148.788,-176.365,TYR-143
-179.652,168.859,MET-144
108.572,168.536,CYS-145
-106.968,131.486,ASN-146
-74.5493,-20.9149,SER-147
-86.8764,-12.7846,SER-148
-61.0858,156.238,CYS-149
-67.057,-20.4047,MET-150
55.15,-167.355,GLY-151
-49.5646,168.635,GLY-152
-46.4781,-19.208,ILE-153
-161.127,141.889,ASN-154
-46.7691,157.94,ARG-155
-179.721,165.719,ARG-156
-77.3849,166.364,PRO-157
-152.346,140.98,ILE-158
-110.837,162.041,LEU-159
-139.206,147.469,THR-160
-125.372,118.001,ILE-161
-117.427,119.665,ILE-162
-126.572,155.984,THR-163
-112.271,128.256,LEU-164
-133.571,138.338,GLU-165
-59.5308,164.487,ASP-166
-63.6612,-24.0807,SER-167
-78.9011,-9.79992,SER-168
87.5939,21.7969,GLY-169
-55.5398,116.368,ASN-170
-64.2895,123.121,LEU-171
-107.912,-39.0625,LEU-172
-164.984,170.616,GLY-173
-153.845,155.861,ARG-174
-163.908,115.051,ASN-175
-130.998,139.385,SER-176
-139.924,156.867,PHE-177
-76.2516,139.172,GLU-178
-126.142,146.292,VAL-179
-124.982,116.749,ARG-180
-84.738,138.601,VAL-181
-164.964,-178.175,CYS-182
-105.55,-29.2313,ALA-183
-123.838,70.5042,CYS-184
-60.5032,-37.205,PRO-185
-70.904,-51.9271,GLY-186
-61.365,-49.3311,ARG-187
-78.0415,-16.0883,ASP-188
-68.1924,-50.5956,ARG-189
-59.6162,-34.3864,ARG-190
-52.1532,-35.0643,THR-191
-105.466,-33.4635,GLU-192
-73.3363,-31.9755,GLU-193
-72.9844,-13.9971,GLU-194
-89.4423,-15.2829,ASN-195
-71.1932,153.402,LEU-196
-66.9451,-32.5066,ARG-197
-60.9675,166.293,LYS-198
-67.8538,124.569,LYS-199
-102.851,160.683,GLY-200
-78.2503,147.122,GLU-201
-54.029,162.865,PRO-202
-172.669,140.885,HIS-203
-57.9198,144.221,HIS-204
-90.619,-36.1728,GLU-205
-67.1469,-33.6466,LEU-206
-47.8647,163.734,PRO-207
-70.5656,165.293,PRO-208
-89.8057,-159.884,GLY-209
179.886,-171.755,SER-210
-99.734,165.625,THR-211
-101.814,141.871,LYS-212
73.9327,162.077,ARG-213
-84.7848,169.346,ALA-214
-75.9781,-41.5497,LEU-215
-63.8905,143.562,PRO-216
-72.7631,-5.96054,ASN-217
-48.1704,151.256,ASN-218
-127.493,40.1617,SER-2
-83.7169,164.146,SER-3
-72.2644,129.192,VAL-4
-65.6372,132.888,PRO-5
-74.0376,138.779,SER-6
-85.3579,-33.976,GLN-7
-43.3602,105.888,LYS-8
-67.2016,139.52,THR-9
-164.474,165.511,TYR-10
-91.576,-31.2775,GLN-11
79.2094,-171.22,GLY-12
-64.2873,-40.668,SER-13
-93.8799,-0.747622,TYR-14
77.7645,48.5581,GLY-15
-71.3236,130.474,PHE-16
-155.93,143.634,ARG-17
-83.0519,132.096,LEU-18
-121.605,106.862,GLY-19
-77.5014,130.151,PHE-20
-63.333,138.657,LEU-21
-67.1569,133.428,HIS-22
-143.71,-30.0885,SER-23
89.0783,-129.153,GLY-24
-140.47,5.79265,THR-25
-58.1187,159.788,ALA-26
-51.3081,-32.3367,LYS-27
-70.5396,-22.2923,SER-28
-56.7565,133.667,VAL-29
-88.1268,-43.7139,THR-30
-145.986,133.928,CYS-31
-144.5,139.843,THR-32
-123.919,125.919,TYR-33
-92.7568,107.36,SER-34
-66.0068,-34.166,PRO-35
-74.6225,-0.491225,ALA-36
-115.909,-7.15023,LEU-37
58.3822,17.2692,ASN-38
-113.756,126.492,LYS-39
-75.9706,126.56,MET-40
-95.4223,130.825,PHE-41
-126.581,134.543,CYS-42
-74.2967,116.215,GLN-43
-47.1546,140.549,LEU-44
78.4254,-26.319,ALA-45
-74.6222,169.717,LYS-46
-90.1275,122.633,THR-47
-122.835,93.9269,CYS-48
-83.8208,148.412,PRO-49
-136.343,131.812,VAL-50
-89.9032,145.023,GLN-51
-138.066,120.986,LEU-52
-97.6847,146.823,TRP-53
-141.829,141.178,VAL-54
-87.8863,33.6133,ASP-55
174.45,167.797,SER-56
-67.298,119.675,THR-57
-67.0736,161.857,PRO-58
-57.1171,147.309,PRO-59
-70.2515,152.589,PRO-60
84.8093,13.2865,GLY-61
-68.7442,123.276,THR-62
-118.857,136.468,ARG-63
-82.7601,137.003,VAL-64
-127.136,138.233,ARG-65
-124.385,146.335,ALA-66
-147.301,-178.993,MET-67
-164.008,99.1385,ALA-68
-80.7629,151.913,ILE-69
-92.7064,130.107,TYR-70
-156.838,166.733,LYS-71
-135.102,-173.017,GLN-72
-72.6971,-5.03368,SER-73
-133.388,-38.9897,GLN-74
-72.0531,135.956,HIS-75
-145.603,0.876948,MET-76
-93.6976,41.4901,THR-77
-168.036,164.922,GLU-78
-130.811,160.277,VAL-79
-49.4836,117.632,VAL-80
-132.182,160.887,ARG-81
-65.5063,161.695,ARG-82
-53.8817,149.166,CYS-83
-52.708,-36.5792,PRO-84
-69.7071,-14.2376,HIS-85
-126.827,12.779,HIS-86
-94.7778,0.339195,GLU-87
-144.731,-28.0295,ARG-88
-62.7845,162.472,CYS-89
-59.367,-26.3433,SER-90
-82.517,-0.442756,ASP-91
-109.95,-28.2651,SER-92
-73.5486,137.897,ASP-93
177.577,-131.42,GLY-94
-54.7289,-20.0826,LEU-95
-125.129,166.177,ALA-96
-64.3467,156.944,PRO-97
-68.7606,-11.3755,PRO-98
-66.8776,-23.6894,GLN-99
-92.0865,125.171,HIS-100
-79.6953,-50.2356,LEU-101
-84.4831,128.215,ILE-102
-132.768,152.327,ARG-103
-110.404,146.344,VAL-104
-143.992,-159.126,GLU-105
66.6718,-55.2639,GLY-106
-72.1875,116.65,ASN-107
-46.3259,-49.9926,LEU-108
-83.7526,11.3697,ARG-109
-49.8036,140.763,VAL-110
-169.688,171.83,GLU-111
-102.062,150.87,TYR-112
-146.919,154.041,LEU-113
-69.9529,152.825,ASP-114
-107.023,122.009,ASP-115
-68.7506,-35.1725,ARG-116
-83.7175,-41.6862,ASN-117
-95.2675,-22.7799,THR-118
73.4444,13.3206,PHE-119
-95.8149,72.238,ARG-120
-46.5542,120.208,HIS-121
-174.151,175.176,SER-122
-77.6392,137.749,VAL-123
-125.953,141.135,VAL-124
-126.568,137.727,VAL-125
-63.3954,133.858,PRO-126
-60.7982,134.659,TYR-127
-115.611,137.843,GLU-128
-57.8153,151.887,PRO-129
-40.9886,139.634,PRO-130
-51.907,147.589,GLU-131
-73.6391,94.2735,VAL-132
127.835,-6.88122,GLY-133
-115.409,164.521,SER-134
-100.994,-4.67201,ASP-135
-148.911,151.422,CYS-136
-67.0869,147.419,THR-137
-115.464,136.088,THR-138
-97.1556,132.241,ILE-139
-105.134,113.255,HIS-140
-107.822,171.273,TYR-141
-142.149,153.133,ASN-142
-129.229,162.702,TYR-143
-161.152,123.829,MET-144
173.048,144.135,CYS-145
-55.9696,134.534,ASN-146
-106.64,0.153849,SER-147
-126.679,-7.0018,SER-148
-68.4353,172.616,CYS-149
-63.9839,-37.3244,MET-150
66.4011,-141.737,GLY-151
-60.0362,155.99,GLY-152
-63.9678,-14.0846,ILE-153
-152.607,141.732,ASN-154
-60.7382,140.568,ARG-155
-158.69,164.793,ARG-156
-73.0285,147.902,PRO-157
-146.426,144.001,ILE-158
-132.013,141.799,LEU-159
-115.573,145.855,THR-160
-119.544,117.605,ILE-161
-120.759,137.272,ILE-162
-147.055,146.387,THR-163
-109.294,133.977,LEU-164
-148.122,155.199,GLU-165
-83.1928,164.082,ASP-166
-63.9593,-26.5524,SER-167
-81.4522,-6.11944,SER-168
108.411,-3.62943,GLY-169
-64.9685,127.655,ASN-170
-74.4633,127.96,LEU-171
-101.048,-41.0459,LEU-172
-158.383,165.132,GLY-173
-136.892,150.138,ARG-174
-150.038,145.284,ASN-175
-136.336,142.149,SER-176
-141.178,153.329,PHE-177
-71.4767,152.493,GLU-178
-135.232,153.483,VAL-179
-146.321,113.751,ARG-180
-80.9053,142.871,VAL-181
-162.087,159.496,CYS-182
-76.5975,-33.4716,ALA-183
-131.866,84.4005,CYS-184
-72.4509,-19.0915,PRO-185
-61.6148,-56.6348,GLY-186
-59.9001,-55.0338,ARG-187
-79.0487,-25.4341,ASP-188
-49.9632,-72.0987,ARG-189
-46.3144,-23.595,ARG-190
-77.591,-40.1331,THR-191
-91.3247,-24.5674,GLU-192
-98.8164,-31.3905,GLU-193
-69.8196,-7.02591,GLU-194
-79.0744,-18.7733,ASN-195
-87.5045,168.764,LEU-196
-91.0978,-29.2551,ARG-197
-74.9901,178.521,LYS-198
-71.9218,149.368,LYS-199
-151.919,143.517,GLY-200
-63.7022,143.489,GLU-201
-70.383,157.401,PRO-202
-150.975,170.811,HIS-203
-75.8788,141.603,HIS-204
-83.6782,-31.8903,GLU-205
-69.7852,-38.9273,LEU-206
-47.013,141.233,PRO-207
-66.0456,167.652,PRO-208
-77.4043,-161.519,GLY-209
-158.779,-160.903,SER-210
-86.5732,161.076,THR-211
-98.6388,131.651,LYS-212
74.8111,169.641,ARG-213
-81.1372,160.655,ALA-214
-70.2228,-51.4888,LEU-215
-56.9906,141.367,PRO-216
-79.2699,21.2425,ASN-217
-68.1946,125.589,ASN-218
-135.115,73.2068,SER-2
-91.6225,-138.251,SER-3
-140.577,139.193,VAL-4
-74.767,154.481,PRO-5
-99.18,158.221,SER-6
-99.8358,-23.668,GLN-7
-54.6724,133.656,LYS-8
-82.3738,141.267,THR-9
-158.509,151.026,TYR-10
-91.9762,-12.9551,GLN-11
51.7595,-154.788,GLY-12
-85.8875,-14.6558,SER-13
-103.137,7.17325,TYR-14
53.5227,50.706,GLY-15
-86.7184,120.753,PHE-16
-156.149,153.362,ARG-17
-99.8871,161.721,LEU-18
-147.811,151.524,GLY-19
-111.505,131.147,PHE-20
-71.1598,123.224,LEU-21
-73.3026,108.642,HIS-22
-99.4506,-17.4103,SER-23
84.8098,-140.514,GLY-24
-137.369,7.97108,THR-25
-63.2723,157.095,ALA-26
-63.5471,-10.5203,LYS-27
-84.8238,-12.1462,SER-28
-66.573,131.482,VAL-29
-84.4296,-48.2019,THR-30
-151.475,164.691,CYS-31
-162.92,154.299,THR-32
-139.333,139.79,TYR-33
-118.554,106.07,SER-34
-59.7494,-39.297,PRO-35
-78.645,-0.101589,ALA-36
-114.734,-3.58346,LEU-37
49.2778,24.0137,ASN-38
-113.643,130.301,LYS-39
-83.5044,145.678,MET-40
-107.873,122.674,PHE-41
-117.326,122.836,CYS-42
-70.6857,124.98,GLN-43
-46.2012,138.715,LEU-44
64.1486,2.33153,ALA-45
-97.8969,137.693,LYS-46
-46.3511,118.611,THR-47
-103.361,107.856,CYS-48
-92.3352,126.778,PRO-49
-128.862,144.326,VAL-50
-114.854,159.926,GLN-51
-135.356,113.32,LEU-52
-91.4094,138.703,TRP-53
-146.483,128.235,VAL-54
-86.8667,-18.84,ASP-55
-167.311,165.908,SER-56
-80.313,121.942,THR-57
-69.7546,154.764,PRO-58
-52.001,163.536,PRO-59
-76.1452,145.031,PRO-60
71.3037,12.0966,GLY-61
-68.8612,154.159,THR-62
-140.832,139.52,ARG-63
-91.6227,110.935,VAL-64
-93.979,150.995,ARG-65
-128.896,128.217,ALA-66
-137.912,169.215,MET-67
-161.758,108.077,ALA-68
-71.545,145.976,ILE-69
-88.1999,150.457,TYR-70
-152.585,167.882,LYS-71
-128.702,-175.193,GLN-72
-56.2707,-28.0559,SER-73
-117.439,-3.28859,GLN-74
-120.314,120.279,HIS-75
-122.519,0.963423,MET-76
-105.925,3.53074,THR-77
-100.124,159.123,GLU-78
-98.8637,157.31,VAL-79
-68.2453,126.964,VAL-80
-148.17,166.609,ARG-81
-80.1379,-178.544,ARG-82
-55.7936,156.352,CYS-83
-68.7987,-26.6763,PRO-84
-80.9416,-0.967905,HIS-85
-129.302,19.1293,HIS-86
-116.86,28.0482,GLU-87
-158.806,-37.0392,ARG-88
-65.5582,158.236,CYS-89
-74.6912,-12.462,SER-90
-60.6209,-11.8148,ASP-91
-130.116,-31.8939,SER-92
-85.5604,155.218,ASP-93
160.16,-115.938,GLY-94
-59.3764,-50.9131,LEU-95
-85.0813,163.159,ALA-96
-52.5344,145.317,PRO-97
-69.2443,-20.2982,PRO-98
-73.5558,-29.9428,GLN-99
-81.5871,152.077,HIS-100
-94.4209,-50.0198,LEU-101
-68.1652,128.713,ILE-102
-151.52,153.085,ARG-103
-123.341,155.178,VAL-104
-163.214,-165.413,GLU-105
69.8263,-79.8462,GLY-106
-44.267,121.563,ASN-107
-66.6941,-31.6416,LEU-108
-90.5552,38.4684,ARG-109
-90.3875,129.799,VAL-110
-164.265,142.767,GLU-111
-82.9123,149.395,TYR-112
-156.644,150.702,LEU-113
-67.6734,147.384,ASP-114
-101.663,117,ASP-115
-51.6482,-35.9603,ARG-116
-90.6633,-32.3118,ASN-117
-115.329,-19.7803,THR-118
67.6486,4.19028,PHE-119
-78.6541,99.4986,ARG-120
-73.865,141.696,HIS-121
-174.944,158.365,SER-122
-71.1891,134.492,VAL-123
-124.146,143.255,VAL-124
-131.89,165.169,VAL-125
-76.6321,144.875,PRO-126
-75.202,124.575,TYR-127
-114.069,145.656,GLU-128
-55.1281,164.024,PRO-129
-56.9184,155.817,PRO-130
-68.1614,165.088,GLU-131
-57.8301,129.02,VAL-132
81.0928,-13.4839,GLY-133
-95.9395,163.681,SER-134
-101.22,-11.0693,ASP-135
-161.074,149.605,CYS-136
-66.0957,145.758,THR-137
-109.305,148.956,THR-138
-138.229,121.131,ILE-139
-99.7642,126,HIS-140
-96.0883,175.182,TYR-141
-150.553,166.105,ASN-142
-148.459,140.586,TYR-143
-120.196,135.853,MET-144
175.257,144.015,CYS-145
-71.0404,126.643,ASN-146
-79.9502,-23.5828,SER-147
-102.484,-4.31969,SER-148
-61.3471,163.364,CYS-149
-76.8239,-44.7175,MET-150
79.6258,-168.644,GLY-151
-64.6868,179.578,GLY-152
-45.9933,-42.4957,ILE-153
-132.96,143.253,ASN-154
-78.4912,135.213,ARG-155
-153.401,177.692,ARG-156
-93.286,106.533,PRO-157
-75.5804,161.71,ILE-158
-158.537,157.231,LEU-159
-122.117,148.786,THR-160
-112.846,118.63,ILE-161
-114.269,117.33,ILE-162
-130.248,159.691,THR-163
-109.087,126.269,LEU-164
-134.572,141.915,GLU-165
-58.0279,165.701,ASP-166
-52.7222,-25.8397,SER-167
-82.2135,7.23925,SER-168
70.5382,21.8516,GLY-169
-85.4967,118.702,ASN-170
-76.953,109.82,LEU-171
-92.1825,-35.9009,LEU-172
-164.513,159.793,GLY-173
-145.421,138.934,ARG-174
-150.902,141.319,ASN-175
-147.56,126.722,SER-176
-123.582,161.076,PHE-177
-77.39,155.213,GLU-178
-146.955,146.09,VAL-179
-139.326,113.708,ARG-180
-65.7193,134.54,VAL-181
-151.852,175.919,CYS-182
-100.465,-28.7113,ALA-183
-127.387,102.243,CYS-184
-79.2529,-19.0573,PRO-185
-74.9764,-45.3621,GLY-186
-42.9495,-60.097,ARG-187
-76.9799,-25.1297,ASP-188
-62.9271,-56.9995,ARG-189
-65.098,-34.1678,ARG-190
-47.4844,-60.6346,THR-191
-80.3437,-25.7154,GLU-192
-88.9136,-27.6198,GLU-193
-75.427,-13.7801,GLU-194
-80.5556,-3.57999,ASN-195
-95.7251,160.153,LEU-196
-79.8133,-30.4225,ARG-197
-75.933,174.21,LYS-198
-73.8379,172.2,LYS-199
-155.754,-168.707,GLY-200
-90.1888,148.159,GLU-201
-79.1988,174.886,PRO-202
-163.256,151.523,HIS-203
-44.4969,130.176,HIS-204
-74.6408,-33.6017,GLU-205
-69.9444,-31.955,LEU-206
-75.7733,134.872,PRO-207
-60.9533,160.928,PRO-208
-78.9226,-143.122,GLY-209
-169.75,-162.376,SER-210
-88.9591,149.118,THR-211
-88.457,113.909,LYS-212
85.8148,151.917,ARG-213
-50.4692,169.321,ALA-214
-82.3001,-32.7403,LEU-215
-64.3083,150.254,PRO-216
-80.3267,16.0537,ASN-217
-48.2707,119.266,ASN-218
-115.289,155.743,SER-2
-175.613,156.401,SER-3
-81.6842,120.524,VAL-4
-49.2385,136.94,PRO-5
-107.467,146.239,SER-6
-86.812,-31.477,GLN-7
-44.5034,116.864,LYS-8
-78.4532,125.827,THR-9
-137.576,167.483,TYR-10
-107.298,-42.6833,GLN-11
76.8823,-148.121,GLY-12
-74.8841,-36.7221,SER-13
-80.1286,-24.4406,TYR-14
72.8189,46.7813,GLY-15
-65.5931,116.656,PHE-16
-149.767,161.752,ARG-17
-117.968,159.219,LEU-18
-137.409,126.914,GLY-19
-86.2718,128.225,PHE-20
-70.6764,147.576,LEU-21
-80.2608,140.017,HIS-22
-154.179,-25.9405,SER-23
80.4245,-125.171,GLY-24
-140.587,7.94391,THR-25
-57.1033,160.577,ALA-26
-68.9797,-11.2501,LYS-27
-96.5877,-5.97939,SER-28
-46.8508,136.313,VAL-29
-96.1022,-43.0418,THR-30
-151.307,157.058,CYS-31
-150.139,126.787,THR-32
-98.6345,130.209,TYR-33
-104.931,109.731,SER-34
-65.6853,-35.0216,PRO-35
-62.9407,-32.7962,ALA-36
-92.2709,0.48641,LEU-37
24.4448,52.4277,ASN-38
-129.988,139.833,LYS-39
-104.756,138.153,MET-40
-101.703,130.833,PHE-41
-123.69,142.379,CYS-42
-86.6668,122.495,GLN-43
-65.6629,142.877,LEU-44
76.8705,17.2488,ALA-45
-135.013,151.194,LYS-46
-55.1874,121.055,THR-47
-113.019,92.9259,CYS-48
-69.0635,136.234,PRO-49
-138.604,147.534,VAL-50
-102.029,137.471,GLN-51
-105.948,128.458,LEU-52
-116.854,140.972,TRP-53
-142.308,136.469,VAL-54
-100.418,-27.4644,ASP-55
-145.313,134.854,SER-56
-60.4959,138.344,THR-57
-84.4472,164.865,PRO-58
-57.9253,158.897,PRO-59
-80.3199,126.063,PRO-60
95.4262,-0.444923,GLY-61
-52.7545,146.705,THR-62
-132.156,162.618,ARG-63
-96.1243,137.044,VAL-64
-124.693,141.77,ARG-65
-131.56,142.744,ALA-66
-156.188,-175.938,MET-67
-168.959,101.681,ALA-68
-79.9789,141.193,ILE-69
-92.1617,145.44,TYR-70
-159.875,155.647,LYS-71
-133.304,-169.277,GLN-72
-61.5846,-17.1656,SER-73
-141.833,-28.4566,GLN-74
-74.6802,114.849,HIS-75
-134.143,-12.8479,MET-76
-100.979,78.3403,THR-77
-163.555,153.011,GLU-78
-108.14,153.683,VAL-79
-60.9191,118.223,VAL-80
-133.377,148.438,ARG-81
-46.6074,161.416,ARG-82
-56.3785,156.008,CYS-83
-57.8711,-26.9897,PRO-84
-89.0424,-2.97827,HIS-85
-135.068,0.377601,HIS-86
-75.4471,3.03857,GLU-87
-155.911,-10.5958,ARG-88
-67.5615,160.301,CYS-89
-68.733,-6.81124,SER-90
-88.0349,-20.8035,ASP-91
-105.381,-23.9183,SER-92
-74.4954,103.832,ASP-93
-146.219,-135.872,GLY-94
-55.5752,-36.7727,LEU-95
-94.4446,133.96,ALA-96
-58.5614,143.432,PRO-97
-59.7262,-26.3853,PRO-98
-58.7821,-41.2002,GLN-99
-63.0797,124.859,HIS-100
-84.2671,-48.1042,LEU-101
-72.6658,114.626,ILE-102
-124.716,139.923,ARG-103
-93.5984,146.893,VAL-104
-141.045,178.946,GLU-105
85.1768,-62.9492,GLY-106
-66.3766,107.1,ASN-107
-55.1113,-44.4265,LEU-108
-81.6538,43.5503,ARG-109
-78.225,147.082,VAL-110
-156.925,142.288,GLU-111
-103.63,136.528,TYR-112
-157.002,150.568,LEU-113
-79.043,153.933,ASP-114
-96.861,112.196,ASP-115
-49.3435,-39.7119,ARG-116
-78.1437,-44.5836,ASN-117
-100.09,-13.0444,THR-118
54.4471,48.4077,PHE-119
-123.41,104.465,ARG-120
-60.9641,114.18,HIS-121
-149.614,151.486,SER-122
-69.6593,134.874,VAL-123
-122.145,130.699,VAL-124
-123.45,148.787,VAL-125
-67.4344,145.558,PRO-126
-63.7096,119.889,TYR-127
-120.714,136.969,GLU-128
-65.6509,158.969,PRO-129
-60.3896,147.855,PRO-130
-48.1796,153.003,GLU-131
-57.9384,118.153,VAL-132
90.5099,-19.295,GLY-133
-84.5882,144.864,SER-134
-88.3918,-2.23015,ASP-135
-165.966,159.796,CYS-136
-103.163,141.197,THR-137
-100.916,113.696,THR-138
-87.7316,132.022,ILE-139
-115.984,130.974,HIS-140
-108.461,174.861,TYR-141
-155.367,168.095,ASN-142
-146.447,172.818,TYR-143
-175.168,114.197,MET-144
-175.712,147.329,CYS-145
-69.7207,125.922,ASN-146
-91.2315,-31.0963,SER-147
-59.9707,-27.5647,SER-148
-64.4649,162.352,CYS-149
-88.9297,-29.3921,MET-150
109.41,-130.892,GLY-151
-90.282,-146.115,GLY-152
-75.3492,-35.44,ILE-153
-145.123,145.516,ASN-154
-78.8267,130.543,ARG-155
-153.76,143.347,ARG-156
-76.7883,158.209,PRO-157
-139.524,156.196,ILE-158
-154.993,161.263,LEU-159
-139.584,151.239,THR-160
-126.267,110.658,ILE-161
-102.829,144.806,ILE-162
-144.442,164.286,THR-163
-123.655,135.658,LEU-164
-139.625,144.172,GLU-165
-61.2004,167.999,ASP-166
-59.3778,-32.9116,SER-167
-83.7645,-1.62628,SER-168
77.4602,25.8367,GLY-169
-72.7538,138.375,ASN-170
-77.3509,132.071,LEU-171
-113.182,-25.1187,LEU-172
-162.968,148.623,GLY-173
-145.802,133.79,ARG-174
-141.912,125.004,ASN-175
-131.209,145.142,SER-176
-158.522,146.311,PHE-177
-71.6453,146.095,GLU-178
-118.678,150.068,VAL-179
-143.73,137.461,ARG-180
-101.58,137.948,VAL-181
-138.684,175.355,CYS-182
-97.4524,-31.8974,ALA-183
-119.826,75.6604,CYS-184
-69.4374,-28.2176,PRO-185
-68.025,-43.2709,GLY-186
-66.2431,-53.0699,ARG-187
-70.6835,-13.9093,ASP-188
-70.0272,-47.6873,ARG-189
-60.3205,-39.7831,ARG-190
-64.3429,-24.8407,THR-191
-99.3575,-41.419,GLU-192
-68.7283,-41.4919,GLU-193
-53.1217,-23.6145,GLU-194
-69.1532,-15.0361,ASN-195
-78.6021,150.8,LEU-196
-75.0852,-22.4647,ARG-197
-71.2881,145.863,LYS-198
-63.2692,148.864,LYS-199
-142.884,176.189,GLY-200
-77.4461,126.247,GLU-201
-68.9594,164.332,PRO-202
-123.94,166.562,HIS-203
-40.6079,133.144,HIS-204
-64.9332,-36.1287,GLU-205
-80.1371,-43.1119,LEU-206
-54.1781,157.437,PRO-207
-82.2901,-167.112,PRO-208
-86.5947,-141.638,GLY-209
-175.006,-155.266,SER-210
-106.549,172.815,THR-211
-102.09,121.898,LYS-212
103.678,160.534,ARG-213
-59.0484,139.796,ALA-214
-70.8117,-36.7007,LEU-215
-81.6425,171.899,PRO-216
-79.1553,-1.44789,ASN-217
-34.4812,127.091,ASN-218
-99.406,153.967,SER-2
174.602,143.076,SER-3
-80.1105,123.667,VAL-4
-62.3432,156.584,PRO-5
-101.279,120.067,SER-6
-75.2765,-17.3851,GLN-7
-30.839,98.5839,LYS-8
-61.7375,133.878,THR-9
-155.157,149.57,TYR-10
-89.814,-46.005,GLN-11
59.1018,-169.229,GLY-12
-64.6659,-7.62425,SER-13
-106.254,-6.74481,TYR-14
73.333,43.7862,GLY-15
-75.048,122.665,PHE-16
-154.843,143.61,ARG-17
-96.1485,142.274,LEU-18
-128.877,148.466,GLY-19
-119.523,135.067,PHE-20
-76.4512,97.5786,LEU-21
-54.946,126.218,HIS-22
-135.35,-40.9288,SER-23
95.0107,-138.987,GLY-24
-120.31,-16.6146,THR-25
-55.9636,140.855,ALA-26
-60.3482,-17.3853,LYS-27
-71.3431,-21.2693,SER-28
-65.1703,126.204,VAL-29
-98.8439,-25.3772,THR-30
-156.493,150.685,CYS-31
-163.224,135.799,THR-32
-123.532,121.938,TYR-33
-97.2,96.3837,SER-34
-56.3065,-39.1679,PRO-35
-67.1796,-17.0516,ALA-36
-113.59,-16.7663,LEU-37
80.553,13.1195,ASN-38
-109.783,132.008,LYS-39
-97.4137,117.964,MET-40
-81.7476,132.131,PHE-41
-130.233,125.291,CYS-42
-77.304,145.616,GLN-43
-83.7657,153.849,LEU-44
68.4124,12.7107,ALA-45
-131.172,164.036,LYS-46
-71.5632,129.691,THR-47
-123.582,100.389,CYS-48
-76.9198,136.196,PRO-49
-147.293,140.968,VAL-50
-101.36,153.566,GLN-51
-127.883,109.308,LEU-52
-91.6649,141.165,TRP-53
-144.262,124.819,VAL-54
-85.157,-15.3198,ASP-55
-150.629,119,SER-56
-47.9531,130.118,THR-57
-63.6223,167.482,PRO-58
-71.4625,171.393,PRO-59
-64.1848,154.616,PRO-60
82.3754,22.1899,GLY-61
-97.0266,138.433,THR-62
-128.209,130.072,ARG-63
-83.7726,134.145,VAL-64
-131.536,143.103,ARG-65
-139.32,136.264,ALA-66
-158.426,164.261,MET-67
-148.691,131.026,ALA-68
-98.8518,167.014,ILE-69
-128.589,144.209,TYR-70
-145.479,153.938,LYS-71
-142.912,174.082,GLN-72
-64.3424,-26.3981,SER-73
-119.33,10.9223,GLN-74
-158.351,113.028,HIS-75
-126.704,7.90903,MET-76
-82.8542,50.6957,THR-77
-151.987,155.2,GLU-78
-128.667,161.903,VAL-79
-73.21,104.739,VAL-80
-117.948,160.911,ARG-81
-61.8991,137.274,ARG-82
-55.6245,158.51,CYS-83
-45.7809,-33.8844,PRO-84
-69.5726,-13.2662,HIS-85
-130.856,-7.78353,HIS-86
-67.9254,-0.653246,GLU-87
-153.122,-29.8214,ARG-88
-56.0682,146.07,CYS-89
-54.296,-23.1863,SER-90
-68.8458,-27.8461,ASP-91
-99.1133,-28.573,SER-92
-83.9371,163.353,ASP-93
131.098,-140.281,GLY-94
-68.9831,-30.1716,LEU-95
-94.0941,145.408,ALA-96
-46.8867,149.418,PRO-97
-72.1771,-22.8188,PRO-98
-73.8279,-35.6651,GLN-99
-69.6328,117.338,HIS-100
-71.4685,-40.6077,LEU-101
-77.87,100.861,ILE-102
-121.981,163.85,ARG-103
-145.7,128.286,VAL-104
-118.2,-165.264,GLU-105
74.6984,-51.1708,GLY-106
-72.5261,131.81,ASN-107
-56.5325,-20.154,LEU-108
-135.348,90.5351,ARG-109
-103.014,145.09,VAL-110
-172.4,143.429,GLU-111
-100.656,143.667,TYR-112
-160.103,143.414,LEU-113
-53.6899,143.87,ASP-114
-114.865,117.458,ASP-115
-67.3349,-21.6133,ARG-116
-90.2518,-22.0724,ASN-117
-144.156,-18.5913,THR-118
72.4978,0.331214,PHE-119
-86.2521,87.8138,ARG-120
-57.8569,130.766,HIS-121
-164.772,159.283,SER-122
-69.7603,115.717,VAL-123
-105.566,139.697,VAL-124
-123.343,164.595,VAL-125
-82.8166,145.856,PRO-126
-67.9801,132.849,TYR-127
-124.899,140.353,GLU-128
-76.4782,161.736,PRO-129
-60.317,145.721,PRO-130
-72.6588,152.29,GLU-131
-48.0479,130.329,VAL-132
67.0815,-1.13896,GLY-133
-87.427,161.443,SER-134
-113.613,-10.027,ASP-135
-137.105,164.897,CYS-136
-88.2715,149.146,THR-137
-113.337,124.26,THR-138
-104.862,128.147,ILE-139
-114.207,117.728,HIS-140
-101.944,162.802,TYR-141
-139.781,153.996,ASN-142
-146.672,174.108,TYR-143
-165.971,128.947,MET-144
159.036,148.607,CYS-145
-74.3965,136.398,ASN-146
-102.796,-5.22453,SER-147
-81.0058,-6.85667,SER-148
-76.0247,164.154,CYS-149
-80.9603,-20.0826,MET-150
72.9539,-160.21,GLY-151
-58.4184,-156.035,GLY-152
-70.6292,-16.7267,ILE-153
-164.398,147.67,ASN-154
-79.048,133.164,ARG-155
-143.601,163.854,ARG-156
-76.8501,139.863,PRO-157
-131.045,147.016,ILE-158
-135.118,158.768,LEU-159
-113.828,156.552,THR-160
-115.789,114.407,ILE-161
-107.316,129.535,ILE-162
-138.309,171.137,THR-163
-123.166,133.86,LEU-164
-134.271,148.727,GLU-165
-72.0365,152.765,ASP-166
-40.3414,-48.8517,SER-167
-76.5039,21.2495,SER-168
70.8703,12.9237,GLY-169
-68.9852,119.755,ASN-170
-57.9674,140.083,LEU-171
-122.014,-37.2046,LEU-172
-161.816,171.726,GLY-173
-156.614,139.677,ARG-174
-158.358,127.444,ASN-175
-127.923,146.566,SER-176
-148.248,153.387,PHE-177
-79.4685,151.238,GLU-178
-141.035,163.057,VAL-179
-169.021,130.974,ARG-180
-85.4687,141.817,VAL-181
-157.495,140.118,CYS-182
-71.8771,-28.6533,ALA-183
-137.77,64.4757,CYS-184
-52.7239,-30.4158,PRO-185
-72.3046,-39.2505,GLY-186
-75.327,-44.7955,ARG-187
-65.8369,-26.9202,ASP-188
-55.9918,-63.4488,ARG-189
-53.0988,-42.6884,ARG-190
-46.2379,-53.2087,THR-191
-84.105,-29.7679,GLU-192
-87.0684,-36.4117,GLU-193
-76.9127,-0.427285,GLU-194
-76.9308,-15.4846,ASN-195
-81.5517,156.29,LEU-196
-82.5905,-27.9928,ARG-197
-53.4606,157.615,LYS-198
-62.8124,160.658,LYS-199
-157.932,143.135,GLY-200
-57.4961,121.778,GLU-201
-71.7449,152.186,PRO-202
-138.544,165.498,HIS-203
-51.8777,150.008,HIS-204
-59.7089,-48.8991,GLU-205
-85.9623,-10.0854,LEU-206
-55.1408,147.519,PRO-207
-75.2499,-176.986,PRO-208
-91.396,-163.783,GLY-209
-174.185,171.204,SER-210
-72.844,160.067,THR-211
-95.1276,133.648,LYS-212
77.902,161.581,ARG-213
-67.2205,153.158,ALA-214
-61.6556,-35.6945,LEU-215
-63.5318,145.052,PRO-216
-69.552,7.98581,ASN-217
-58.4174,138.174,ASN-218
-131.456,143.517,SER-2
-172.284,142.264,SER-3
-58.8536,115.418,VAL-4
-61.4704,136.122,PRO-5
-85.6347,145.819,SER-6
-98.5,-35.0098,GLN-7
-45.7123,113.081,LYS-8
-61.5824,136.843,THR-9
-148.052,154.288,TYR-10
-105.496,-14.8848,GLN-11
86.228,-174.563,GLY-12
-58.4455,-0.957763,SER-13
-135.428,-33.5758,TYR-14
92.1672,21.3911,GLY-15
-44.7623,105.06,PHE-16
-139.382,136.996,ARG-17
-95.5896,141.876,LEU-18
-144.876,142.304,GLY-19
-88.4727,131.87,PHE-20
-73.9219,116.384,LEU-21
-59.1447,131.267,HIS-22
-166.587,-36.1814,SER-23
77.5243,-128.187,GLY-24
-146.52,10.5705,THR-25
-64.7608,169.878,ALA-26
-71.4862,-24.2222,LYS-27
-60.148,-34.3407,SER-28
-67.863,133.683,VAL-29
-91.4527,-30.1894,THR-30
-166.085,153.974,CYS-31
-161.982,142.412,THR-32
-123.794,129.749,TYR-33
-87.5696,118.155,SER-34
-70.2479,-24.4053,PRO-35
-77.9883,-15.1143,ALA-36
-114.749,-19.1091,LEU-37
59.3001,42.2283,ASN-38
-138.859,131.219,LYS-39
-93.9454,132.498,MET-40
-106.618,109.987,PHE-41
-99.1961,137.831,CYS-42
-78.5869,140.671,GLN-43
-69.8183,137.309,LEU-44
66.2837,9.98505,ALA-45
-113.425,170.248,LYS-46
-82.1216,108.384,THR-47
-103.129,83.3436,CYS-48
-71.3467,138.882,PRO-49
-134.72,148.746,VAL-50
-106.583,136.299,GLN-51
-109.07,111.199,LEU-52
-95.5934,136.743,TRP-53
-137.854,147.722,VAL-54
-105.093,-30.4293,ASP-55
-137.095,136.23,SER-56
-60.4506,126.624,THR-57
-71.0403,160.276,PRO-58
-67.2052,171.053,PRO-59
-66.4626,153.107,PRO-60
85.5331,4.95859,GLY-61
-78.12,127.501,THR-62
-110.157,131.123,ARG-63
-85.4283,144.648,VAL-64
-138.116,156.98,ARG-65
-140.589,139.112,ALA-66
-147.269,-177.119,MET-67
-169.886,109.405,ALA-68
-84.6645,158.829,ILE-69
-107.304,146.525,TYR-70
-151.94,145.525,LYS-71
-108.875,-164.331,GLN-72
-64.7063,-52.6441,SER-73
-113.105,-1.30987,GLN-74
-132.188,111.268,HIS-75
-121.635,-6.12432,MET-76
-72.3028,61.6381,THR-77
-158.893,157.443,GLU-78
-122.405,164.215,VAL-79
-73.0966,105.781,VAL-80
-124.946,156.281,ARG-81
-56.8057,164.317,ARG-82
-43.3848,159.82,CYS-83
-69.3144,-30.0488,PRO-84
-72.6597,-9.14361,HIS-85
-134.914,19.7234,HIS-86
-98.6063,7.88212,GLU-87
-154.023,-46.304,ARG-88
-55.7218,158.502,CYS-89
-69.2282,-26.0349,SER-90
-70.5946,-17.7943,ASP-91
-93.3088,-29.9166,SER-92
-54.0708,173.72,ASP-93
137.367,-152.423,GLY-94
-64.7611,-42.1505,LEU-95
-72.6818,153.032,ALA-96
-66.945,148.492,PRO-97
-59.9414,-1.91204,PRO-98
-78.0896,-41.0023,GLN-99
-76.1306,134.42,HIS-100
-78.5176,-44.5756,LEU-101
-81.1016,121.129,ILE-102
-125.565,154.897,ARG-103
-102.748,150.387,VAL-104
-138.911,-177.05,GLU-105
82.4911,-82.8214,GLY-106
-45.5966,117.398,ASN-107
-57.8816,-20.8501,LEU-108
-119.395,85.9834,ARG-109
-123.222,141.946,VAL-110
-166.478,156.083,GLU-111
-92.0827,136.299,TYR-112
-129.454,155.088,LEU-113
-74.7468,164.936,ASP-114
-126.594,126.776,ASP-115
-71.4586,-38.8459,ARG-116
-73.6961,-48.5002,ASN-117
-98.6209,-14.0795,THR-118
67.676,2.16223,PHE-119
-85.2859,92.306,ARG-120
-53.4698,129.38,HIS-121
-172.001,149.44,SER-122
-83.8525,132.076,VAL-123
-132.372,138.259,VAL-124
-129.816,147.649,VAL-125
-57.7793,139.311,PRO-126
-65.4166,124.064,TYR-127
-110.654,115.31,GLU-128
-63.2016,139.425,PRO-129
-60.7435,149.563,PRO-130
-67.793,152.012,GLU-131
-61.7015,144.425,VAL-132
79.8417,8.28715,GLY-133
-134.986,150.562,SER-134
-102.349,-4.5313,ASP-135
-170.079,145.797,CYS-136
-76.8035,133.125,THR-137
-92.9811,130.877,THR-138
-92.8244,121.505,ILE-139
-99.4188,131.991,HIS-140
-105.11,167.894,TYR-141
-136.621,163.675,ASN-142
-152.094,166.993,TYR-143
-156.181,127.809,MET-144
-178.807,152.072,CYS-145
-96.3837,126.249,ASN-146
-76.2633,-25.449,SER-147
-87.8185,53.2231,SER-148
-140.551,157.83,CYS-149
-67.3634,-35.2827,MET-150
68.3641,-163.922,GLY-151
-71.2862,173.779,GLY-152
-63.6639,-32.846,ILE-153
-108.657,150.406,ASN-154
-75.9992,103.812,ARG-155
-117.008,143.317,ARG-156
-81.4617,172.296,PRO-157
-141.428,128.813,ILE-158
-114.408,137.991,LEU-159
-105.668,141.537,THR-160
-115.276,130.786,ILE-161
-115.743,133.394,ILE-162
-138.684,166.95,THR-163
-119.861,135.978,LEU-164
-134.135,144.95,GLU-165
-62.8315,151.683,ASP-166
-60.3058,-24.2934,SER-167
-88.5142,15.0154,SER-168
89.8328,-12.0952,GLY-169
-64.9544,128.322,ASN-170
-73.5898,135.798,LEU-171
-118.964,-10.9276,LEU-172
-171.971,154.276,GLY-173
-149.529,142.958,ARG-174
-143.084,121.552,ASN-175
-127.504,147.458,SER-176
-163.675,166.718,PHE-177
-84.6909,144.372,GLU-178
-110.318,153.545,VAL-179
-144.343,137.007,ARG-180
-108.099,121.777,VAL-181
-112.765,160.485,CYS-182
-84.2823,-31.0363,ALA-183
-135.62,109.59,CYS-184
-79.0283,-37.291,PRO-185
-55.7226,-45.9408,GLY-186
-55.2997,-64.5875,ARG-187
-55.4556,-31.6618,ASP-188
-59.5881,-49.4038,ARG-189
-69.4842,-33.946,ARG-190
-51.3473,-39.0687,THR-191
-95.7652,0.285654,GLU-192
-135.584,-20.1071,GLU-193
-74.875,-36.9188,GLU-194
-62.6907,9.19082,ASN-195
-109.639,149.42,LEU-196
-92.8767,-18.4253,ARG-197
-64.4594,136.719,LYS-198
-46.8223,159.094,LYS-199
-163.139,166.167,GLY-200
-84.626,156.068,GLU-201
-77.4616,169.596,PRO-202
-148.276,154.672,HIS-203
-66.9553,141.414,HIS-204
-90.3232,-11.4344,GLU-205
-58.9232,-46.2284,LEU-206
-67.5221,146.431,PRO-207
-80.2698,176.064,PRO-208
-64.9122,-166.216,GLY-209
175.896,-159.369,SER-210
-112.411,149.734,THR-211
-70.247,129.123,LYS-212
73.071,166.306,ARG-213
-75.0135,145.368,ALA-214
-70.4661,-27.315,LEU-215
-47.8391,161.006,PRO-216
-87.6976,2.5274,ASN-217
-39.5911,105.509,ASN-218
-108.262,154.192,SER-2
177.099,162.954,SER-3
-87.1978,114.389,VAL-4
-39.6875,130.064,PRO-5
-97.4112,145.102,SER-6
-90.1646,-23.7141,GLN-7
-56.9153,105.157,LYS-8
-43.2932,132.157,THR-9
-155.009,160.798,TYR-10
-107.428,-19.4407,GLN-11
69.5869,-164.543,GLY-12
-70.1054,-15.081,SER-13
-115.454,4.38729,TYR-14
70.7634,18.6135,GLY-15
-36.0755,114.457,PHE-16
-160.554,139.027,ARG-17
-110.846,170.665,LEU-18
173.153,174.085,GLY-19
-112.148,127.98,PHE-20
-70.0158,140.642,LEU-21
-60.6914,142.854,HIS-22
-152.137,-44.1652,SER-23
100.302,-132.527,GLY-24
-115.819,-25.5085,THR-25
-70.0652,176.848,ALA-26
-48.1813,-25.1347,LYS-27
-68.9873,-24.8657,SER-28
-69.9598,128.264,VAL-29
-100.394,-21.4483,THR-30
-160.274,150.371,CYS-31
-162.407,176.881,THR-32
-159.02,139.817,TYR-33
-125.819,101.773,SER-34
-61.5619,-31.5141,PRO-35
-76.8797,-26.2587,ALA-36
-78.4207,-40.1535,LEU-37
81.889,24.0613,ASN-38
-114.674,135.927,LYS-39
-91.8986,149.949,MET-40
-131.94,125.916,PHE-41
-134.628,139.291,CYS-42
-87.3857,141.165,GLN-43
-62.3464,132.055,LEU-44
61.4129,-1.65136,ALA-45
-84.4484,146.453,LYS-46
-71.5397,114.632,THR-47
-109.529,102.635,CYS-48
-70.2818,150.058,PRO-49
-146.173,129.286,VAL-50
-82.4355,147.273,GLN-51
-125.049,114.984,LEU-52
-96.7936,142.273,TRP-53
-142.959,120.923,VAL-54
-66.3556,-38.6784,ASP-55
-147.761,130.866,SER-56
-58.5449,124.249,THR-57
-69.4873,152.663,PRO-58
-38.3308,149.824,PRO-59
-68.3902,138.355,PRO-60
95.7395,-3.54595,GLY-61
-74.8723,148.835,THR-62
-134.371,140.704,ARG-63
-83.3723,135.798,VAL-64
-122.446,147.808,ARG-65
-143.927,154.27,ALA-66
-163.574,168.626,MET-67
-150.777,119.661,ALA-68
-96.5028,146.284,ILE-69
-99.5962,149.713,TYR-70
-149.774,156.504,LYS-71
-110.552,162.127,GLN-72
-70.5885,7.611,SER-73
-129.895,-6.02555,GLN-74
-155.455,125.467,HIS-75
-145.127,-6.36026,MET-76
-79.5352,57.3378,THR-77
-156.12,151.369,GLU-78
-125.471,164.421,VAL-79
-79.8041,133.821,VAL-80
-144.189,157.289,ARG-81
-68.4663,175.211,ARG-82
-64.359,156.974,CYS-83
-57.6243,-38.5773,PRO-84
-81.0933,6.13082,HIS-85
-140.895,-11.8934,HIS-86
-61.3909,-5.96447,GLU-87
-152.418,-4.61292,ARG-88
-84.3056,169.566,CYS-89
-78.6769,-17.7375,SER-90
-74.3938,-21.7915,ASP-91
-89.716,-32.9552,SER-92
-73.2253,112.716,ASP-93
-162.747,-125.583,GLY-94
-66.3176,-44.5657,LEU-95
-87.098,157.811,ALA-96
-60.8759,174.689,PRO-97
-84.2612,-12.9066,PRO-98
-68.2257,-57.3451,GLN-99
-63.7187,127.903,HIS-100
-75.8895,-38.318,LEU-101
-87.9073,106.907,ILE-102
-115.545,152.136,ARG-103
-112.616,134.301,VAL-104
-127.853,-162.707,GLU-105
91.2082,-54.8636,GLY-106
-71.5774,147.764,ASN-107
-96.9114,-3.2369,LEU-108
-129.112,45.2943,ARG-109
-98.6136,126.646,VAL-110
-165.658,168.748,GLU-111
-86.9361,146.969,TYR-112
-160.625,154.794,LEU-113
-50.1207,156.458,ASP-114
-110.719,124.262,ASP-115
-68.0845,-31.5491,ARG-116
-84.9663,-43.299,ASN-117
-104.993,-12.3178,THR-118
58.8549,54.9177,PHE-119
-130.249,103.31,ARG-120
-59.9422,109.784,HIS-121
-156.508,154.635,SER-122
-62.6307,134.038,VAL-123
-131.036,149.538,VAL-124
-130.56,145.294,VAL-125
-67.813,134.077,PRO-126
-58.3355,118.822,TYR-127
-94.5688,114.808,GLU-128
-73.7245,155.922,PRO-129
-61.2209,112.434,PRO-130
-47.0609,149.343,GLU-131
-60.2944,133.517,VAL-132
93.0075,-2.94002,GLY-133
-95.3909,158.304,SER-134
-83.6057,-33.3711,ASP-135
-162.272,153.18,CYS-136
-59.5244,152.142,THR-137
-123.619,120.999,THR-138
-81.4601,133.877,ILE-139
-120.098,129.777,HIS-140
-103.887,171.551,TYR-141
-156.156,132.378,ASN-142
-125.161,140.021,TYR-143
-129.527,124.338,MET-144
167.255,144.442,CYS-145
-93.1961,134.656,ASN-146
-84.1126,-13.1148,SER-147
-82.5237,18.1779,SER-148
-112.196,162.487,CYS-149
-76.8928,-54.3502,MET-150
77.0464,-145.862,GLY-151
-87.218,166.458,GLY-152
-63.572,-24.6805,ILE-153
-122.639,135.911,ASN-154
-65.885,113.377,ARG-155
-125.405,159.577,ARG-156
-71.1267,157.25,PRO-157
-132.575,124.518,ILE-158
-117.225,143.693,LEU-159
-100.295,156.319,THR-160
-123.481,121.105,ILE-161
-117.283,137.323,ILE-162
-154.642,155.919,THR-163
-111.151,119.057,LEU-164
-109.377,145.967,GLU-165
-65.8215,159.059,ASP-166
-55.1343,-37.4092,SER-167
-83.5962,5.74052,SER-168
91.2071,-1.82354,GLY-169
-54.4998,125.516,ASN-170
-73.3782,133.173,LEU-171
-118.415,-2.28502,LEU-172
170.872,156.981,GLY-173
-150.183,148.813,ARG-174
-148.156,127.955,ASN-175
-137.858,134.871,SER-176
-153.994,153.598,PHE-177
-70.0259,153.54,GLU-178
-147.233,142.122,VAL-179
-132.814,129.331,ARG-180
-87.8675,125.971,VAL-181
-125.327,167.254,CYS-182
-98.2882,-30.5811,ALA-183
-125.577,71.3644,CYS-184
-69.3229,-24.3207,PRO-185
-78.9472,-34.8255,GLY-186
-55.4297,-52.3308,ARG-187
-71.3146,-32.5253,ASP-188
-48.608,-62.5541,ARG-189
-45.8501,-57.2336,ARG-190
-46.6931,-44.8264,THR-191
-85.823,-30.1086,GLU-192
-82.3464,-31.0285,GLU-193
-84.445,-4.41071,GLU-194
-80.4434,-5.27443,ASN-195
-95.4589,160.206,LEU-196
-80.0282,-17.3317,ARG-197
-69.9676,155.25,LYS-198
-54.3376,157.595,LYS-199
-153.993,166.745,GLY-200
-77.82,141.212,GLU-201
-85.1316,161.413,PRO-202
-141.051,159.884,HIS-203
-84.9171,155.509,HIS-204
-98.9024,-27.1247,GLU-205
-59.6103,-34.3223,LEU-206
-60.0708,137.063,PRO-207
-65.9624,-178.97,PRO-208
-97.9263,-174.31,GLY-209
-162.319,-165.026,SER-210
-94.4982,159.527,THR-211
-82.2795,155.552,LYS-212
77.2019,154.239,ARG-213
-59.9139,159.128,ALA-214
-73.7892,-45.7681,LEU-215
-53.3375,146.408,PRO-216
-81.3756,22.6318,ASN-217
-63.8883,117.573,ASN-218
-131.884,139.954,SER-2
-174.726,139.452,SER-3
-60.8553,126.48,VAL-4
-72.8815,125.14,PRO-5
-66.6449,157.56,SER-6
-103.195,-33.3982,GLN-7
-39.0561,109.354,LYS-8
-69.0999,129.299,THR-9
-144.545,142.393,TYR-10
-84.9267,-19.5688,GLN-11
64.4599,-153.872,GLY-12
-75.0046,-18.479,SER-13
-111.959,-4.85146,TYR-14
65.943,27.7517,GLY-15
-54.0452,110.407,PHE-16
-152.889,144.334,ARG-17
-108.33,168.349,LEU-18
-172.392,168.555,GLY-19
-130.22,123.31,PHE-20
-71.8727,146.659,LEU-21
-59.6588,132.631,HIS-22
-150.183,-67.8916,SER-23
115.171,-146.702,GLY-24
-116.842,5.33864,THR-25
-71.1237,143.084,ALA-26
-40.1388,-27.0321,LYS-27
-66.1786,-31.7019,SER-28
-60.4763,138.02,VAL-29
-91.6982,-48.4842,THR-30
-150.793,147.266,CYS-31
-157.71,136.206,THR-32
-118.19,143.498,TYR-33
-99.7133,99.2253,SER-34
-49.4271,-36.3742,PRO-35
-90.0344,-6.82346,ALA-36
-102.547,-10.4461,LEU-37
39.1569,38.5147,ASN-38
-106.414,133.957,LYS-39
-105.01,128.615,MET-40
-96.3755,128.105,PHE-41
-114.211,159.353,CYS-42
-92.4921,145.251,GLN-43
-65.0226,128.713,LEU-44
77.2132,-18.226,ALA-45
-80.4738,156.282,LYS-46
-78.8085,122.662,THR-47
-122.066,109.57,CYS-48
-84.7954,145.553,PRO-49
-124.302,139.711,VAL-50
-93.2584,136.994,GLN-51
-116.568,119.349,LEU-52
-100.068,153.571,TRP-53
-160.576,116.216,VAL-54
-90.6184,-12.0441,ASP-55
-154.671,126.459,SER-56
-62.809,143.367,THR-57
-80.8198,168.116,PRO-58
-70.5438,172.44,PRO-59
-62.1492,170.49,PRO-60
65.4726,1.00793,GLY-61
-76.6623,152.613,THR-62
-133.067,140.141,ARG-63
-96.9904,133.315,VAL-64
-132.642,143.846,ARG-65
-137.63,134.495,ALA-66
-152.029,172.894,MET-67
-158.558,111.852,ALA-68
-82.6232,154.287,ILE-69
-102.778,157.598,TYR-70
-162.352,154.969,LYS-71
-138.001,-179.93,GLN-72
-76.4357,0.0646389,SER-73
-131.592,14.1988,GLN-74
-151.272,154.054,HIS-75
-144.251,-14.0359,MET-76
-77.5553,78.5031,THR-77
-175.108,165.368,GLU-78
-126.815,152.205,VAL-79
-62.8743,110.662,VAL-80
-115.473,160.388,ARG-81
-58.4748,173.11,ARG-82
-51.828,142.257,CYS-83
-67.7257,-24.339,PRO-84
-79.9073,-1.43326,HIS-85
-145.842,17.2741,HIS-86
-84.3606,-10.4681,GLU-87
-147.37,-31.7591,ARG-88
-46.7411,148.198,CYS-89
-36.8124,-42.3828,SER-90
-69.343,6.1527,ASP-91
-126.996,-6.73456,SER-92
-78.8058,135.382,ASP-93
172.577,-142.097,GLY-94
-52.4375,-47.1716,LEU-95
-82.9893,147.548,ALA-96
-50.9841,149.112,PRO-97
-63.9532,-17.5693,PRO-98
-68.6559,-43.1678,GLN-99
-78.7553,130.545,HIS-100
-66.77,-49.0528,LEU-101
-79.584,127.79,ILE-102
-141.112,156.498,ARG-103
-119.059,148.302,VAL-104
-150.43,-177.034,GLU-105
80.2684,-64.6165,GLY-106
-64.2749,127.114,ASN-107
-81.9503,-31.3363,LEU-108
-87.7537,32.0302,ARG-109
-86.5286,145.816,VAL-110
-179.699,-175.052,GLU-111
-122.38,163.695,TYR-112
-154.841,150.193,LEU-113
-60.3466,145.919,ASP-114
-98.7914,113.684,ASP-115
-52.2284,-32.0979,ARG-116
-95.3716,-36.5649,ASN-117
-106.491,-23.3249,THR-118
63.9694,35.0247,PHE-119
-108.48,107.678,ARG-120
-66.6238,112.566,HIS-121
-144.403,149.465,SER-122
-67.7739,138.143,VAL-123
-133.981,130.686,VAL-124
-110.179,157.181,VAL-125
-72.595,170.531,PRO-126
-75.2618,135.281,TYR-127
-125.875,133.922,GLU-128
-79.3614,157.472,PRO-129
-61.2587,155.811,PRO-130
-81.6616,154.606,GLU-131
-69.3652,118.179,VAL-132
117.756,-2.45939,GLY-133
-147.773,170.874,SER-134
-123.005,-21.7485,ASP-135
-128.634,155.896,CYS-136
-84.3473,139.713,THR-137
-102.261,103.776,THR-138
-92.0262,134.724,ILE-139
-118.976,127.985,HIS-140
-108.253,158.672,TYR-141
-145.687,146.677,ASN-142
-134.383,167.256,TYR-143
-153.801,118.795,MET-144
175.691,124.24,CYS-145
-79.0063,117.936,ASN-146
-65.3301,-13.8968,SER-147
-75.0258,-7.40958,SER-148
-67.5793,166.701,CYS-149
-76.6397,-28.0739,MET-150
80.3404,-138.636,GLY-151
-83.5311,174.113,GLY-152
-84.6447,-28.3237,ILE-153
-119.596,134.166,ASN-154
-71.4392,130.686,ARG-155
-141.91,150.217,ARG-156
-63.3454,149.322,PRO-157
-129.159,134.049,ILE-158
-124.067,148.575,LEU-159
-116.119,155.653,THR-160
-129.036,104.417,ILE-161
-103.533,147.037,ILE-162
-145.051,165.611,THR-163
-114.092,122.032,LEU-164
-123.606,136.972,GLU-165
-59.3523,163.676,ASP-166
-56.6129,-36.3687,SER-167
-86.3921,6.38625,SER-168
91.0639,-1.88146,GLY-169
-59.8812,140.728,ASN-170
-77.1968,121.992,LEU-171
-102.367,-25.8137,LEU-172
-174.576,167.274,GLY-173
-147.669,137.969,ARG-174
-117.441,145.77,ASN-175
-135.212,147.849,SER-176
-156.609,164.6,PHE-177
-88.0343,155.278,GLU-178
-150.804,131.615,VAL-179
-129.542,138.352,ARG-180
-127.174,125.038,VAL-181
-135.446,159.144,CYS-182
-84.8272,-31.6338,ALA-183
-123.142,94.5294,CYS-184
-66.5567,-25.9315,PRO-185
-86.5334,-34.2512,GLY-186
-65.2917,-42.9032,ARG-187
-75.6615,-30.7657,ASP-188
-53.7884,-64.8211,ARG-189
-53.765,-28.5205,ARG-190
-67.0601,-32.1315,THR-191
-97.8117,-22.6395,GLU-192
-91.3805,-34.9924,GLU-193
-73.4454,-17.6666,GLU-194
-66.7607,-8.20269,ASN-195
-78.2114,151.942,LEU-196
-77.6386,-24.9251,ARG-197
-75.5725,165.344,LYS-198
-69.1438,161.121,LYS-199
-124.604,-166.766,GLY-200
-76.2499,128.066,GLU-201
-58.064,176.093,PRO-202
-163.457,162.309,HIS-203
-70.5279,133.996,HIS-204
-78.211,-12.5948,GLU-205
-70.8091,-58.2743,LEU-206
-58.6775,149.9,PRO-207
-59.1947,165.727,PRO-208
-96.628,-150.173,GLY-209
-175.767,-156.435,SER-210
-111.882,159.732,THR-211
-88.3564,140.346,LYS-212
66.4501,155.201,ARG-213
-66.802,155.709,ALA-214
-64.9841,-39.9697,LEU-215
-57.8302,155.142,PRO-216
-69.7823,11.1413,ASN-217
-49.4618,129.299,ASN-218
-78.8029,148.694,SER-2
172.464,142.969,SER-3
-69.6911,144.685,VAL-4
-76.6594,136.11,PRO-5
-79.0802,149.314,SER-6
-88.5159,-15.9783,GLN-7
-70.3883,120.233,LYS-8
-75.7207,130.492,THR-9
-147.427,143.203,TYR-10
-97.9544,-36.2931,GLN-11
85.5905,-157.437,GLY-12
-67.6064,-4.68984,SER-13
-130.268,-10.6196,TYR-14
91.3846,29.8792,GLY-15
-64.2308,126.709,PHE-16
-153.705,158.024,ARG-17
-107.337,146.444,LEU-18
-140.716,172.987,GLY-19
-127.833,128.75,PHE-20
-79.7826,140.446,LEU-21
-51.2659,144.012,HIS-22
-171.482,-72.8115,SER-23
123.901,-152.768,GLY-24
-108.841,-12.0207,THR-25
-48.801,150.886,ALA-26
-55.2418,-34.1445,LYS-27
-44.0523,-37.6942,SER-28
-74.7392,125.565,VAL-29
-85.2567,-33.6121,THR-30
-141.432,141.098,CYS-31
-146.139,146.058,THR-32
-126.337,136.76,TYR-33
-103.795,95.4996,SER-34
-50.4865,-46.9721,PRO-35
-70.3178,-6.77594,ALA-36
-104.043,-17.1339,LEU-37
44.5296,45.1673,ASN-38
-113.035,134.744,LYS-39
-106.306,152,MET-40
-137.342,119.065,PHE-41
-131.12,115.822,CYS-42
-69.7563,136.008,GLN-43
-56.3245,135.74,LEU-44
87.1981,-38.6046,ALA-45
-71.4216,155.75,LYS-46
-57.0544,125.792,THR-47
-123.123,110.012,CYS-48
-72.4273,128.895,PRO-49
-137.058,135.854,VAL-50
-101.01,144.254,GLN-51
-128.002,134.204,LEU-52
-114.181,132.949,TRP-53
-151.627,95.7998,VAL-54
-88.7967,-11.7981,ASP-55
-120.81,131.48,SER-56
-67.4541,121.698,THR-57
-67.8288,157.563,PRO-58
-59.2006,152.402,PRO-59
-51.7425,147.039,PRO-60
75.1119,-1.56458,GLY-61
-66.4853,156.445,THR-62
-145.21,148.863,ARG-63
-94.7569,140.231,VAL-64
-126.01,133.884,ARG-65
-112.253,139.588,ALA-66
-154.122,174.066,MET-67
-160.217,110.443,ALA-68
-84.8778,152.897,ILE-69
-95.9101,148.585,TYR-70
-137.302,161.761,LYS-71
-122.571,155.669,GLN-72
-41.9037,-28.7577,SER-73
-122.824,9.07222,GLN-74
-135.017,122.799,HIS-75
-120.011,0.869629,MET-76
-110.164,50.2338,THR-77
-140.367,175.748,GLU-78
-142.19,150.18,VAL-79
-62.0051,117.718,VAL-80
-132.095,161.109,ARG-81
-68.3847,165.529,ARG-82
-44.7779,164.584,CYS-83
-70.9379,-31.3311,PRO-84
-64.5214,4.36878,HIS-85
-155.045,6.26779,HIS-86
-75.7725,-10.826,GLU-87
-152.273,-16.5598,ARG-88
-88.0405,149.014,CYS-89
-56.8978,9.57925,SER-90
-108.814,-11.8861,ASP-91
-109.597,-30.0318,SER-92
-64.8282,164.666,ASP-93
145.722,-123.622,GLY-94
-77.5872,-37.3317,LEU-95
-95.8929,144.308,ALA-96
-54.0078,151.571,PRO-97
-67.657,-26.843,PRO-98
-72.0578,-17.3003,GLN-99
-87.593,116.656,HIS-100
-59.2434,-55.0142,LEU-101
-79.8732,126.373,ILE-102
-144.975,163.92,ARG-103
-130.704,147.355,VAL-104
-142.907,-178.984,GLU-105
70.4521,-36.3769,GLY-106
-59.5216,94.9165,ASN-107
-57.4848,-29.0778,LEU-108
-79.6689,14.1305,ARG-109
-63.7091,145.893,VAL-110
-167.259,160.045,GLU-111
-88.232,152.094,TYR-112
-150.042,157.226,LEU-113
-79.4443,149.751,ASP-114
-100.793,106.1,ASP-115
-46.265,-43.7069,ARG-116
-80.5465,-27.0989,ASN-117
-116.35,-20.4866,THR-118
55.8452,37.1948,PHE-119
-102.205,103.405,ARG-120
-57.8787,136.064,HIS-121
-170.114,139.062,SER-122
-64.2894,123.143,VAL-123
-122.265,154.369,VAL-124
-138.489,156.822,VAL-125
-70.2718,143.778,PRO-126
-63.6253,109.595,TYR-127
-97.7911,110.917,GLU-128
-71.9003,158.343,PRO-129
-74.6012,161.823,PRO-130
-70.5043,144.348,GLU-131
-50.3507,127.044,VAL-132
92.2576,-3.41246,GLY-133
-113.695,157.564,SER-134
-103.143,-19.9935,ASP-135
-143.93,144.427,CYS-136
-75.3521,157.863,THR-137
-118.17,125.013,THR-138
-107.565,138.382,ILE-139
-118.695,122.912,HIS-140
-103.378,173.759,TYR-141
-163.611,133.442,ASN-142
-127.346,164.254,TYR-143
-157.84,117.157,MET-144
176.921,145.253,CYS-145
-99.2074,145.249,ASN-146
-104.361,5.27923,SER-147
-103.133,18.8658,SER-148
-81.9732,173.018,CYS-149
-84.5995,-26.5708,MET-150
68.0169,175.742,GLY-151
-79.4605,-168.774,GLY-152
-73.1298,-22.4575,ILE-153
-134.299,149.537,ASN-154
-77.409,119.056,ARG-155
-137.756,176.222,ARG-156
-102.718,142.904,PRO-157
-122.961,138.052,ILE-158
-137.679,145.584,LEU-159
-110.92,145.863,THR-160
-111.407,111.301,ILE-161
-111.019,138.423,ILE-162
-151.888,155.972,THR-163
-105.986,130.123,LEU-164
-122.246,147.474,GLU-165
-57.7667,176.535,ASP-166
-70.7898,-34.9539,SER-167
-80.7037,8.44387,SER-168
87.8245,-0.74494,GLY-169
-71.2213,141.619,ASN-170
-77.0557,115.717,LEU-171
-101.433,-19.6925,LEU-172
-177.262,161.796,GLY-173
-141.578,135.485,ARG-174
-139.704,135.171,ASN-175
-134.393,162.699,SER-176
-167.703,146.915,PHE-177
-75.8236,147.234,GLU-178
-149.161,130.427,VAL-179
-127.417,126.652,ARG-180
-81.2637,142.195,VAL-181
-137.919,159.321,CYS-182
-90.5106,-29.788,ALA-183
-134.11,68.6148,CYS-184
-72.6855,-19.6053,PRO-185
-63.6059,-50.3563,GLY-186
-57.6275,-55.7826,ARG-187
-66.9829,-33.3925,ASP-188
-60.0027,-51.7423,ARG-189
-51.2793,-56.3667,ARG-190
-45.3405,-54.7851,THR-191
-66.8392,-40.2852,GLU-192
-83.0096,-24.622,GLU-193
-77.2375,-8.89594,GLU-194
-69.2792,-33.1625,ASN-195
-59.7695,177.535,LEU-196
-102.355,-37.4314,ARG-197
-50.2437,140.48,LYS-198
-71.7641,140.601,LYS-199
-115.099,-159.699,GLY-200
-95.0218,139.044,GLU-201
-57.3375,164.309,PRO-202
-165.239,136.468,HIS-203
-68.1781,139.347,HIS-204
-87.7025,7.69429,GLU-205
-76.5704,-36.7595,LEU-206
-80.4483,137.458,PRO-207
-62.5398,125.945,PRO-208
-55.8118,147.243,GLY-209
-111.316,-120.538,SER-210
-143.568,150.497,THR-211
-102.373,150.411,LYS-212
59.4362,156.798,ARG-213
-82.7612,161.766,ALA-214
-70.3052,-28.6912,LEU-215
-79.0648,136.704,PRO-216
-70.4041,27.3513,ASN-217
-47.9001,109.46,ASN-218
-128.93,136.381,SER-2
176.878,160.899,SER-3
-79.7524,120.927,VAL-4
-82.5179,132.593,PRO-5
-87.1013,165.996,SER-6
-93.7204,-29.825,GLN-7
-43.7884,116.682,LYS-8
-62.3606,136.131,THR-9
-160.356,127.431,TYR-10
-83.5391,-24.0657,GLN-11
78.9568,-149.645,GLY-12
-85.334,-41.4881,SER-13
-69.6542,-18.3724,TYR-14
78.7373,43.1371,GLY-15
-75.3629,125.053,PHE-16
-162.575,148.076,ARG-17
-112.996,162.747,LEU-18
-163.92,168.763,GLY-19
-127.072,141.404,PHE-20
-78.4041,122.29,LEU-21
-45.0623,128.619,HIS-22
-157.212,-41.7262,SER-23
92.6979,-144.79,GLY-24
-137.395,-1.47829,THR-25
-50.7578,149.186,ALA-26
-58.1806,-32.2949,LYS-27
-61.7071,-28.6802,SER-28
-52.1233,129.562,VAL-29
-98.7755,-17.2513,THR-30
-159.263,157.723,CYS-31
-173.562,135.168,THR-32
-125.667,124.734,TYR-33
-87.3074,102.627,SER-34
-48.3172,-26.2294,PRO-35
-80.7097,-16.4503,ALA-36
-120.28,-6.06649,LEU-37
36.3801,54.7793,ASN-38
-134.882,123.32,LYS-39
-78.056,139.276,MET-40
-121.907,137.499,PHE-41
-130.93,149.499,CYS-42
-81.6323,133.222,GLN-43
-54.8178,155.743,LEU-44
67.7244,-26.7866,ALA-45
-78.8541,154.257,LYS-46
-71.6186,119.946,THR-47
-109.628,103.955,CYS-48
-72.6328,140.59,PRO-49
-146.979,137.293,VAL-50
-90.8988,125.866,GLN-51
-101.364,130.377,LEU-52
-113.274,136.332,TRP-53
-146.416,119.553,VAL-54
-98.8213,-29.5374,ASP-55
-118.782,130.673,SER-56
-63.9873,117.529,THR-57
-60.8158,172.847,PRO-58
-61.6869,144.571,PRO-59
-67.8528,143.95,PRO-60
79.1891,11.5855,GLY-61
-68.5018,153.898,THR-62
-122.483,148.61,ARG-63
-89.1038,155.787,VAL-64
-150.215,139.078,ARG-65
-115.316,135.648,ALA-66
-151.183,167.87,MET-67
-159.462,95.6678,ALA-68
-86.6549,157.625,ILE-69
-119.042,123.754,TYR-70
-135.57,158.141,LYS-71
-133.985,-153.203,GLN-72
-71.6129,-19.742,SER-73
-149.345,-34.1726,GLN-74
-63.8142,120.676,HIS-75
-150.09,-21.1347,MET-76
-89.4912,53.3461,THR-77
-154.097,162.639,GLU-78
-130.028,165.413,VAL-79
-77.1199,140.474,VAL-80
-155.698,162.179,ARG-81
-63.0148,176.061,ARG-82
-70.4447,156.604,CYS-83
-56.284,-32.2286,PRO-84
-73.3938,-21.0005,HIS-85
-123.609,-15.7396,HIS-86
-66.8073,15.7807,GLU-87
-143.69,-42.0965,ARG-88
-69.3131,164.365,CYS-89
-80.1781,-14.3242,SER-90
-64.8801,-36.6337,ASP-91
-81.6618,-35.7663,SER-92
-65.7593,130.291,ASP-93
-155.261,-127.456,GLY-94
-73.5675,-41.2265,LEU-95
-78.096,148.477,ALA-96
-69.0074,156.039,PRO-97
-64.6999,-17.5946,PRO-98
-76.5512,-38.4973,GLN-99
-71.827,126.087,HIS-100
-71.8963,-48.1857,LEU-101
-84.8931,124.731,ILE-102
-129.804,173.204,ARG-103
-139.949,142.715,VAL-104
-128.236,-178.846,GLU-105
89.5658,-44.8803,GLY-106
-69.9302,122.249,ASN-107
-79.164,4.83863,LEU-108
-138.226,22.1257,ARG-109
-71.616,158.737,VAL-110
-168.593,165.525,GLU-111
-88.5528,158.273,TYR-112
-164.247,150.85,LEU-113
-70.0987,147.315,ASP-114
-93.1603,87.7308,ASP-115
-46.1199,-38.0679,ARG-116
-59.7339,-48.0189,ASN-117
-121.863,-29.7226,THR-118
92.145,24.0447,PHE-119
-104.337,88.1237,ARG-120
-70.0817,137.947,HIS-121
-161.163,169.285,SER-122
-77.1099,142.094,VAL-123
-127.088,141.869,VAL-124
-131.55,152.428,VAL-125
-64.8109,149.941,PRO-126
-60.7229,141.209,TYR-127
-132.686,138.544,GLU-128
-85.9677,153.396,PRO-129
-41.7815,152.185,PRO-130
-68.3733,159.268,GLU-131
-61.8731,120.524,VAL-132
95.2295,-14.6301,GLY-133
-76.7927,-174.273,SER-134
-152.429,-3.43849,ASP-135
-125.405,162.263,CYS-136
-113.156,137.538,THR-137
-94.0343,129.3,THR-138
-97.8479,141.324,ILE-139
-117.012,84.0772,HIS-140
-77.8624,163.281,TYR-141
-154.236,165.909,ASN-142
-149.581,133.846,TYR-143
-133.282,129.22,MET-144
170.37,141.073,CYS-145
-85.3671,136.657,ASN-146
-87.1705,2.35046,SER-147
-123.494,6.5448,SER-148
-62.3032,162.388,CYS-149
-77.5297,-31.3545,MET-150
86.2338,-167.209,GLY-151
-85.6278,179.219,GLY-152
-52.5987,-31.0596,ILE-153
-138.608,134.241,ASN-154
-65.6154,102.335,ARG-155
-126.058,153.284,ARG-156
-54.3891,154.766,PRO-157
-132.951,144.986,ILE-158
-143.014,151.935,LEU-159
-112.468,158,THR-160
-128.953,101.034,ILE-161
-95.4939,129.25,ILE-162
-129.05,159.337,THR-163
-117.102,134.285,LEU-164
-142.08,151.617,GLU-165
-70.518,166.181,ASP-166
-73.6695,-15.4162,SER-167
-95.7009,8.72179,SER-168
85.6983,0.198832,GLY-169
-50.4676,129.812,ASN-170
-73.5504,130.307,LEU-171
-109.902,-17.7565,LEU-172
173.99,164.989,GLY-173
-152.601,131.203,ARG-174
-142.106,113.216,ASN-175
-134.984,148.677,SER-176
-171.593,141.479,PHE-177
-68.1624,155.72,GLU-178
-134.798,156.876,VAL-179
-148.951,134.247,ARG-180
-81.6762,131.665,VAL-181
-128.184,157.394,CYS-182
-72.0984,-40.2428,ALA-183
-139.249,115.868,CYS-184
-77.7495,-34.8873,PRO-185
-70.3733,-35.9651,GLY-186
-54.2079,-62.8917,ARG-187
-76.0364,-21.4061,ASP-188
-65.9434,-54.0575,ARG-189
-62.5248,-28.1189,ARG-190
-74.2601,-33.1119,THR-191
-83.1098,-22.8143,GLU-192
-96.9423,-24.6081,GLU-193
-76.2823,-6.75536,GLU-194
-69.5418,-27.1686,ASN-195
-71.1383,155.601,LEU-196
-85.6857,-9.04613,ARG-197
-79.0619,158.298,LYS-198
-78.6687,148.425,LYS-199
-135.82,-150.668,GLY-200
-77.3924,152.337,GLU-201
-70.6669,154.543,PRO-202
-152.612,121.299,HIS-203
-37.7196,134.41,HIS-204
-78.5409,-22.8772,GLU-205
-56.6541,-38.2699,LEU-206
-79.051,147.29,PRO-207
-73.5355,-175.858,PRO-208
-73.4913,-159.917,GLY-209
-162.296,-160.456,SER-210
-90.4682,136.704,THR-211
-84.4215,138.709,LYS-212
69.925,157.794,ARG-213
-70.9988,162.727,ALA-214
-68.2888,-41.0239,LEU-215
-93.3352,155.59,PRO-216
-67.3094,28.1396,ASN-217
-65.5651,121.782,ASN-218
-105.277,151.766,SER-2
177.924,150.883,SER-3
-71.7312,127.147,VAL-4
-48.6919,142.502,PRO-5
-88.3866,135.421,SER-6
-91.7972,-42.7025,GLN-7
-35.8539,121.454,LYS-8
-68.3562,144.409,THR-9
-161.444,144.126,TYR-10
-98.2662,-25.1453,GLN-11
85.7943,-147.763,GLY-12
-74.6301,-9.63566,SER-13
-123.623,-21.5431,TYR-14
81.8583,27.5956,GLY-15
-60.3107,111.852,PHE-16
-139.806,133.811,ARG-17
-100.246,161.643,LEU-18
-161.232,143.558,GLY-19
-80.5297,151.099,PHE-20
-98.0255,125.882,LEU-21
-56.8081,129.737,HIS-22
-149.801,-66.6991,SER-23
126.926,-137.012,GLY-24
-140.473,-4.92659,THR-25
-62.5279,162.692,ALA-26
-61.6345,-12.9544,LYS-27
-102.183,14.3471,SER-28
-91.5975,139.103,VAL-29
-107.504,-29.3922,THR-30
-156.698,150.538,CYS-31
-151.165,138.026,THR-32
-124.273,140.726,TYR-33
-113.402,107.99,SER-34
-49.6539,-30.5412,PRO-35
-70.708,-11.957,ALA-36
-115.921,-19.4439,LEU-37
69.9409,10.4847,ASN-38
-107.002,121.425,LYS-39
-86.4942,120.385,MET-40
-96.344,117.199,PHE-41
-115.352,138.326,CYS-42
-77.5462,138.925,GLN-43
-72.7733,143.02,LEU-44
72.5822,-0.0861403,ALA-45
-98.6139,135.74,LYS-46
-68.7742,119.013,THR-47
-91.4427,98.5037,CYS-48
-77.3467,127.629,PRO-49
-123.732,127.739,VAL-50
-85.3541,162.83,GLN-51
-150.658,129.245,LEU-52
-135.505,150.734,TRP-53
-142.526,130.057,VAL-54
-69.6794,-46.4702,ASP-55
-91.1133,178.126,SER-56
-87.5735,105.056,THR-57
-69.3161,170.959,PRO-58
-68.6889,-177.582,PRO-59
-62.2702,168.057,PRO-60
69.4342,12.4792,GLY-61
-81.5698,150.727,THR-62
-129.961,143.387,ARG-63
-97.4949,124.179,VAL-64
-104.902,149.249,ARG-65
-135.473,145.703,ALA-66
-156.839,171.314,MET-67
-148.066,120.789,ALA-68
-94.785,155.32,ILE-69
-109.001,130.323,TYR-70
-145.413,149.375,LYS-71
-130.371,-163.832,GLN-72
-69.9495,-0.680698,SER-73
-165.073,-30.0902,GLN-74
-70.888,108.252,HIS-75
-112.82,-6.13289,MET-76
-104.359,45.4292,THR-77
-129.706,162.291,GLU-78
-127.871,162.617,VAL-79
-68.2848,134.791,VAL-80
-158.773,158.846,ARG-81
-61.4117,155.832,ARG-82
-45.4199,135.247,CYS-83
-44.9074,-24.6026,PRO-84
-92.8155,3.59188,HIS-85
-141.825,17.3833,HIS-86
-101.145,4.6382,GLU-87
-146.19,-22.3402,ARG-88
-66.8867,166.101,CYS-89
-71.5705,-24.0354,SER-90
-58.5376,-28.4286,ASP-91
-93.0817,-30.5228,SER-92
-75.0047,142.587,ASP-93
-160.555,-141.104,GLY-94
-74.5187,-39.309,LEU-95
-72.2087,131.849,ALA-96
-65.8738,155.525,PRO-97
-71.4389,-25.3881,PRO-98
-50.5764,-37.8012,GLN-99
-69.7951,128.265,HIS-100
-88.8371,-43.9592,LEU-101
-80.1592,126.524,ILE-102
-140.867,154.551,ARG-103
-139.182,134.686,VAL-104
-136.524,-179.192,GLU-105
87.1088,-56.1152,GLY-106
-62.8846,130.86,ASN-107
-77.341,-5.36353,LEU-108
-130.772,62.057,ARG-109
-117.311,129.661,VAL-110
-159.408,165.265,GLU-111
-109.193,129.591,TYR-112
-135.264,163.116,LEU-113
-61.5836,135.513,ASP-114
-90.3946,106.736,ASP-115
-52.9508,-36.94,ARG-116
-77.362,-42.0477,ASN-117
-117.777,-6.63872,THR-118
48.9425,14.4173,PHE-119
-72.217,90.04,ARG-120
-63.9453,137.984,HIS-121
-167.535,158.42,SER-122
-68.0465,134.813,VAL-123
-132.506,150.752,VAL-124
-132.259,160.711,VAL-125
-62.4196,145.413,PRO-126
-65.6202,129.021,TYR-127
-124.972,124.64,GLU-128
-58.1231,172.54,PRO-129
-83.3384,145.728,PRO-130
-54.1827,155.352,GLU-131
-57.5958,130.229,VAL-132
85.7935,13.9042,GLY-133
-124.569,144.441,SER-134
-95.4066,-22.8495,ASP-135
-140.361,163.021,CYS-136
-101.657,154.355,THR-137
-112.088,124.385,THR-138
-92.7085,128.76,ILE-139
-99.1581,116.581,HIS-140
-112.797,169.885,TYR-141
-159.659,164.285,ASN-142
-152.08,166.113,TYR-143
-143.084,141.326,MET-144
150.419,132.511,CYS-145
-83.6191,120.284,ASN-146
-71.1022,-10.6894,SER-147
-83.8007,-14.676,SER-148
-71.141,161.972,CYS-149
-62.1908,-19.262,MET-150
56.1499,-148.937,GLY-151
-82.2512,-178.836,GLY-152
-46.2286,-31.4625,ILE-153
-137.069,160.869,ASN-154
-76.1541,133.438,ARG-155
-137.378,169.249,ARG-156
-89.6087,139.924,PRO-157
-132.416,148.84,ILE-158
-132.104,140.838,LEU-159
-111.985,147.956,THR-160
-115.688,114.672,ILE-161
-101.603,145.139,ILE-162
-155.187,119.67,THR-163
-78.7222,120.882,LEU-164
-128.897,153.611,GLU-165
-74.0602,168.866,ASP-166
-55.4874,-33.2967,SER-167
-81.3105,2.59246,SER-168
83.1457,-19.9142,GLY-169
-52.0056,126.135,ASN-170
-73.931,127.399,LEU-171
-97.6655,-30.8967,LEU-172
-168.112,161.945,GLY-173
-142.866,158.365,ARG-174
-155.626,143.36,ASN-175
-130.756,144.195,SER-176
-140.963,153.029,PHE-177
-69.1938,148.825,GLU-178
-128.994,156.477,VAL-179
-149.448,129.898,ARG-180
-91.4794,132.598,VAL-181
-129.93,153.055,CYS-182
-82.2786,-17.3876,ALA-183
-156.648,88.8042,CYS-184
-64.8913,-36.595,PRO-185
-62.2131,-44.831,GLY-186
-44.9302,-53.9975,ARG-187
-75.5074,-35.2027,ASP-188
-44.1202,-60.8624,ARG-189
-56.859,-37.5918,ARG-190
-57.9871,-42.5863,THR-191
-95.4644,-29.9026,GLU-192
-92.6148,-36.3451,GLU-193
-54.5674,-25.5643,GLU-194
-68.2177,-10.6527,ASN-195
-100.241,170.446,LEU-196
-89.472,-25.1006,ARG-197
-59.1654,157.541,LYS-198
-65.4055,158.012,LYS-199
-148.672,-162.857,GLY-200
-99.7642,159.857,GLU-201
-77.0435,151.564,PRO-202
-143.187,157.386,HIS-203
-82.0407,137.511,HIS-204
-73.0501,-23.4403,GLU-205
-70.1279,-43.313,LEU-206
-71.7087,152.062,PRO-207
-61.7037,167.051,PRO-208
-83.0393,-139.276,GLY-209
-166.953,-172.36,SER-210
-94.0234,145.243,THR-211
-71.8176,144.406,LYS-212
74.917,168.662,ARG-213
-81.9049,-175.929,ALA-214
-92.7683,-33.4016,LEU-215
-50.071,140.843,PRO-216
-75.6089,8.20436,ASN-217
-67.4456,139.112,ASN-218
-121.464,157.749,SER-2
165.26,162.033,SER-3
-86.2272,132.242,VAL-4
-69.6924,117.415,PRO-5
-56.5533,141.88,SER-6
-91.3683,-20.9818,GLN-7
-55.4546,121.771,LYS-8
-75.4133,130.011,THR-9
-152.648,142.849,TYR-10
-63.8521,-40.7131,GLN-11
71.0806,-162.546,GLY-12
-88.4062,-0.691611,SER-13
-113.18,-20.9323,TYR-14
96.0917,42.9063,GLY-15
-68.8104,100.185,PHE-16
-119.327,133.027,ARG-17
-76.8217,177.885,LEU-18
-176.062,-179.511,GLY-19
-136.373,151.172,PHE-20
-89.7447,141.577,LEU-21
-55.1369,147.398,HIS-22
-173.516,-59.589,SER-23
95.6168,-137.604,GLY-24
-128.075,-23.3741,THR-25
-64.1627,165.637,ALA-26
-57.5576,-20.8401,LYS-27
-80.6598,-8.07516,SER-28
-68.3057,144.323,VAL-29
-114.822,-22.0229,THR-30
-158.314,147.711,CYS-31
-152.612,149.99,THR-32
-137.658,136.181,TYR-33
-99.6033,101.746,SER-34
-45.2548,-41.2718,PRO-35
-82.6264,-13.4804,ALA-36
-96.0278,-18.7006,LEU-37
57.0671,25.5796,ASN-38
-121.36,134.603,LYS-39
-93.1424,144.731,MET-40
-133.674,126.201,PHE-41
-133.894,140.832,CYS-42
-69.9392,134.357,GLN-43
-50.7244,137.775,LEU-44
72.5397,-46.7729,ALA-45
-61.3095,144.794,LYS-46
-49.5739,132.589,THR-47
-128.323,88.9939,CYS-48
-39.5821,134.65,PRO-49
-132.876,154.858,VAL-50
-118.78,164.128,GLN-51
-161.474,129.026,LEU-52
-120.748,124.546,TRP-53
-131.454,110.592,VAL-54
-86.0859,-18.5581,ASP-55
-116.787,145.984,SER-56
-75.2704,126.597,THR-57
-70.6233,170.538,PRO-58
-54.9034,165.247,PRO-59
-66.8762,135.677,PRO-60
100.195,4.2842,GLY-61
-75.047,147.18,THR-62
-136.431,143.619,ARG-63
-96.3561,125.801,VAL-64
-109.807,154.105,ARG-65
-150.599,113.506,ALA-66
-137.195,165.028,MET-67
-154.183,115.8,ALA-68
-104.939,154.304,ILE-69
-115.942,139.352,TYR-70
-150.917,168.756,LYS-71
-131.281,-168.663,GLN-72
-53.7289,-26.6238,SER-73
-145.413,-39.6253,GLN-74
-62.1953,123.578,HIS-75
-132.35,-10.6897,MET-76
-78.0091,40.4111,THR-77
-144.26,176.64,GLU-78
-138.086,149.206,VAL-79
-75.5583,121.961,VAL-80
-138.867,165.366,ARG-81
-49.8203,158.25,ARG-82
-38.7161,137.506,CYS-83
-57.7812,-27.8138,PRO-84
-80.9902,-12.6268,HIS-85
-120.788,13.7901,HIS-86
-94.3521,16.8164,GLU-87
-154.362,-46.6955,ARG-88
-55.9386,154.547,CYS-89
-73.3027,17.485,SER-90
-85.6764,-12.7173,ASP-91
-114.376,-21.782,SER-92
-90.9689,155.625,ASP-93
151.41,-124.646,GLY-94
-66.7917,-0.0142396,LEU-95
-149.92,164.961,ALA-96
-51.0761,149.308,PRO-97
-66.0292,-24.5018,PRO-98
-73.8849,-37.5631,GLN-99
-63.9135,128.502,HIS-100
-81.7308,-46.5438,LEU-101
-83.4383,117.717,ILE-102
-135.685,146.828,ARG-103
-123.965,142.356,VAL-104
-133.008,-160.266,GLU-105
86.6089,-9.23941,GLY-106
-126.501,146.984,ASN-107
-68.1556,-15.5107,LEU-108
-141.001,94.291,ARG-109
-142.428,130.79,VAL-110
-162.982,171.799,GLU-111
-105.643,158.409,TYR-112
-166.128,142.599,LEU-113
-71.3319,163.031,ASP-114
-116.292,98.4635,ASP-115
-59.734,-16.2466,ARG-116
-100.432,-15.379,ASN-117
-138.336,-21.6341,THR-118
72.9174,23.5599,PHE-119
-89.1877,91.2744,ARG-120
-72.5967,124.018,HIS-121
-160.934,152.518,SER-122
-58.0107,132.285,VAL-123
-113.417,116.457,VAL-124
-111.192,150.402,VAL-125
-72.1104,137.178,PRO-126
-71.5571,130.436,TYR-127
-124.64,117.006,GLU-128
-75.1333,164.028,PRO-129
-55.3584,140.128,PRO-130
-74.0501,156.161,GLU-131
-44.1227,106.206,VAL-132
115.787,-18.0749,GLY-133
-94.5206,126.198,SER-134
-85.2443,-14.0411,ASP-135
-144.736,172.054,CYS-136
-92.9217,130.415,THR-137
-114.822,127.136,THR-138
-109.039,142.489,ILE-139
-129.238,102.194,HIS-140
-93.5637,175.944,TYR-141
-165.348,161.558,ASN-142
-140.461,153.408,TYR-143
-143.811,144.687,MET-144
157.24,147.408,CYS-145
-99.9603,124.93,ASN-146
-84.176,-3.01712,SER-147
-77.5206,6.39933,SER-148
-98.4911,173.161,CYS-149
-100.05,-19.9274,MET-150
63.0852,-147.004,GLY-151
-91.7112,-171.354,GLY-152
-69.1582,-1.32266,ILE-153
-169.588,115.958,ASN-154
-53.0015,126.904,ARG-155
-153.762,157.923,ARG-156
-70.7187,159.621,PRO-157
-139.596,153.656,ILE-158
-133.279,155.581,LEU-159
-118.482,146.608,THR-160
-110.007,126.506,ILE-161
-117.233,126.368,ILE-162
-146.88,141.082,THR-163
-94.2185,132.882,LEU-164
-129.652,158.247,GLU-165
-58.0138,160.782,ASP-166
-51.3851,-39.856,SER-167
-94.8221,19.5517,SER-168
80.9502,8.03931,GLY-169
-72.6,121.25,ASN-170
-77.4316,128.607,LEU-171
-114.005,-43.0935,LEU-172
-152.437,161.361,GLY-173
-133.056,157.398,ARG-174
-157.086,140.617,ASN-175
-137.599,156.469,SER-176
-160.074,157.206,PHE-177
-66.1868,150.148,GLU-178
-151.524,148.179,VAL-179
-155.982,125.44,ARG-180
-80.5543,137.801,VAL-181
-143.11,165.789,CYS-182
-98.5493,-39.262,ALA-183
-116.25,88.8494,CYS-184
-72.6389,-30.7716,PRO-185
-66.454,-31.4909,GLY-186
-65.8279,-56.6295,ARG-187
-60.3179,-38.1909,ASP-188
-47.71,-65.1039,ARG-189
-54.0847,-41.3657,ARG-190
-59.9309,-35.5723,THR-191
-100.146,-20.9649,GLU-192
-81.2536,-21.6686,GLU-193
-78.0318,0.802808,GLU-194
-81.9096,28.8985,ASN-195
-137.718,156.214,LEU-196
-69.8465,-38.8914,ARG-197
-46.2245,147.978,LYS-198
-55.4147,170.613,LYS-199
-166.614,170.58,GLY-200
-65.7032,134.989,GLU-201
-59.1074,155.102,PRO-202
-146.345,140.006,HIS-203
-45.9247,142.1,HIS-204
-100.291,-2.32499,GLU-205
-80.9678,-44.7583,LEU-206
-71.2673,161.5,PRO-207
-75.5209,179.762,PRO-208
-78.1942,-151.107,GLY-209
-164.978,-170.487,SER-210
-100.906,152.202,THR-211
-94.3599,149.144,LYS-212
63.713,144.603,ARG-213
-60.4797,177.169,ALA-214
-81.2196,-26.4105,LEU-215
-66.0162,152.518,PRO-216
-86.9524,11.3684,ASN-217
-47.5169,141.937,ASN-218
-115.976,137.886,SER-2
-164.918,154.404,SER-3
-81.9003,121.811,VAL-4
-60.7981,126.601,PRO-5
-72.1993,150.578,SER-6
-94.8968,-20.0984,GLN-7
-58.6124,116.37,LYS-8
-64.452,141.848,THR-9
-169.066,145.868,TYR-10
-83.9966,-35.1438,GLN-11
73.6284,-153.505,GLY-12
-71.3745,-19.0237,SER-13
-101.188,-26.8633,TYR-14
101.36,8.21309,GLY-15
-54.4795,127.334,PHE-16
-164.407,131.124,ARG-17
-82.3116,170.066,LEU-18
-176.037,160.308,GLY-19
-124.754,127.336,PHE-20
-69.502,125.293,LEU-21
-60.9038,141.584,HIS-22
-147.359,-27.8151,SER-23
88.7139,-130.778,GLY-24
-143.469,6.93713,THR-25
-85.5462,162.434,ALA-26
-58.0552,-25.1902,LYS-27
-67.7955,-17.8749,SER-28
-71.088,141.721,VAL-29
-115.522,-29.2601,THR-30
-154.282,147.321,CYS-31
-159.999,139.567,THR-32
-128.349,132.357,TYR-33
-99.7582,113.3,SER-34
-59.2605,-43.3077,PRO-35
-82.4426,-22.8099,ALA-36
-84.0327,-17.1978,LEU-37
65.8082,25.3878,ASN-38
-130.019,145.915,LYS-39
-116.475,135.742,MET-40
-120.006,106.488,PHE-41
-98.9351,149.796,CYS-42
-69.8457,130.892,GLN-43
-48.9833,140.311,LEU-44
72.6635,-30.0599,ALA-45
-66.1895,156.932,LYS-46
-72.7693,122.279,THR-47
-109.901,94.1904,CYS-48
-73.2449,140.898,PRO-49
-133.283,119.366,VAL-50
-88.4723,147.148,GLN-51
-140.955,120.172,LEU-52
-115.072,149.319,TRP-53
-153.175,77.214,VAL-54
-71.4688,-41.8279,ASP-55
-70.5838,-23.6964,SER-56
78.9829,142.409,THR-57
-101.5,159.41,PRO-58
-55.233,159.312,PRO-59
-70.6085,119.881,PRO-60
113.469,4.84928,GLY-61
-85.0578,154.966,THR-62
-128.352,142.778,ARG-63
-96.8692,141.119,VAL-64
-124.769,155.573,ARG-65
-137.023,141.15,ALA-66
-162.561,164.353,MET-67
-159.475,144.628,ALA-68
-123.928,154.302,ILE-69
-110.18,137.594,TYR-70
-138.237,161.76,LYS-71
-144.42,-178.317,GLN-72
-50.4769,-19.2088,SER-73
-141.407,-30.571,GLN-74
-77.2848,132.106,HIS-75
-130.942,-18.1809,MET-76
-125.075,75.0703,THR-77
-140.092,155.334,GLU-78
-100.38,155.504,VAL-79
-65.3206,129.838,VAL-80
-144.211,157.231,ARG-81
-70.4961,162.768,ARG-82
-23.0614,128.549,CYS-83
-47.7737,-39.6298,PRO-84
-71.4964,-5.0951,HIS-85
-128.176,-11.0687,HIS-86
-63.0432,-1.42149,GLU-87
-132.333,-49.2062,ARG-88
-57.5555,159.054,CYS-89
-58.4305,-35.6861,SER-90
-68.5104,-19.2284,ASP-91
-98.765,-21.7303,SER-92
-73.0903,134.672,ASP-93
-169.873,-144.847,GLY-94
-60.0129,-14.6435,LEU-95
-122.85,138.169,ALA-96
-63.0839,151.438,PRO-97
-73.1299,-16.7942,PRO-98
-71.1444,-22.7507,GLN-99
-93.4215,128.2,HIS-100
-77.0287,-56.8208,LEU-101
-60.8272,128.468,ILE-102
-140.267,142.523,ARG-103
-114.16,149.384,VAL-104
-140.364,-171.274,GLU-105
74.3967,-46.435,GLY-106
-70.7718,143.769,ASN-107
-69.1915,-8.97434,LEU-108
-142.542,115.04,ARG-109
-146.212,134.041,VAL-110
-162.261,156.298,GLU-111
-96.6467,128.918,TYR-112
-129.508,146.643,LEU-113
-60.1956,149.86,ASP-114
-114.097,105.163,ASP-115
-60.6016,-35.9469,ARG-116
-73.553,-41.4468,ASN-117
-107.47,-11.8797,THR-118
69.0846,1.18182,PHE-119
-76.2959,78.549,ARG-120
-41.2364,135.165,HIS-121
-171.4,168.624,SER-122
-71.2896,132.919,VAL-123
-122.705,148.264,VAL-124
-125.571,149.001,VAL-125
-76.6099,145.151,PRO-126
-61.664,139.741,TYR-127
-139.096,133.427,GLU-128
-72.117,156.429,PRO-129
-66.5008,148.511,PRO-130
-58.7155,157.417,GLU-131
-61.6523,123.079,VAL-132
68.5245,7.71546,GLY-133
-79.6394,-160.805,SER-134
-154.628,-19.7681,ASP-135
-151.802,157.041,CYS-136
-70.9853,155.071,THR-137
-117.132,127.057,THR-138
-98.1662,128.84,ILE-139
-112.574,137.871,HIS-140
-124.011,172.531,TYR-141
-156.026,161.489,ASN-142
-143.342,153.506,TYR-143
-154.828,116.2,MET-144
-164.518,141.844,CYS-145
-63.8345,144.164,ASN-146
-106.213,-23.557,SER-147
-70.7505,38.4875,SER-148
-137.194,149.02,CYS-149
-86.6396,-19.8671,MET-150
70.2172,-167.689,GLY-151
-64.6479,-177.772,GLY-152
-57.772,-39.5575,ILE-153
-128.487,140.764,ASN-154
-76.4119,105.045,ARG-155
-117.473,158.199,ARG-156
-82.7008,161.667,PRO-157
-122.537,147.329,ILE-158
-143.067,135.691,LEU-159
-103.157,149.894,THR-160
-126.277,106.852,ILE-161
-96.2912,128.981,ILE-162
-139.503,150.996,THR-163
-99.6264,131.224,LEU-164
-143.892,153.537,GLU-165
-71.9989,164.217,ASP-166
-50.4887,-39.4927,SER-167
-82.9462,3.19322,SER-168
84.6917,-8.33843,GLY-169
-53.6941,137.711,ASN-170
-86.3222,137.286,LEU-171
-121.181,-36.9546,LEU-172
-139.599,166.718,GLY-173
-151.807,163.721,ARG-174
-162.155,126.22,ASN-175
-136.295,157.959,SER-176
-178.162,166.006,PHE-177
-87.6214,144.362,GLU-178
-135.27,105.384,VAL-179
-107.65,123.236,ARG-180
-83.0386,139.7,VAL-181
-138.264,177.386,CYS-182
-85.5778,-54.0351,ALA-183
-110.727,97.6756,CYS-184
-67.0647,-53.6865,PRO-185
-56.7674,-37.9265,GLY-186
-62.1401,-52.0999,ARG-187
-64.3261,-27.5546,ASP-188
-76.3999,-48.4005,ARG-189
-57.6574,-37.3804,ARG-190
-60.9132,-39.4272,THR-191
-93.5568,-39.7264,GLU-192
-71.0461,-40.2542,GLU-193
-63.8255,-7.03764,GLU-194
-86.5121,3.37414,ASN-195
-89.0664,146.23,LEU-196
-78.4529,6.93997,ARG-197
-113.371,167.19,LYS-198
-57.9656,135.943,LYS-199
-157.375,157.151,GLY-200
-71.5072,145.288,GLU-201
-38.854,-177.658,PRO-202
-176.863,146.584,HIS-203
-47.1988,126.605,HIS-204
-86.0107,-36.6734,GLU-205
-68.5098,-29.0598,LEU-206
-89.181,141.922,PRO-207
-67.5295,177.784,PRO-208
-85.2833,-142.409,GLY-209
-167.547,172.103,SER-210
-73.4257,148.296,THR-211
-98.1253,145.155,LYS-212
74.2548,153.328,ARG-213
-64.9084,157.821,ALA-214
-89.5746,-25.4471,LEU-215
-83.037,156.833,PRO-216
-84.4352,39.134,ASN-217
-74.8129,132.393,ASN-218
-88.9452,154.47,SER-2
179.384,142.396,SER-3
-67.4253,126.572,VAL-4
-56.1167,126.279,PRO-5
-75.2989,140.641,SER-6
-97.609,-31.1351,GLN-7
-54.2448,132.273,LYS-8
-86.2305,135.443,THR-9
-161.985,149.842,TYR-10
-100.046,-23.0335,GLN-11
80.8779,-177.978,GLY-12
-85.3307,15.9581,SER-13
-82.9025,-34.5434,TYR-14
87.7992,26.3883,GLY-15
-70.4229,117.424,PHE-16
-153.517,166.855,ARG-17
-130.389,162.765,LEU-18
-167.019,174.409,GLY-19
-122.967,113.98,PHE-20
-58.8578,127.718,LEU-21
-56.8049,140.346,HIS-22
-154.861,-30.9358,SER-23
87.6327,-140.518,GLY-24
-147.232,12.2147,THR-25
-59.7823,161.213,ALA-26
-56.9757,-38.8547,LYS-27
-75.6401,-2.82334,SER-28
-67.5529,134.571,VAL-29
-109.382,-27.4003,THR-30
-157.575,145.883,CYS-31
-145.35,140.805,THR-32
-119.512,128.451,TYR-33
-98.0922,106.692,SER-34
-50.2486,-29.68,PRO-35
-89.2243,-1.85853,ALA-36
-116.784,-9.47054,LEU-37
49.056,47.7136,ASN-38
-126.424,137.674,LYS-39
-104.032,128.862,MET-40
-103.829,109.296,PHE-41
-100.649,139.903,CYS-42
-71.2784,127.095,GLN-43
-62.3747,140.644,LEU-44
67.2426,-19.1761,ALA-45
-66.0704,153.221,LYS-46
-56.4895,134.1,THR-47
-138.705,91.2369,CYS-48
-78.7804,107.164,PRO-49
-106.03,121.213,VAL-50
-79.6307,150.841,GLN-51
-146.701,126.98,LEU-52
-125.845,139.555,TRP-53
-135.067,79.2859,VAL-54
-56.8386,-42.666,ASP-55
-77.5806,-9.87242,SER-56
72.5179,143.507,THR-57
-95.8251,171.288,PRO-58
-71.2969,159.557,PRO-59
-57.3931,146.684,PRO-60
84.4771,-2.51832,GLY-61
-68.5936,163.208,THR-62
-148.512,136.985,ARG-63
-84.1679,132.515,VAL-64
-110.244,158.419,ARG-65
-142.077,146.908,ALA-66
-161.755,164.702,MET-67
-141.63,116.228,ALA-68
-82.8576,156.871,ILE-69
-118.553,146.119,TYR-70
-149.392,155.733,LYS-71
-121.038,-174.831,GLN-72
-34.5615,-33.5681,SER-73
-162.313,-16.8484,GLN-74
-72.0053,102.67,HIS-75
-127.508,-4.7839,MET-76
-95.4934,65.3621,THR-77
-152.833,161.252,GLU-78
-127.901,152.241,VAL-79
-51.9095,130.691,VAL-80
-155.928,161.276,ARG-81
-63.3383,176.463,ARG-82
-61.5287,149.321,CYS-83
-58.5613,-33.0477,PRO-84
-87.7678,-1.52011,HIS-85
-144.427,1.39072,HIS-86
-80.3098,27.6633,GLU-87
-168.309,-32.9202,ARG-88
-70.0148,166.9,CYS-89
-65.4205,-19.6222,SER-90
-70.5019,-21.0146,ASP-91
-109.071,-23.2745,SER-92
-75.9744,-172.362,ASP-93
128.728,-139.821,GLY-94
-41.966,-56.2887,LEU-95
-82.8412,154.92,ALA-96
-73.9508,133.763,PRO-97
-69.0147,-12.7054,PRO-98
-71.5333,-32.3247,GLN-99
-72.9663,140.665,HIS-100
-90.6252,-32.6107,LEU-101
-91.6636,132.149,ILE-102
-160.15,165.849,ARG-103
-138.448,160.717,VAL-104
-151.232,160.28,GLU-105
86.0873,-30.8652,GLY-106
-58.1075,143.872,ASN-107
-86.7162,-4.02209,LEU-108
-154.99,40.0618,ARG-109
-85.9168,150.485,VAL-110
-171.797,177.071,GLU-111
-106.107,150.932,TYR-112
-152.597,162.37,LEU-113
-80.5673,139.216,ASP-114
-85.0236,114.43,ASP-115
-58.1654,-41.7981,ARG-116
-75.1381,-18.6704,ASN-117
-133.029,-12.9288,THR-118
68.8986,42.8344,PHE-119
-128.661,100.483,ARG-120
-70.7838,109.118,HIS-121
-140.487,159.045,SER-122
-77.859,139.874,VAL-123
-136.889,135.174,VAL-124
-128.29,152.889,VAL-125
-65.3782,152.756,PRO-126
-75.3765,148.308,TYR-127
-155.941,124.14,GLU-128
-71.6731,149.685,PRO-129
-56.0246,159.37,PRO-130
-77.163,157.916,GLU-131
-57.2972,132.883,VAL-132
90.7653,-31.85,GLY-133
-86.2173,150.16,SER-134
-75.6497,-39.3487,ASP-135
-155.486,152.728,CYS-136
-80.3224,167.015,THR-137
-144.187,132.399,THR-138
-101.121,132.705,ILE-139
-103.341,115.787,HIS-140
-93.4273,179.556,TYR-141
-160.024,157.553,ASN-142
-144.008,136.143,TYR-143
-146.379,114.913,MET-144
-156.464,157.943,CYS-145
-77.1994,123.742,ASN-146
-76.2665,-6.29087,SER-147
-81.4903,-12.2243,SER-148
-64.7312,158.093,CYS-149
-78.0463,-19.7789,MET-150
54.9059,178.002,GLY-151
-71.8874,-163.132,GLY-152
-58.5289,-22.5505,ILE-153
-144.234,125.706,ASN-154
-64.3913,136.192,ARG-155
-162.007,170.687,ARG-156
-84.0479,116.515,PRO-157
-96.7853,136.029,ILE-158
-121.663,152.947,LEU-159
-110.946,145.607,THR-160
-106.317,114.5,ILE-161
-103.007,130.524,ILE-162
-129.701,148.612,THR-163
-111.987,136.052,LEU-164
-125.332,152.793,GLU-165
-55.5998,158.585,ASP-166
-59.2782,-17.2421,SER-167
-104.516,2.76707,SER-168
87.5943,17.5027,GLY-169
-74.2914,141.247,ASN-170
-63.6154,133.764,LEU-171
-118.689,-21.0073,LEU-172
-163.942,161.856,GLY-173
-141.526,157.707,ARG-174
-158.422,122.283,ASN-175
-133.75,139.669,SER-176
-160.527,151.384,PHE-177
-68.594,150.903,GLU-178
-128.565,142.845,VAL-179
-123.9,121.266,ARG-180
-79.5132,138.94,VAL-181
-142.328,162.121,CYS-182
-87.6213,-42.1678,ALA-183
-121.298,88.7117,CYS-184
-74.153,-40.5159,PRO-185
-55.169,-57.3034,GLY-186
-49.2795,-49.5054,ARG-187
-67.2043,-38.0193,ASP-188
-50.3388,-65.6058,ARG-189
-52.6357,-42.8626,ARG-190
-55.4673,-41.9999,THR-191
-77.9437,-34.1788,GLU-192
-83.9985,-35.6334,GLU-193
-61.5868,-18.7298,GLU-194
-79.4335,-6.59521,ASN-195
-81.3945,161.228,LEU-196
-92.5574,5.17366,ARG-197
-121.977,164.523,LYS-198
-55.1987,111.622,LYS-199
-109.059,157.614,GLY-200
-71.2932,153.89,GLU-201
-67.3738,159.222,PRO-202
-157,145.783,HIS-203
-66.9465,156.763,HIS-204
-87.2435,-36.1403,GLU-205
-53.5469,-38.7888,LEU-206
-69.3397,143.88,PRO-207
-66.7608,174.173,PRO-208
-83.5376,-156.095,GLY-209
-174.795,-158.381,SER-210
-117.993,169.633,THR-211
-109.78,155.113,LYS-212
69.282,156.907,ARG-213
-78.568,170.132,ALA-214
-86.4051,-40.6178,LEU-215
-53.1444,146.997,PRO-216
-84.364,29.9813,ASN-217
-60.5379,120.307,ASN-218
-70.3459,165.613,SER-2
176.905,-151.733,SER-3
-138.216,129.215,VAL-4
-55.4069,158.425,PRO-5
-103.665,143.622,SER-6
-101.329,-23.967,GLN-7
-68.9889,145.462,LYS-8
-88.4094,141.67,THR-9
-162.529,135.833,TYR-10
-68.8801,-26.249,GLN-11
63.2087,-156.247,GLY-12
-65.5937,-8.61556,SER-13
-119.852,-13.6499,TYR-14
87.0626,20.7116,GLY-15
-55.7772,120.142,PHE-16
-150.668,166.109,ARG-17
-127.601,144.563,LEU-18
-144.085,161.831,GLY-19
-123.83,145.386,PHE-20
-92.7411,126.776,LEU-21
-54.111,138.23,HIS-22
-140.753,-32.7919,SER-23
110.183,-136.457,GLY-24
-153.351,6.48816,THR-25
-89.9318,149.494,ALA-26
-45.1183,-11.6609,LYS-27
-72.2575,-32.0198,SER-28
-73.6072,128.608,VAL-29
-97.9802,-17.5561,THR-30
-165.342,138.269,CYS-31
-158.392,140.043,THR-32
-123.595,127.931,TYR-33
-101.998,103.952,SER-34
-62.414,-24.7706,PRO-35
-75.1385,-12.1189,ALA-36
-113.792,-15.5618,LEU-37
56.669,22.3629,ASN-38
-98.5395,139.578,LYS-39
-101.453,131.361,MET-40
-112.488,125.156,PHE-41
-137.059,132.639,CYS-42
-64.6395,122.428,GLN-43
-45.6972,108.675,LEU-44
72.8588,-7.55719,ALA-45
-66.9618,158.668,LYS-46
-72.2977,112.603,THR-47
-105.108,94.7495,CYS-48
-57.331,138.728,PRO-49
-130.111,128.528,VAL-50
-82.6372,134.696,GLN-51
-119.957,133.964,LEU-52
-136.1,145.467,TRP-53
-150.124,71.0301,VAL-54
-33.8298,-53.8506,ASP-55
-91.8817,-2.46826,SER-56
76.9232,137.594,THR-57
-93.3461,164.658,PRO-58
-62.69,164.953,PRO-59
-74.6646,157.877,PRO-60
86.1409,-8.31078,GLY-61
-61.272,143.392,THR-62
-120.914,167.679,ARG-63
-121.03,143.246,VAL-64
-137.157,148.634,ARG-65
-138.881,159.929,ALA-66
-176.445,145.798,MET-67
-127.92,105.408,ALA-68
-92.6287,162.971,ILE-69
-115.54,148.123,TYR-70
-159.905,149.093,LYS-71
-134.359,-139.796,GLN-72
-79.2448,-43.2548,SER-73
-139.149,0.0765545,GLN-74
-101.042,131.655,HIS-75
-142.621,5.29817,MET-76
-84.9591,64.3812,THR-77
-161.01,154.116,GLU-78
-119.293,150.369,VAL-79
-51.676,127.68,VAL-80
-140.233,163.383,ARG-81
-62.0837,164.253,ARG-82
-42.7175,148.959,CYS-83
-51.7299,-48.2361,PRO-84
-73.22,2.25195,HIS-85
-130.184,-10.8018,HIS-86
-78.6852,1.62801,GLU-87
-133.667,-47.7645,ARG-88
-55.0126,149.56,CYS-89
-61.5557,-0.22775,SER-90
-76.8804,-31.1825,ASP-91
-88.2794,-40.8062,SER-92
-68.0571,146.818,ASP-93
-171.816,-116.749,GLY-94
-71.4722,-50.1621,LEU-95
-67.7302,126.795,ALA-96
-58.16,155.033,PRO-97
-76.0524,-12.1098,PRO-98
-75.2138,-39.3826,GLN-99
-67.1629,132.293,HIS-100
-71.2547,-35.1796,LEU-101
-101.528,128.097,ILE-102
-142.289,154.67,ARG-103
-115.488,148.38,VAL-104
-134.69,167.803,GLU-105
53.7805,-0.358142,GLY-106
-72.0427,131.248,ASN-107
-61.7281,-17.622,LEU-108
-137.932,77.2733,ARG-109
-109.711,139.254,VAL-110
-164.789,146.509,GLU-111
-89.9064,135.987,TYR-112
-131.317,153.424,LEU-113
-70.4106,132.888,ASP-114
-68.4475,111.742,ASP-115
-61.5382,-32.2584,ARG-116
-87.312,-15.0471,ASN-117
-145.263,-13.4904,THR-118
80.7147,37.4283,PHE-119
-101.135,106.541,ARG-120
-75.7722,115.04,HIS-121
-148.756,154.162,SER-122
-61.6417,135.035,VAL-123
-128.09,150.26,VAL-124
-138.681,139.988,VAL-125
-74.9407,140.719,PRO-126
-62.0177,130.006,TYR-127
-145.759,124.349,GLU-128
-68.9974,166.493,PRO-129
-59.7794,153.919,PRO-130
-52.8363,155.9,GLU-131
-53.0974,110.779,VAL-132
85.0117,-2.93719,GLY-133
-89.6803,169.482,SER-134
-88.9062,-25.7806,ASP-135
-153.797,148.515,CYS-136
-75.7463,140.981,THR-137
-105.742,120.325,THR-138
-93.1126,128.038,ILE-139
-99.1787,95.9533,HIS-140
-81.1275,176.68,TYR-141
-165.322,158.289,ASN-142
-146.808,146.555,TYR-143
-158.06,124.508,MET-144
177.991,142.895,CYS-145
-78.445,124.472,ASN-146
-69.9581,-18.7021,SER-147
-76.2587,-1.77986,SER-148
-87.9548,166.604,CYS-149
-90.3558,-15.1067,MET-150
116.248,-161.749,GLY-151
-88.7579,-146.32,GLY-152
-57.8977,-18.9948,ILE-153
-149.184,143.454,ASN-154
-51.6197,121.287,ARG-155
-140.503,155.635,ARG-156
-81.8928,134.589,PRO-157
-118.194,154.895,ILE-158
-141.628,144.967,LEU-159
-113.278,154.278,THR-160
-127.246,120.441,ILE-161
-113.793,137.564,ILE-162
-139.178,148.29,THR-163
-93.4481,138.944,LEU-164
-139.611,152.224,GLU-165
-50.9602,154.846,ASP-166
-49.754,-35.6888,SER-167
-92.2188,11.6512,SER-168
82.1209,15.4235,GLY-169
-81.0033,132.289,ASN-170
-84.1256,108.204,LEU-171
-99.5071,-37.103,LEU-172
-152.918,175.14,GLY-173
-145.958,140.93,ARG-174
-140.355,143.626,ASN-175
-150.028,150.797,SER-176
-148.109,144.465,PHE-177
-62.9652,145.647,GLU-178
-130.651,152.831,VAL-179
-151.058,144.205,ARG-180
-116.111,131.749,VAL-181
-136.852,157.416,CYS-182
-80.1345,-28.539,ALA-183
-139.008,77.5264,CYS-184
-64.4425,-35.2514,PRO-185
-67.2877,-32.8445,GLY-186
-67.2261,-53.4651,ARG-187
-67.8293,-30.0371,ASP-188
-50.7011,-67.8562,ARG-189
-50.3844,-37.6915,ARG-190
-63.3903,-45.1836,THR-191
-87.8618,-25.2126,GLU-192
-87.2565,-22.0588,GLU-193
-73.589,-6.22919,GLU-194
-74.8232,14.625,ASN-195
-125.592,144.983,LEU-196
-78.834,-35.1043,ARG-197
-46.3695,147.201,LYS-198
-65.0665,173.598,LYS-199
-162.637,-169.592,GLY-200
-75.8547,143.058,GLU-201
-75.8906,148.23,PRO-202
-135.333,137.284,HIS-203
-39.1901,147.038,HIS-204
-78.3407,-21.9097,GLU-205
-73.0961,-57.742,LEU-206
-61.8895,121.362,PRO-207
-70.8868,-173.361,PRO-208
-100.619,-174.303,GLY-209
-145.729,-169.421,SER-210
-92.6522,157.315,THR-211
-101.425,140.443,LYS-212
72.8462,164.695,ARG-213
-83.2861,-176.998,ALA-214
-100.017,-30.3892,LEU-215
-56.1482,132.446,PRO-216
-69.2973,21.2254,ASN-217
-56.6774,128.047,ASN-218
-108.857,141.455,SER-2
-161.757,156.075,SER-3
-69.5519,122.51,VAL-4
-60.3457,152.631,PRO-5
-91.7417,154.625,SER-6
-105.832,-36.7639,GLN-7
-45.6867,117.675,LYS-8
-58.2667,127.421,THR-9
-153.245,160.644,TYR-10
-83.3086,-30.8356,GLN-11
61.7765,-161.931,GLY-12
-61.8334,-28.7012,SER-13
-103.046,-0.1687,TYR-14
94.3215,10.2285,GLY-15
-65.2845,97.3601,PHE-16
-133.983,152.129,ARG-17
-116.527,157.265,LEU-18
-147.605,111.75,GLY-19
-78.4185,143.795,PHE-20
-87.7834,146.884,LEU-21
-77.6877,141.665,HIS-22
-146.368,-44.1825,SER-23
109.601,-149.402,GLY-24
-110.5,-19.4609,THR-25
-53.0407,150.013,ALA-26
-47.9795,-43.5312,LYS-27
-52.9342,-25.5464,SER-28
-59.5807,137.357,VAL-29
-102.467,-37.2432,THR-30
-148.565,157.733,CYS-31
-155.91,150.376,THR-32
-132.05,119.049,TYR-33
-96.41,110.272,SER-34
-65.6024,-30.7474,PRO-35
-70.2701,-16.0912,ALA-36
-115.863,-14.2982,LEU-37
48.4814,40.163,ASN-38
-121.292,117.371,LYS-39
-86.617,149.6,MET-40
-130.58,128.452,PHE-41
-141.696,120.795,CYS-42
-61.2391,135.259,GLN-43
-61.5496,132.051,LEU-44
79.2547,-10.4149,ALA-45
-80.0941,135.933,LYS-46
-57.6601,123.123,THR-47
-122.089,108.181,CYS-48
-84.0416,147.172,PRO-49
-137.342,136.962,VAL-50
-90.2608,144.241,GLN-51
-130.433,119.848,LEU-52
-99.8553,140.864,TRP-53
-147.472,52.6661,VAL-54
-60.6509,-25.0239,ASP-55
-78.6671,-0.339592,SER-56
68.5295,97.0737,THR-57
-66.1571,166.234,PRO-58
-64.7093,148.28,PRO-59
-67.8132,-179.544,PRO-60
52.6927,15.1328,GLY-61
-73.4844,147.514,THR-62
-119.179,146.611,ARG-63
-93.3864,133.892,VAL-64
-126.248,137.933,ARG-65
-139.455,137.911,ALA-66
-149.841,175.075,MET-67
-151.334,113.425,ALA-68
-96.5705,163.018,ILE-69
-119.615,137.06,TYR-70
-145.272,151.917,LYS-71
-138.995,-160.6,GLN-72
-65.2739,-47.0218,SER-73
-108.504,-38.9033,GLN-74
-81.9222,120.867,HIS-75
-115.426,3.1169,MET-76
-124.2,90.581,THR-77
-168.231,161.086,GLU-78
-116.606,160.417,VAL-79
-79.5047,133.995,VAL-80
-135.822,154.291,ARG-81
-56.792,171.627,ARG-82
-48.9678,148.112,CYS-83
-69.6446,-20.5227,PRO-84
-85.5524,-15.3925,HIS-85
-107.651,-11.8163,HIS-86
-87.7189,17.7478,GLU-87
-152.561,-41.6622,ARG-88
-57.4412,156.09,CYS-89
-34.9344,-38.3569,SER-90
-82.3646,-6.34286,ASP-91
-116.56,-15.5527,SER-92
-71.5643,143.114,ASP-93
170.173,-138.237,GLY-94
-45.4127,-50.9601,LEU-95
-86.5514,146.372,ALA-96
-65.8021,142.337,PRO-97
-66.0036,-20.8199,PRO-98
-62.8788,-38.7547,GLN-99
-65.2978,124.185,HIS-100
-73.5283,-45.5317,LEU-101
-80.493,127.053,ILE-102
-149.476,165.098,ARG-103
-139.549,162.268,VAL-104
-178.596,177.08,GLU-105
80.9266,-38.9769,GLY-106
-77.0715,132.981,ASN-107
-66.359,-29.1342,LEU-108
-120.336,102.57,ARG-109
-126.25,149.754,VAL-110
-157.532,155.075,GLU-111
-90.4387,146.405,TYR-112
-160.114,161.647,LEU-113
-84.1409,161.408,ASP-114
-117.266,108.682,ASP-115
-64.16,-20.072,ARG-116
-96.6774,-39.099,ASN-117
-112.15,-20.6444,THR-118
52.9323,37.8724,PHE-119
-94.1482,93.564,ARG-120
-63.6104,107.936,HIS-121
-151.48,158.51,SER-122
-77.2276,136.067,VAL-123
-134.217,141.968,VAL-124
-130.002,149.672,VAL-125
-67.7157,149.81,PRO-126
-83,115.988,TYR-127
-115.566,123.788,GLU-128
-59.7714,151.642,PRO-129
-56.3857,155.471,PRO-130
-53.4421,157.8,GLU-131
-51.8704,114.463,VAL-132
69.3783,1.59585,GLY-133
-76.3448,158.606,SER-134
-106.164,-16.5183,ASP-135
-150.668,150.423,CYS-136
-74.0646,141.71,THR-137
-117.325,134.345,THR-138
-106.761,145.295,ILE-139
-123.802,115.017,HIS-140
-93.7844,157.788,TYR-141
-132.282,161.191,ASN-142
-140.787,162.197,TYR-143
-166.168,117.257,MET-144
-174.103,161.812,CYS-145
-69.5073,145.381,ASN-146
-99.0039,-11.0534,SER-147
-90.7047,-14.2926,SER-148
-57.5452,168.34,CYS-149
-71.2868,-46.3155,MET-150
101.403,-124.491,GLY-151
-76.5454,-155.272,GLY-152
-71.9337,-18.5574,ILE-153
-171.328,132.339,ASN-154
-50.7212,126.585,ARG-155
-150.594,157.109,ARG-156
-48.9839,126.084,PRO-157
-115.09,150.982,ILE-158
-143.785,143.348,LEU-159
-110.768,144.274,THR-160
-111.767,117.497,ILE-161
-118.497,136.181,ILE-162
-145.398,159.473,THR-163
-119.907,138.369,LEU-164
-145.721,131.772,GLU-165
-49.1634,162.363,ASP-166
-58.4028,-22.8177,SER-167
-81.2824,-12.6086,SER-168
100.034,-2.19085,GLY-169
-59.3091,124.018,ASN-170
-66.7293,124.801,LEU-171
-114.433,4.44707,LEU-172
156.964,140.314,GLY-173
-143.808,145.126,ARG-174
-156.169,124.188,ASN-175
-140.953,145.452,SER-176
-165.017,132.905,PHE-177
-59.249,139.695,GLU-178
-128.378,161.1,VAL-179
-157.971,130.211,ARG-180
-96.2569,125.489,VAL-181
-126.88,148.59,CYS-182
-81.7875,-21.685,ALA-183
-135.37,66.0623,CYS-184
-56.4023,-37.8772,PRO-185
-68.7901,-33.6659,GLY-186
-74.2631,-48.2317,ARG-187
-62.9165,-29.3068,ASP-188
-57.4081,-64.1469,ARG-189
-45.1536,-44.5536,ARG-190
-51.0953,-48.2838,THR-191
-77.7201,-42.1449,GLU-192
-80.481,-23.4001,GLU-193
-78.3556,-22.4267,GLU-194
-69.9528,-6.67249,ASN-195
-84.1439,158.438,LEU-196
-81.0721,-21.9843,ARG-197
-62.4259,137.146,LYS-198
-72.4202,133.368,LYS-199
-129.911,-178.549,GLY-200
-84.4272,144.836,GLU-201
-69.4824,162.529,PRO-202
-152.576,131.637,HIS-203
-50.8554,123.558,HIS-204
-89.0181,-16.3139,GLU-205
-60.8955,-47.9431,LEU-206
-83.1958,137.52,PRO-207
-69.2373,168.173,PRO-208
-81.1113,-134.305,GLY-209
-171.731,-167.499,SER-210
-89.5398,140.13,THR-211
-81.5059,148.952,LYS-212
64.1762,161.47,ARG-213
-66.734,170.953,ALA-214
-80.5404,-45.9621,LEU-215
-49.3361,133.029,PRO-216
-71.4805,13.0003,ASN-217
-60.9175,147.128,ASN-218
-111.784,141.562,SER-2
-173.037,154.841,SER-3
-71.1833,132.51,VAL-4
-68.7852,154.613,PRO-5
-86.0077,144.758,SER-6
-84.0498,-9.74562,GLN-7
-57.1228,126.881,LYS-8
-92.0108,135.138,THR-9
-167.211,139.589,TYR-10
-72.7448,-12.6439,GLN-11
64.0348,-171.651,GLY-12
-69.276,9.30764,SER-13
-140.768,-13.3742,TYR-14
87.9186,37.1886,GLY-15
-86.4132,138.299,PHE-16
-178.634,164.883,ARG-17
-124.119,154.731,LEU-18
-150.49,161.575,GLY-19
-122.048,154.346,PHE-20
-91.5808,154.353,LEU-21
-84.3435,143.077,HIS-22
-150.539,-26.8021,SER-23
88.006,-119.929,GLY-24
-148.321,-17.7026,THR-25
-53.4244,155.595,ALA-26
-77.0501,-16.087,LYS-27
-51.5375,-21.5508,SER-28
-54.8481,144.658,VAL-29
-114.716,-28.2334,THR-30
-159.428,149.457,CYS-31
-163.322,139.989,THR-32
-129.626,137.402,TYR-33
-107.75,99.7924,SER-34
-62.3589,-31.0155,PRO-35
-54.8891,-42.643,ALA-36
-91.6275,-15.8122,LEU-37
56.3437,48.4581,ASN-38
-133.185,131.807,LYS-39
-92.2691,126.075,MET-40
-103.786,122.156,PHE-41
-126.931,121.852,CYS-42
-75.7461,131.781,GLN-43
-62.9738,131.486,LEU-44
78.9027,-33.8404,ALA-45
-51.6418,137.728,LYS-46
-68.2389,122.149,THR-47
-105.905,102.241,CYS-48
-78.8839,151.578,PRO-49
-147.557,153.228,VAL-50
-88.0733,142.263,GLN-51
-126.726,139.04,LEU-52
-130.097,141.644,TRP-53
-126.375,94.6673,VAL-54
-67.7577,-37.5603,ASP-55
-83.5828,-20.8067,SER-56
77.7334,142.027,THR-57
-85.4877,159.6,PRO-58
-45.2204,157.311,PRO-59
-74.1717,143.668,PRO-60
83.5732,9.30506,GLY-61
-80.3204,128.326,THR-62
-94.9295,124.398,ARG-63
-75.4696,128.186,VAL-64
-118.953,146.676,ARG-65
-125.728,136.621,ALA-66
-160.8,168.584,MET-67
-166.214,118.81,ALA-68
-107.669,148.343,ILE-69
-115.239,108.627,TYR-70
-117.847,158.464,LYS-71
-147.25,-165.665,GLN-72
-59.4832,-31.1021,SER-73
-138.637,-28.6205,GLN-74
-84.3895,124.19,HIS-75
-106.239,-30.5763,MET-76
-83.9863,84.3675,THR-77
-171.938,154.671,GLU-78
-105.097,145.289,VAL-79
-47.02,117.388,VAL-80
-135.632,151.88,ARG-81
-55.4578,-165.743,ARG-82
-68.4539,155.908,CYS-83
-62.0989,-12.5198,PRO-84
-93.9677,-5.75148,HIS-85
-132.012,-0.549145,HIS-86
-81.9474,6.38661,GLU-87
-152.988,-19.2231,ARG-88
-72.1833,164.384,CYS-89
-71.2822,-5.23973,SER-90
-96.4178,-11.4302,ASP-91
-116.532,-24.9261,SER-92
-69.9819,153.831,ASP-93
-167.237,-150.231,GLY-94
-64.2401,-42.5273,LEU-95
-57.3614,128.798,ALA-96
-58.2961,137.451,PRO-97
-59.3477,-26.4578,PRO-98
-51.951,-51.1899,GLN-99
-66.0017,131.266,HIS-100
-81.4958,-45.9447,LEU-101
-76.7484,125.925,ILE-102
-141.896,161.357,ARG-103
-134.222,140.727,VAL-104
-144.485,177.405,GLU-105
95.5447,-60.7265,GLY-106
-51.0585,130.528,ASN-107
-78.2193,1.85364,LEU-108
-137.715,65.3427,ARG-109
-108.933,140.56,VAL-110
-159.466,162.078,GLU-111
-86.354,151.33,TYR-112
-161.639,148.04,LEU-113
-76.468,153.308,ASP-114
-109.158,105.036,ASP-115
-47.2751,-39.217,ARG-116
-84.566,-43.9014,ASN-117
-104.844,-14.5498,THR-118
62.5938,1.55782,PHE-119
-62.9099,84.6597,ARG-120
-54.2861,136.098,HIS-121
-166.923,164.633,SER-122
-80.5017,144.397,VAL-123
-137.649,142.397,VAL-124
-127.233,161.948,VAL-125
-81.364,151.531,PRO-126
-53.9351,128.006,TYR-127
-131.111,152.254,GLU-128
-90.1689,162.295,PRO-129
-55.4982,136.67,PRO-130
-57.6355,160.661,GLU-131
-54.7935,126.976,VAL-132
66.4043,14.8812,GLY-133
-100.091,153.844,SER-134
-117.431,-43.3414,ASP-135
-103.721,162.86,CYS-136
-104.939,135.971,THR-137
-90.6317,129.203,THR-138
-107.297,139.396,ILE-139
-115.786,133.218,HIS-140
-119.959,170.426,TYR-141
-148.245,155.051,ASN-142
-142.866,133.247,TYR-143
-152.603,121.618,MET-144
172.294,147.554,CYS-145
-95.3643,151.577,ASN-146
-103.01,-32.6653,SER-147
-72.8391,25.3833,SER-148
-122.384,165.774,CYS-149
-85.8116,-18.8228,MET-150
69.2229,-142.116,GLY-151
-68.0239,-159.527,GLY-152
-81.5894,-14.4813,ILE-153
-154.039,124.822,ASN-154
-56.7779,103.232,ARG-155
-127.525,158.916,ARG-156
-60.3283,152.279,PRO-157
-126.289,137.912,ILE-158
-123.464,156.064,LEU-159
-121.946,151.017,THR-160
-125.162,107.505,ILE-161
-92.8142,125.414,ILE-162
-121.463,148.46,THR-163
-98.8145,130.934,LEU-164
-129.323,159.928,GLU-165
-62.5506,158.822,ASP-166
-48.2684,-40.3422,SER-167
-73.3051,8.26069,SER-168
81.3322,-4.2462,GLY-169
-69.0544,133.395,ASN-170
-64.9429,130.481,LEU-171
-127.078,-29.8199,LEU-172
-161.212,164.157,GLY-173
-150.43,145.832,ARG-174
-149.703,137.834,ASN-175
-138.507,143.737,SER-176
-161.027,157.929,PHE-177
-76.373,140.632,GLU-178
-108.306,145.895,VAL-179
-145.571,119.787,ARG-180
-79.995,132.904,VAL-181
-124.698,157.539,CYS-182
-83.6963,-23.928,ALA-183
-146.86,91.1599,CYS-184
-68.8111,-30.5892,PRO-185
-61.8981,-51.4914,GLY-186
-58.9796,-51.7354,ARG-187
-66.3346,-31.6178,ASP-188
-56.1864,-47.2513,ARG-189
-65.2226,-43.2503,ARG-190
-50.212,-43.7916,THR-191
-84.2738,-32.7763,GLU-192
-83.7464,-23.9189,GLU-193
-73.1552,-9.43603,GLU-194
-75.9534,-18.5655,ASN-195
-83.8467,156.35,LEU-196
-84.1558,-26.0018,ARG-197
-64.4539,151.037,LYS-198
-51.9478,136.054,LYS-199
-117.397,-179.272,GLY-200
-79.1945,135.229,GLU-201
-52.0793,170.373,PRO-202
-160.175,165.808,HIS-203
-78.4974,117.584,HIS-204
-85.9743,-2.3775,GLU-205
-87.884,-52.4215,LEU-206
-62.4677,151.469,PRO-207
-56.342,164.602,PRO-208
-88.1528,-142.224,GLY-209
-156.939,-177.441,SER-210
-89.5751,162.438,THR-211
-83.6745,138.392,LYS-212
70.0285,171.038,ARG-213
-73.7462,159.092,ALA-214
-73.2824,-32.0121,LEU-215
-55.9676,141.352,PRO-216
-74.94,9.85653,ASN-217
-69.1516,135.69,ASN-218
-126.395,50.9577,SER-2
-65.5782,155.791,SER-3
-72.9356,135.414,VAL-4
-64.3254,150.339,PRO-5
-88.1126,152.24,SER-6
-109.04,-10.9898,GLN-7
-53.9089,132.516,LYS-8
-91.8039,119.919,THR-9
-148.958,156.264,TYR-10
-87.174,-31.3004,GLN-11
73.398,-154.471,GLY-12
-80.4286,8.19343,SER-13
-116.469,-9.25772,TYR-14
78.2107,22.258,GLY-15
-74.536,109.209,PHE-16
-154.585,130.783,ARG-17
-79.5825,165.217,LEU-18
-150.769,120.29,GLY-19
-78.2667,136.361,PHE-20
-73.7589,129.816,LEU-21
-47.0153,134.453,HIS-22
-136.528,-39.9659,SER-23
100.4,-157.082,GLY-24
-119.253,-10.7883,THR-25
-48.5872,162.557,ALA-26
-71.5786,-6.67297,LYS-27
-85.4026,-22.6937,SER-28
-57.4456,125.151,VAL-29
-80.0824,-30.5126,THR-30
-173.409,160.237,CYS-31
-166.124,134.13,THR-32
-119.114,148.287,TYR-33
-98.5858,113.01,SER-34
-60.0369,-26.1019,PRO-35
-84.0355,-26.7875,ALA-36
-90.1817,-17.3208,LEU-37
64.1919,28.7411,ASN-38
-126.592,124.284,LYS-39
-84.0909,115.572,MET-40
-102.418,121.266,PHE-41
-122.898,154.97,CYS-42
-95.2582,141.901,GLN-43
-62.3446,138.234,LEU-44
64.1445,-13.5637,ALA-45
-63.2426,142.569,LYS-46
-72.2865,128.69,THR-47
-106.855,91.2606,CYS-48
-70.1747,147.571,PRO-49
-146.859,136.302,VAL-50
-85.5918,154.499,GLN-51
-140.152,132.768,LEU-52
-112.616,155.108,TRP-53
-130.443,78.8771,VAL-54
-63.1669,-31.228,ASP-55
-95.6464,0.3594,SER-56
65.5101,151.597,THR-57
-105.968,176.107,PRO-58
-78.4921,171.928,PRO-59
-58.6713,142.882,PRO-60
83.0778,6.94863,GLY-61
-66.425,146.453,THR-62
-130.651,155.846,ARG-63
-105.535,144.523,VAL-64
-130.241,151.298,ARG-65
-128.772,129.21,ALA-66
-138.019,170.608,MET-67
-140.445,121.511,ALA-68
-86.3388,149.707,ILE-69
-125.246,131.096,TYR-70
-151.695,152.805,LYS-71
-147.886,173.088,GLN-72
-39.6575,-28.2902,SER-73
-149.838,-9.5654,GLN-74
-93.1474,130.593,HIS-75
-133.743,-39.9197,MET-76
-82.276,60.4429,THR-77
-150.692,152.266,GLU-78
-108.899,157.422,VAL-79
-67.2393,134.88,VAL-80
-146.621,139.236,ARG-81
-45.5641,163.174,ARG-82
-56.1618,150.514,CYS-83
-62.298,-26.5399,PRO-84
-96.5878,3.91678,HIS-85
-121.334,-15.6543,HIS-86
-66.9591,2.56089,GLU-87
-147.742,1.63232,ARG-88
-73.566,168.124,CYS-89
-93.1878,5.6048,SER-90
-61.8418,-26.4593,ASP-91
-108.162,-9.08104,SER-92
-82.1846,148.72,ASP-93
166.539,-148.508,GLY-94
-62.083,-43.5333,LEU-95
-81.5103,153.289,ALA-96
-57.978,136.788,PRO-97
-55.3219,-22.837,PRO-98
-76.3474,-31.4241,GLN-99
-65.0634,144.221,HIS-100
-107.158,-49.5459,LEU-101
-66.1557,120.675,ILE-102
-147.637,158.765,ARG-103
-150.362,153.87,VAL-104
-147.327,-147.038,GLU-105
81.6448,-28.2554,GLY-106
-84.5613,152.597,ASN-107
-71.7957,-3.74135,LEU-108
-146.164,139.097,ARG-109
-179.919,146.025,VAL-110
-172.708,168.371,GLU-111
-96.5496,145.021,TYR-112
-145.764,156.954,LEU-113
-88.8184,149.019,ASP-114
-94.2539,124.674,ASP-115
-56.5384,-32.7919,ARG-116
-87.7485,-33.7873,ASN-117
-121.138,-12.5394,THR-118
57.0891,30.1253,PHE-119
-100.429,102.265,ARG-120
-69.0313,118.595,HIS-121
-149.562,165.787,SER-122
-80.6725,133.668,VAL-123
-121.576,146.112,VAL-124
-124.178,155.667,VAL-125
-62.1224,151.826,PRO-126
-82.0309,134.874,TYR-127
-134.847,127.221,GLU-128
-59.614,167.595,PRO-129
-56.5188,156.685,PRO-130
-92.8026,156.591,GLU-131
-60.5824,126.094,VAL-132
85.5457,-2.98087,GLY-133
-127.032,164.479,SER-134
-99.2857,-20.8326,ASP-135
-133.094,151.763,CYS-136
-60.6692,152.327,THR-137
-120.913,143.017,THR-138
-109.51,138.914,ILE-139
-120.036,98.9919,HIS-140
-85.4053,171.82,TYR-141
-154.226,153.342,ASN-142
-133.758,161.113,TYR-143
-145.502,127.732,MET-144
-169.794,-178.733,CYS-145
-110.933,153.383,ASN-146
-105.504,-10.3468,SER-147
-118.98,8.71081,SER-148
-81.3982,153.693,CYS-149
-73.5376,-13.6224,MET-150
84.261,-164.197,GLY-151
-73.5769,-161.827,GLY-152
-67.4166,-24.9647,ILE-153
-145.663,143.755,ASN-154
-72.3285,118.552,ARG-155
-137.55,155.731,ARG-156
-78.2572,152.307,PRO-157
-131.361,147.628,ILE-158
-139.498,139.955,LEU-159
-120.15,159.563,THR-160
-136.102,109.943,ILE-161
-110.251,120.998,ILE-162
-130.023,154.911,THR-163
-92.3954,137.37,LEU-164
-135.116,165.717,GLU-165
-88.4765,166.201,ASP-166
-69.9649,0.389017,SER-167
-104.177,-1.54124,SER-168
98.0009,3.23822,GLY-169
-70.6909,134.47,ASN-170
-73.4175,140.861,LEU-171
-125.32,-48.8034,LEU-172
-143.565,165.419,GLY-173
-140.302,150.17,ARG-174
-146.384,136.625,ASN-175
-129.408,148.999,SER-176
-161.619,154.704,PHE-177
-81.9181,140.284,GLU-178
-124.024,147.763,VAL-179
-146.164,129.21,ARG-180
-89.3129,124.913,VAL-181
-118.379,154.749,CYS-182
-77.8932,-38.3448,ALA-183
-130.883,62.5766,CYS-184
-61.6482,-31.6531,PRO-185
-74.6029,-44.1173,GLY-186
-60.4672,-36.8748,ARG-187
-74.1825,-31.4028,ASP-188
-56.1067,-60.4357,ARG-189
-46.1846,-49.8883,ARG-190
-52.4877,-40.1685,THR-191
-86.893,-27.9746,GLU-192
-98.1188,-29.1217,GLU-193
-55.0391,-28.2908,GLU-194
-53.3266,-36.8774,ASN-195
-83.6084,143.38,LEU-196
-66.5698,-18.6174,ARG-197
-77.9878,153.716,LYS-198
-60.8794,144.33,LYS-199
-141.375,-175.254,GLY-200
-73.5556,141.623,GLU-201
-77.0238,146.102,PRO-202
-104.925,174.596,HIS-203
-92.7232,136.901,HIS-204
-74.6726,-41.6774,GLU-205
-54.9631,-39.348,LEU-206
-77.3715,128.511,PRO-207
-80.3492,170.609,PRO-208
-66.185,177.098,GLY-209
-139.342,-168.873,SER-210
-89.9675,141.599,THR-211
-90.0462,114.897,LYS-212
108.616,162.021,ARG-213
-70.9417,177.219,ALA-214
-95.9382,-39.1977,LEU-215
-62.8288,142.136,PRO-216
-66.1748,17.0561,ASN-217
-64.6212,133.889,ASN-218
-148.615,53.8182,SER-2
-71.2385,166.07,SER-3
-82.4101,134.757,VAL-4
-60.3299,120.83,PRO-5
-75.3923,149.225,SER-6
-95.1899,-17.2421,GLN-7
-65.2767,132.985,LYS-8
-87.0252,130.107,THR-9
-169.584,148.435,TYR-10
-88.9767,-26.4474,GLN-11
76.2876,-175.231,GLY-12
-50.1182,-19.5461,SER-13
-119.018,-19.0544,TYR-14
98.1669,30.1618,GLY-15
-58.1506,110.725,PHE-16
-141.67,147.162,ARG-17
-107.073,162.432,LEU-18
-143.945,172.27,GLY-19
-141.528,137.257,PHE-20
-76.2043,134.257,LEU-21
-56.4149,147.33,HIS-22
-156.361,-25.4901,SER-23
78.2677,-145.257,GLY-24
-137.434,4.13785,THR-25
-61.2013,164.044,ALA-26
-56.649,-15.5388,LYS-27
-72.9179,-17.1594,SER-28
-65.2774,117.616,VAL-29
-78.5387,-36.3555,THR-30
-162.823,136.809,CYS-31
-131.259,149.083,THR-32
-136.739,138.492,TYR-33
-106.919,104.802,SER-34
-50.6716,-27.6776,PRO-35
-81.8493,-16.5359,ALA-36
-118.233,-15.6364,LEU-37
54.4501,52.1791,ASN-38
-132.023,130.463,LYS-39
-96.447,139.924,MET-40
-129.494,103.306,PHE-41
-104.204,152.012,CYS-42
-101.629,131.732,GLN-43
-52.3101,130.057,LEU-44
65.8776,-23.1741,ALA-45
-66.187,143.547,LYS-46
-71.8066,121.244,THR-47
-93.1944,97.687,CYS-48
-70.2079,161.556,PRO-49
-160.112,142.094,VAL-50
-108.534,154.639,GLN-51
-153.614,117.186,LEU-52
-101.829,143.31,TRP-53
-114.166,96.354,VAL-54
-57.7196,-38.3346,ASP-55
-82.1358,-10.1291,SER-56
69.8796,133.603,THR-57
-85.0283,165.763,PRO-58
-69.8217,161.139,PRO-59
-54.9381,144.915,PRO-60
107.263,-11.2999,GLY-61
-63.248,135.758,THR-62
-105.947,139.719,ARG-63
-87.009,143.426,VAL-64
-141.17,148.957,ARG-65
-138.387,147.396,ALA-66
-164.477,176.543,MET-67
-158.473,105.644,ALA-68
-98.1187,139.115,ILE-69
-107.908,110.623,TYR-70
-117.042,156.17,LYS-71
-134.007,-166.422,GLN-72
-53.727,-35.6356,SER-73
-131.567,-13.9909,GLN-74
-108.277,138.536,HIS-75
-128.597,-13.2017,MET-76
-89.0888,72.9216,THR-77
-149.404,159.693,GLU-78
-101.449,146.767,VAL-79
-67.5984,126.876,VAL-80
-136.278,162.329,ARG-81
-68.7769,159.736,ARG-82
-58.5751,164.554,CYS-83
-64.6721,-11.0786,PRO-84
-95.4979,-7.15143,HIS-85
-134.72,3.49689,HIS-86
-77.3261,-25.07,GLU-87
-144.707,4.49164,ARG-88
-60.2203,159.291,CYS-89
-83.5198,-13.1287,SER-90
-68.5994,-23.2113,ASP-91
-89.194,-13.7825,SER-92
-62.6589,151.657,ASP-93
156.716,-148.778,GLY-94
-55.137,-35.9722,LEU-95
-91.092,157.129,ALA-96
-63.9972,148.458,PRO-97
-72.5742,-16.2765,PRO-98
-59.5841,-44.7575,GLN-99
-66.8642,125.381,HIS-100
-78.2403,-36.0064,LEU-101
-86.0936,118.887,ILE-102
-130.994,158.851,ARG-103
-135.271,137.217,VAL-104
-136.208,-167.631,GLU-105
66.0599,-52.3585,GLY-106
-74.1433,132.419,ASN-107
-66.8604,-18.177,LEU-108
-122.929,98.31,ARG-109
-145.502,123.303,VAL-110
-146.45,154.002,GLU-111
-86.7495,137.265,TYR-112
-145.311,153.847,LEU-113
-87.2082,148.489,ASP-114
-88.5952,101.782,ASP-115
-51.4246,-27.7576,ARG-116
-92.4556,-35.0755,ASN-117
-126.349,2.28628,THR-118
60.3919,28.3318,PHE-119
-93.1806,102.504,ARG-120
-65.4298,106.132,HIS-121
-153.037,157.587,SER-122
-80.8505,120.177,VAL-123
-115.17,146.016,VAL-124
-135.085,156.762,VAL-125
-76.7206,159.185,PRO-126
-86.5584,136.268,TYR-127
-120.185,99.7998,GLU-128
-48.8332,146.99,PRO-129
-66.7654,148.986,PRO-130
-66.6419,148.824,GLU-131
-46.5436,120.54,VAL-132
103.114,-35.5163,GLY-133
-72.5292,158.743,SER-134
-91.8423,-43.6521,ASP-135
-174.109,-175.722,CYS-136
-87.2553,146.926,THR-137
-120.897,125.134,THR-138
-98.9267,135.079,ILE-139
-109.334,130.148,HIS-140
-115.349,167.513,TYR-141
-149.794,156.024,ASN-142
-149.103,151.041,TYR-143
-151.178,122.624,MET-144
-168.14,165.977,CYS-145
-102.544,158.468,ASN-146
-121.271,-13.8191,SER-147
-105.497,14.4135,SER-148
-92.6667,171.978,CYS-149
-69.4634,-46.0911,MET-150
103.422,-152.394,GLY-151
-87.565,-174.197,GLY-152
-65.2253,-18.7694,ILE-153
-134.358,139.279,ASN-154
-73.504,76.3802,ARG-155
-83.9689,154.969,ARG-156
-57.9116,133.658,PRO-157
-113.825,141.511,ILE-158
-124.963,127.575,LEU-159
-102.208,149.489,THR-160
-122.542,105.804,ILE-161
-94.2579,141.905,ILE-162
-150.859,167.113,THR-163
-136.121,143.072,LEU-164
-146.608,164.632,GLU-165
-82.1884,170.33,ASP-166
-56.6536,-26.1582,SER-167
-76.7168,-9.5693,SER-168
87.4671,-11.9675,GLY-169
-63.4336,143.377,ASN-170
-71.2293,134.991,LEU-171
-121.845,-7.78271,LEU-172
-177.296,174.186,GLY-173
-160.243,149.324,ARG-174
-155.584,133.009,ASN-175
-137.718,141.065,SER-176
-165.407,146.824,PHE-177
-82.594,144.142,GLU-178
-126.794,132.662,VAL-179
-120.36,121.901,ARG-180
-95.0876,130.023,VAL-181
-135.564,155.19,CYS-182
-69.1844,-38.3883,ALA-183
-130.379,70.9787,CYS-184
-59.8927,-27.1821,PRO-185
-64.6908,-55.9587,GLY-186
-54.2379,-46.3625,ARG-187
-76.2004,-21.0834,ASP-188
-70.5162,-50.2731,ARG-189
-60.6997,-35.9143,ARG-190
-47.6424,-32.9104,THR-191
-117.494,-22.4503,GLU-192
-87.7144,-17.1531,GLU-193
-69.6991,-10.9774,GLU-194
-80.969,3.90093,ASN-195
-103.088,166.92,LEU-196
-88.1556,-17.2917,ARG-197
-50.5019,127.45,LYS-198
-61.0268,118.059,LYS-199
-107.501,170.929,GLY-200
-96.4145,119.451,GLU-201
-77.1969,149.095,PRO-202
-95.3698,163.579,HIS-203
-70.335,165.825,HIS-204
-102.523,-22.1528,GLU-205
-85.6726,-16.7851,LEU-206
-95.4776,109.884,PRO-207
-68.749,156.493,PRO-208
-59.9946,-148.034,GLY-209
-163.936,-175.571,SER-210
-76.1303,156.192,THR-211
-86.2492,154.959,LYS-212
68.8887,159.851,ARG-213
-69.8901,173.26,ALA-214
-87.4833,-50.4247,LEU-215
-67.1457,147.839,PRO-216
-70.0048,18.432,ASN-217
-58.3814,135.814,ASN-218
-123.417,37.9062,SER-2
-84.9722,153.056,SER-3
-63.8822,124.242,VAL-4
-56.318,155.986,PRO-5
-111.213,132.214,SER-6
-98.8824,-27.2659,GLN-7
-56.0283,102.274,LYS-8
-45.964,133.261,THR-9
-155.688,160.316,TYR-10
-95.4126,-34.8742,GLN-11
84.8837,-169.647,GLY-12
-54.3848,-31.8761,SER-13
-101.158,-33.1401,TYR-14
107.04,28.1952,GLY-15
-50.7983,122.843,PHE-16
-168.04,152.561,ARG-17
-112.541,160.817,LEU-18
-141.405,122.976,GLY-19
-101.431,143.92,PHE-20
-109.547,147.858,LEU-21
-74.2626,112.468,HIS-22
-125.645,-35.269,SER-23
76.6816,-152.629,GLY-24
-103.264,-16.0176,THR-25
-43.4978,140.202,ALA-26
-54.3744,-25.4421,LYS-27
-77.9367,-7.34808,SER-28
-65.9727,134.728,VAL-29
-82.9505,-32.755,THR-30
-172.001,151.519,CYS-31
-152.189,155.778,THR-32
-134.507,146.018,TYR-33
-121.538,101.587,SER-34
-78.7491,-22.5429,PRO-35
-73.1187,-20.05,ALA-36
-99.0612,-9.03663,LEU-37
45.8582,30.8431,ASN-38
-122.513,137.237,LYS-39
-104.393,116.46,MET-40
-88.5028,117.975,PHE-41
-117.199,149.34,CYS-42
-85.6706,135.671,GLN-43
-61.8489,126.683,LEU-44
88.6219,-32.7443,ALA-45
-68.5727,154.72,LYS-46
-58.4466,148.744,THR-47
-131.452,104.071,CYS-48
-63.3554,126.009,PRO-49
-117.805,124.642,VAL-50
-77.1697,145.362,GLN-51
-130.132,132.16,LEU-52
-120.242,152.258,TRP-53
-132.05,89.8161,VAL-54
-68.3635,-38.8425,ASP-55
-90.1541,-1.12206,SER-56
89.3053,148.601,THR-57
-101.071,151.867,PRO-58
-42.4344,164.495,PRO-59
-87.0344,154.996,PRO-60
87.6849,3.10083,GLY-61
-85.8932,158.402,THR-62
-132.368,145.8,ARG-63
-101.695,128.814,VAL-64
-126.041,145.457,ARG-65
-135.655,133.315,ALA-66
-145.148,176.01,MET-67
-155.33,130.835,ALA-68
-107.509,159.592,ILE-69
-112.306,148.804,TYR-70
-155.282,162.711,LYS-71
-137.413,-166.52,GLN-72
-53.5861,-8.9957,SER-73
-168.846,-31.7635,GLN-74
-82.7588,123.041,HIS-75
-122.023,3.56829,MET-76
-122.593,61.73,THR-77
-146.54,167.986,GLU-78
-130.543,150.085,VAL-79
-62.5483,111.147,VAL-80
-130.603,154.878,ARG-81
-61.7097,176.868,ARG-82
-62.2534,144.351,CYS-83
-70.2707,-0.575424,PRO-84
-107.062,-4.82068,HIS-85
-126.956,-13.9549,HIS-86
-65.2181,7.33776,GLU-87
-133.261,-39.3494,ARG-88
-56.2861,164.532,CYS-89
-59.1903,-5.73061,SER-90
-89.2481,-31.9565,ASP-91
-85.3466,-22.1396,SER-92
-73.8255,140.834,ASP-93
-162.293,-142.681,GLY-94
-48.1433,-62.1281,LEU-95
-61.242,133.844,ALA-96
-61.8648,154.534,PRO-97
-66.3064,-22.3788,PRO-98
-65.5465,-43.0416,GLN-99
-61.1846,121.484,HIS-100
-83.7263,-47.3273,LEU-101
-71.1857,131.603,ILE-102
-144.592,169.194,ARG-103
-134.39,139.933,VAL-104
-128.372,-176.745,GLU-105
98.4312,12.8758,GLY-106
-143.733,138.627,ASN-107
-65.7359,-14.9265,LEU-108
-128.845,76.2913,ARG-109
-128.522,147.255,VAL-110
-163.853,152.594,GLU-111
-85.676,134.516,TYR-112
-132.816,153.593,LEU-113
-67.022,152.873,ASP-114
-111.585,123.265,ASP-115
-66.32,-23.9569,ARG-116
-81.8587,-43.5853,ASN-117
-119.765,-17.9788,THR-118
63.0946,28.6762,PHE-119
-91.5245,114.161,ARG-120
-58.1781,123.384,HIS-121
-159.85,149.973,SER-122
-70.3423,142.594,VAL-123
-132.441,135.382,VAL-124
-126.379,153.982,VAL-125
-69.0346,152.659,PRO-126
-80.3207,132.946,TYR-127
-140.53,134.64,GLU-128
-55.7503,143.626,PRO-129
-27.4759,121.943,PRO-130
-67.0369,156.782,GLU-131
-48.0704,127.508,VAL-132
75.1153,-2.61004,GLY-133
-98.031,176.507,SER-134
-125.863,-22.6157,ASP-135
-118.56,169.006,CYS-136
-96.7982,127.846,THR-137
-94.7284,136.016,THR-138
-111.93,114.449,ILE-139
-102.07,118.718,HIS-140
-100.387,178.501,TYR-141
-162.72,163.877,ASN-142
-156.059,152.399,TYR-143
-153.923,120.518,MET-144
-178.521,160.221,CYS-145
-48.3989,144.034,ASN-146
-120.277,-29.4822,SER-147
-74.643,-16.1524,SER-148
-69.3777,-168.203,CYS-149
-121.888,-29.2669,MET-150
85.4754,-159.523,GLY-151
-71.4531,-165.113,GLY-152
-61.7512,-48.4472,ILE-153
-122.064,125.701,ASN-154
-54.7314,136.07,ARG-155
-150.787,167.131,ARG-156
-83.5592,139.345,PRO-157
-116.348,147.646,ILE-158
-147.92,126.242,LEU-159
-93.132,151.313,THR-160
-121.599,116.676,ILE-161
-105.107,139.553,ILE-162
-139.111,147.695,THR-163
-111.952,121.937,LEU-164
-120.822,164.708,GLU-165
-86.1472,165.387,ASP-166
-53.8909,-35.3152,SER-167
-85.1524,12.7372,SER-168
93.3987,-6.36832,GLY-169
-65.6213,124.761,ASN-170
-50.111,131.108,LEU-171
-107.222,-48.3298,LEU-172
-140.815,-177.644,GLY-173
-172.702,155.174,ARG-174
-140.873,144.963,ASN-175
-135.115,130.286,SER-176
-146.347,138.647,PHE-177
-82.9159,146.023,GLU-178
-114.349,160.89,VAL-179
-157.667,114.094,ARG-180
-81.7489,126.135,VAL-181
-127.583,156.373,CYS-182
-80.061,-42.3648,ALA-183
-119.57,67.3816,CYS-184
-65.545,-19.8976,PRO-185
-69.2248,-42.2001,GLY-186
-84.2884,-45.2738,ARG-187
-59.1977,-32.3494,ASP-188
-58.4161,-54.309,ARG-189
-62.6562,-30.8529,ARG-190
-56.6984,-43.3796,THR-191
-95.6781,-20.8197,GLU-192
-82.9825,-25.9091,GLU-193
-66.6664,-9.13006,GLU-194
-62.2817,-31.8694,ASN-195
-52.7645,162.427,LEU-196
-94.1983,-39.6507,ARG-197
-57.1443,134.239,LYS-198
-75.6254,137.623,LYS-199
-113.62,-157.866,GLY-200
-98.2728,127.128,GLU-201
-78.0903,144.297,PRO-202
-103.552,154.664,HIS-203
-38.1238,141.942,HIS-204
-101.778,-1.47326,GLU-205
-70.2643,-59.5373,LEU-206
-65.2734,154.931,PRO-207
-86.111,173.65,PRO-208
-85.4762,-144.833,GLY-209
-155.363,-158.759,SER-210
-102.278,149.256,THR-211
-72.4063,143.717,LYS-212
77.6172,168.21,ARG-213
-77.7099,165.192,ALA-214
-85.7781,-24.7489,LEU-215
-72.1608,141.366,PRO-216
-96.2647,37.2885,ASN-217
-65.7709,114.982,ASN-218
-128.625,36.0606,SER-2
-59.6496,168.11,SER-3
-86.1282,136.722,VAL-4
-61.846,145.928,PRO-5
-96.5705,139.652,SER-6
-94.4058,-1.73031,GLN-7
-69.3654,116.928,LYS-8
-72.0172,128.35,THR-9
-163.92,141.67,TYR-10
-89.4619,-2.55432,GLN-11
73.7571,-179.123,GLY-12
-61.7334,-17.9771,SER-13
-87.9009,-25.6352,TYR-14
80.2074,34.3195,GLY-15
-77.7701,113.871,PHE-16
-151.252,145.434,ARG-17
-99.1614,156.223,LEU-18
-132.896,164.922,GLY-19
-148.785,117.655,PHE-20
-86.2524,138.072,LEU-21
-61.6006,155.054,HIS-22
-167.073,-4.05717,SER-23
79.2641,-136.115,GLY-24
-154.593,11.2331,THR-25
-75.6595,168.195,ALA-26
-66.2073,-13.3394,LYS-27
-67.3777,-22.9588,SER-28
-69.6632,124.948,VAL-29
-64.9486,-46.0782,THR-30
-162.327,153.578,CYS-31
-158.449,166.458,THR-32
-146.875,136.081,TYR-33
-102.616,113.954,SER-34
-83.7849,-17.6436,PRO-35
-68.9551,-17.7561,ALA-36
-125.974,-8.55716,LEU-37
47.2433,38.041,ASN-38
-108.637,137.085,LYS-39
-112.506,129.634,MET-40
-120.765,120.279,PHE-41
-120.096,136.174,CYS-42
-75.401,133.21,GLN-43
-54.1984,130.391,LEU-44
72.1176,-8.94402,ALA-45
-70.553,147.986,LYS-46
-81.4788,127.801,THR-47
-108.144,99.7389,CYS-48
-61.5346,116.986,PRO-49
-118.728,132.034,VAL-50
-86.4633,147.238,GLN-51
-129.945,131.385,LEU-52
-109.806,155.606,TRP-53
-125.782,73.0157,VAL-54
-54.8064,-32.93,ASP-55
-95.8564,11.1809,SER-56
78.2599,127.117,THR-57
-89.5334,176.715,PRO-58
-77.9043,170.761,PRO-59
-71.128,148.66,PRO-60
91.0704,15.7224,GLY-61
-78.8246,157.718,THR-62
-125.944,134.356,ARG-63
-78.5911,144.608,VAL-64
-137.166,147.085,ARG-65
-144.768,139.397,ALA-66
-145.946,172.019,MET-67
-157.24,130.585,ALA-68
-106.364,158.549,ILE-69
-124.731,131.591,TYR-70
-131.213,164.033,LYS-71
-137.424,166.34,GLN-72
-55.2987,-3.48442,SER-73
-156.266,-38.0145,GLN-74
-71.285,131.999,HIS-75
-112.332,-17.5619,MET-76
-86.1253,102.936,THR-77
175.718,140.647,GLU-78
-96.4047,159.671,VAL-79
-82.0752,137.738,VAL-80
-141.644,155.711,ARG-81
-56.7145,161.154,ARG-82
-59.3654,150.261,CYS-83
-67.1427,7.965,PRO-84
-105.548,-11.0649,HIS-85
-116.937,-16.0347,HIS-86
-67.3192,6.88634,GLU-87
-136.259,-36.5217,ARG-88
-45.3355,154.384,CYS-89
-71.2096,-7.17184,SER-90
-73.6488,-22.8714,ASP-91
-88.5619,-15.842,SER-92
-77.0705,121.128,ASP-93
-155.778,-145.897,GLY-94
-62.1731,-40.901,LEU-95
-75.8639,144.263,ALA-96
-55.9305,154.173,PRO-97
-73.0255,-18.337,PRO-98
-83.027,-21.8042,GLN-99
-68.646,130.046,HIS-100
-87.4077,-37.6116,LEU-101
-86.0803,134.667,ILE-102
-141.986,161.363,ARG-103
-135.551,147.625,VAL-104
-150.888,178.03,GLU-105
77.3183,-30.9288,GLY-106
-63.8465,128.796,ASN-107
-76.4156,3.4041,LEU-108
-145.081,55.7935,ARG-109
-118.176,144.766,VAL-110
-168.344,175.579,GLU-111
-97.9396,162.449,TYR-112
-167.316,128.745,LEU-113
-53.0799,157.327,ASP-114
-96.96,126.34,ASP-115
-64.7072,-37.5329,ARG-116
-76.336,-39.8748,ASN-117
-124.723,-1.22468,THR-118
57.15,34.4193,PHE-119
-110.344,102.286,ARG-120
-66.6833,115.046,HIS-121
-149.565,158.518,SER-122
-73.8187,152.953,VAL-123
-144.22,144.504,VAL-124
-138.642,144.063,VAL-125
-67.5944,144.528,PRO-126
-65.9848,136.823,TYR-127
-125.88,143.296,GLU-128
-64.4277,172.322,PRO-129
-62.9148,135.221,PRO-130
-60.6577,174.508,GLU-131
-49.3536,123.19,VAL-132
77.1841,15.9962,GLY-133
-111.71,165.26,SER-134
-119.771,-11.2852,ASP-135
-157.126,174.286,CYS-136
-105.422,154.612,THR-137
-125.595,141.267,THR-138
-116.013,133.173,ILE-139
-111.389,81.9794,HIS-140
-74.2793,163.025,TYR-141
-163.075,135.64,ASN-142
-121.05,156.676,TYR-143
-145.685,124.615,MET-144
-173.455,178.183,CYS-145
-106.69,146.214,ASN-146
-119.625,-14.5854,SER-147
-80.0113,-26.0791,SER-148
-79.1224,151.688,CYS-149
-75.6694,-12.6195,MET-150
89.1963,-146.846,GLY-151
-88.6877,-124.665,GLY-152
-79.9722,-39.1318,ILE-153
-141.203,144.141,ASN-154
-60.721,117.653,ARG-155
-144.779,162.353,ARG-156
-91.4183,165.449,PRO-157
-137.547,138.017,ILE-158
-123.792,137.754,LEU-159
-111.636,158.685,THR-160
-137.425,134.806,ILE-161
-127.771,124.366,ILE-162
-143.857,150.54,THR-163
-106.151,120.581,LEU-164
-106.156,164.066,GLU-165
-78.1321,174.65,ASP-166
-65.2194,-29.9267,SER-167
-71.907,-18.0582,SER-168
102.395,-11.1753,GLY-169
-58.519,152.819,ASN-170
-89.0799,122.243,LEU-171
-104.04,-33.0559,LEU-172
-166.099,154.661,GLY-173
-140.612,146.759,ARG-174
-150.739,138.948,ASN-175
-128.452,141.14,SER-176
-152.367,161.781,PHE-177
-84.2861,136.108,GLU-178
-108.568,133.926,VAL-179
-125.872,125.714,ARG-180
-94.6386,131.375,VAL-181
-131.501,162.413,CYS-182
-86.5335,-38.868,ALA-183
-124.533,91.2109,CYS-184
-69.1146,-38.4337,PRO-185
-68.5175,-34.1523,GLY-186
-60.2086,-49.4939,ARG-187
-78.0321,-30.3609,ASP-188
-45.0746,-61.8821,ARG-189
-61.1128,-42.957,ARG-190
-45.5486,-48.9541,THR-191
-89.2064,-6.99384,GLU-192
-93.5955,-15.0637,GLU-193
-69.4928,-15.4099,GLU-194
-61.4509,-42.1605,ASN-195
-63.486,162.569,LEU-196
-103.085,-28.5234,ARG-197
-60.6122,154.719,LYS-198
-64.7587,140.172,LYS-199
-110.983,170.747,GLY-200
-72.975,135.276,GLU-201
-76.7765,155.763,PRO-202
-130.72,142.007,HIS-203
-45.2123,128.231,HIS-204
-72.0443,-19.0474,GLU-205
-73.6616,-37.0799,LEU-206
-68.1477,130.813,PRO-207
-70.1863,178.491,PRO-208
-84.015,-142.126,GLY-209
-171.889,-157.69,SER-210
-85.9988,136.731,THR-211
-63.2831,147.004,LYS-212
81.1498,158.246,ARG-213
-81.468,-169.52,ALA-214
-109.719,-42.9729,LEU-215
-62.7143,137.189,PRO-216
-68.719,34.5751,ASN-217
-68.6112,122.415,ASN-218
-129.832,50.1708,SER-2
-78.8728,171.162,SER-3
-84.5559,139.949,VAL-4
-60.1928,155.456,PRO-5
-105.233,149.077,SER-6
-121.352,-24.4976,GLN-7
-53.4969,126.799,LYS-8
-63.2225,132.774,THR-9
-145.082,138.313,TYR-10
-69.4801,-18.5862,GLN-11
67.6571,-166.034,GLY-12
-60.7013,-33.697,SER-13
-97.2922,-18.9729,TYR-14
104.793,23.3406,GLY-15
-65.9529,112.331,PHE-16
-146.426,149.084,ARG-17
-104.517,172.065,LEU-18
-169.768,-176.326,GLY-19
-142.154,146.235,PHE-20
-121.576,136.827,LEU-21
-78.3322,161.505,HIS-22
-156.765,17.4577,SER-23
87.5793,-150.13,GLY-24
-141.26,0.380227,THR-25
-63.6273,169.804,ALA-26
-64.748,-12.3276,LYS-27
-66.3117,-11.1655,SER-28
-72.9628,118.527,VAL-29
-81.7794,-39.0919,THR-30
-154.468,159.256,CYS-31
-159.655,137.109,THR-32
-119.072,117.724,TYR-33
-92.3036,96.6813,SER-34
-55.5497,-38.4119,PRO-35
-69.3763,-20.1475,ALA-36
-98.9673,-14.9684,LEU-37
69.9068,7.12384,ASN-38
-105.426,126.259,LYS-39
-87.3008,139.613,MET-40
-123.901,116.16,PHE-41
-116.875,133.621,CYS-42
-78.9573,133.328,GLN-43
-68.385,158.49,LEU-44
67.6515,-51.0114,ALA-45
-52.0044,144.467,LYS-46
-66.4827,127.994,THR-47
-114.211,123.84,CYS-48
-85.3519,150.066,PRO-49
-139.274,117.058,VAL-50
-82.3923,158.525,GLN-51
-153.401,116.447,LEU-52
-109.172,146.94,TRP-53
-128.407,98.1692,VAL-54
-66.6778,-38.4186,ASP-55
-103.855,-2.82351,SER-56
84.7787,140.501,THR-57
-78.3504,170.071,PRO-58
-68.2333,177.488,PRO-59
-59.3527,161.584,PRO-60
81.6283,2.1406,GLY-61
-86.789,150.298,THR-62
-140.445,153.354,ARG-63
-106.545,119.557,VAL-64
-104.521,144.595,ARG-65
-128.148,131.757,ALA-66
-141.603,171.99,MET-67
-155.665,119.352,ALA-68
-98.1393,154.675,ILE-69
-115.495,129.9,TYR-70
-134.432,142.489,LYS-71
-99.4174,-176.929,GLN-72
-54.6267,-16.6383,SER-73
-147.565,-28.8668,GLN-74
-70.0393,120.89,HIS-75
-128.108,2.23217,MET-76
-79.1169,65.8446,THR-77
-161.867,146.317,GLU-78
-106.124,144.654,VAL-79
-60.862,112.547,VAL-80
-132.342,150.637,ARG-81
-44.2675,157.891,ARG-82
-54.9588,152.467,CYS-83
-63.1955,-16.7252,PRO-84
-100.396,-4.46612,HIS-85
-120.684,-0.35517,HIS-86
-96.7155,21.4882,GLU-87
-132.476,-37.9669,ARG-88
-72.5902,162.972,CYS-89
-55.9627,-19.4883,SER-90
-71.489,-1.89409,ASP-91
-134.405,-31.1122,SER-92
-72.3404,109.716,ASP-93
-151.149,-139.21,GLY-94
-57.3995,-53.4193,LEU-95
-61.599,140.04,ALA-96
-51.0505,151.734,PRO-97
-67.9014,-28.404,PRO-98
-76.2142,-22.6721,GLN-99
-70.4202,125.313,HIS-100
-88.0643,-35.3162,LEU-101
-95.1519,143.298,ILE-102
-152.997,152.566,ARG-103
-125.39,138.722,VAL-104
-126.897,-161.324,GLU-105
67.1063,-35.1458,GLY-106
-80.6495,119.843,ASN-107
-63.823,-21.1957,LEU-108
-119.22,50.1271,ARG-109
-83.3689,138.612,VAL-110
-161.565,146.531,GLU-111
-79.0737,150.499,TYR-112
-162.269,145.859,LEU-113
-62.8535,160.231,ASP-114
-105.66,118.228,ASP-115
-71.8967,-14.5054,ARG-116
-86.9295,-30.45,ASN-117
-125.641,-16.6712,THR-118
68.0365,36.8271,PHE-119
-106.472,95.2839,ARG-120
-43.8014,108.226,HIS-121
-148.401,174.02,SER-122
-89.8946,139.386,VAL-123
-123.6,150.601,VAL-124
-128.405,142.665,VAL-125
-67.1673,137.922,PRO-126
-70.162,116.677,TYR-127
-102.307,121.064,GLU-128
-62.898,161.483,PRO-129
-57.3699,136.007,PRO-130
-58.6878,164.239,GLU-131
-44.7922,113.031,VAL-132
79.6936,-8.26642,GLY-133
-83.5785,148.545,SER-134
-85.8543,-6.29766,ASP-135
-165.334,-166.371,CYS-136
-86.3182,156.887,THR-137
-127.713,138.062,THR-138
-106.648,136.822,ILE-139
-104.263,132.266,HIS-140
-125.113,168.793,TYR-141
-156.511,144.639,ASN-142
-132.864,151.374,TYR-143
-157.609,114.124,MET-144
-176,160.236,CYS-145
-84.2569,156.375,ASN-146
-125.068,-2.80777,SER-147
-97.6421,-4.3131,SER-148
-94.3149,159.886,CYS-149
-64.479,-20.3858,MET-150
91.9439,-171.073,GLY-151
-66.8152,-160.97,GLY-152
-52.4129,-33.6979,ILE-153
-136.277,154.509,ASN-154
-60.6763,109.331,ARG-155
-123.01,165.588,ARG-156
-120.69,143.183,PRO-157
-116.745,137.466,ILE-158
-115.57,141.362,LEU-159
-103.537,148.777,THR-160
-118.086,127.396,ILE-161
-121.68,126.435,ILE-162
-134.743,164.748,THR-163
-109.706,137.39,LEU-164
-147.687,159.022,GLU-165
-87.6899,160.862,ASP-166
-53.3932,-28.3345,SER-167
-67.0242,-21.9957,SER-168
106.648,-11.1587,GLY-169
-67.3724,122.472,ASN-170
-69.4368,122.106,LEU-171
-104.545,-19.7169,LEU-172
-165.523,161.866,GLY-173
-158.485,137.295,ARG-174
-127.282,164.841,ASN-175
-153.535,140.751,SER-176
-165.963,173.274,PHE-177
-92.8988,149.662,GLU-178
-123.905,153.71,VAL-179
-145.644,118.091,ARG-180
-70.2498,139.65,VAL-181
-153.118,165.5,CYS-182
-81.8733,-49.4133,ALA-183
-111.246,73.1061,CYS-184
-64.9221,-23.0047,PRO-185
-63.7926,-55.375,GLY-186
-43.4943,-61.2125,ARG-187
-72.0192,-28.0972,ASP-188
-57.22,-67.2645,ARG-189
-43.9306,-46.4643,ARG-190
-50.5172,-37.4566,THR-191
-90.1762,-39.7632,GLU-192
-66.6326,-28.1867,GLU-193
-53.3711,-17.7049,GLU-194
-81.0962,-14.4276,ASN-195
-82.8329,148.895,LEU-196
-83.5184,-28.4494,ARG-197
-54.7708,157.983,LYS-198
-66.2149,151.449,LYS-199
-139.89,165.401,GLY-200
-74.2419,132.875,GLU-201
-75.3726,160.532,PRO-202
-138.652,161.205,HIS-203
-52.3466,128.28,HIS-204
-86.1666,-7.53338,GLU-205
-71.6483,-47.6437,LEU-206
-77.2315,168.753,PRO-207
-81.5556,-174.851,PRO-208
-79.9305,-176.13,GLY-209
-132.827,-159.176,SER-210
-82.3966,146.28,THR-211
-68.7244,138.303,LYS-212
82.9513,150.883,ARG-213
-62.045,167.034,ALA-214
-86.698,-50.8686,LEU-215
-70.6045,141.927,PRO-216
-82.7967,37.0415,ASN-217
-56.4222,142.832,ASN-218
-114.655,49.6994,SER-2
-77.675,175.556,SER-3
-97.3229,135.08,VAL-4
-68.0618,119.829,PRO-5
-77.9838,160.132,SER-6
-106.093,9.91829,GLN-7
-71.2176,122.673,LYS-8
-94.2153,135.724,THR-9
-150.415,147.7,TYR-10
-79.4239,-37.2747,GLN-11
94.8023,-176.131,GLY-12
-72.7851,-1.52469,SER-13
-121.128,-21.2393,TYR-14
83.9019,41.0108,GLY-15
-65.6223,123.702,PHE-16
-160.318,152.657,ARG-17
-118.835,174.728,LEU-18
-173.225,169.772,GLY-19
-147.246,123.976,PHE-20
-87.0329,139.596,LEU-21
-78.4443,147.945,HIS-22
-140.982,7.2203,SER-23
80.7886,-135.946,GLY-24
-153.873,-8.65214,THR-25
-59.1373,164.854,ALA-26
-62.9826,-19.6208,LYS-27
-46.0141,-30.7666,SER-28
-61.5017,129.986,VAL-29
-96.246,-31.5332,THR-30
-153.518,147.606,CYS-31
-141.952,139.691,THR-32
-115.622,135.399,TYR-33
-113.782,102.526,SER-34
-64.3956,-29.2151,PRO-35
-75.0714,-13.8433,ALA-36
-102.936,-20.3379,LEU-37
50.4742,38.9433,ASN-38
-120.689,142.967,LYS-39
-107.296,133.651,MET-40
-94.9898,122.588,PHE-41
-123.197,151.902,CYS-42
-87.9404,133.069,GLN-43
-65.8851,145.723,LEU-44
78.8879,-40.5451,ALA-45
-74.0772,148.693,LYS-46
-64.8289,124.098,THR-47
-117.156,112.278,CYS-48
-82.4682,134.408,PRO-49
-119.952,142.834,VAL-50
-99.6862,156.488,GLN-51
-143.662,138.234,LEU-52
-136.136,152.533,TRP-53
-124.801,87.1421,VAL-54
-59.7625,-28.7423,ASP-55
-107.245,-0.0339408,SER-56
87.1868,158.259,THR-57
-98.425,166.56,PRO-58
-60.9224,161.047,PRO-59
-58.6421,145.114,PRO-60
89.7356,22.1139,GLY-61
-89.3134,164.503,THR-62
-145.675,129.923,ARG-63
-98.6024,118.501,VAL-64
-109.806,154.005,ARG-65
-151.303,126.362,ALA-66
-153.494,159.658,MET-67
-142.566,101.214,ALA-68
-86.857,150.051,ILE-69
-114.987,150.356,TYR-70
-161.833,154.681,LYS-71
-119.022,-166.468,GLN-72
-56.7716,-18.6728,SER-73
-164.46,-21.2828,GLN-74
-82.4781,125.631,HIS-75
-135.758,9.99081,MET-76
-94.3154,56.1969,THR-77
-143.447,162.121,GLU-78
-111.221,166.824,VAL-79
-65.5723,135.608,VAL-80
-144.95,152.2,ARG-81
-51.1166,161.932,ARG-82
-55.5554,161.406,CYS-83
-54.3909,-38.5923,PRO-84
-80.5784,-9.32168,HIS-85
-115.006,-9.23495,HIS-86
-80.3706,-4.31349,GLU-87
-135.941,-36.1519,ARG-88
-62.2425,173.979,CYS-89
-77.5157,-10.199,SER-90
-60.0942,-35.0875,ASP-91
-80.1604,-7.53894,SER-92
-85.268,167.124,ASP-93
135.631,-135.317,GLY-94
-63.5121,-56.4132,LEU-95
-64.0327,164.375,ALA-96
-51.2368,139.537,PRO-97
-66.3076,-11.5301,PRO-98
-78.8116,-28.0103,GLN-99
-68.7761,125.323,HIS-100
-69.6305,-33.9145,LEU-101
-103.363,140.763,ILE-102
-133.394,156.18,ARG-103
-97.4385,150.352,VAL-104
-149.208,177.667,GLU-105
94.081,-41.2201,GLY-106
-79.5198,129.58,ASN-107
-91.8563,4.82791,LEU-108
-143.895,65.2645,ARG-109
-107.373,142.543,VAL-110
-157.309,172.871,GLU-111
-103.589,149.21,TYR-112
-152.47,147.154,LEU-113
-71.1388,143.714,ASP-114
-93.8982,91.9795,ASP-115
-45.2865,-42.7281,ARG-116
-74.2272,-30.7424,ASN-117
-125.579,-16.369,THR-118
76.8247,35.0028,PHE-119
-108.978,98.2684,ARG-120
-55.3947,106.562,HIS-121
-145.36,155.177,SER-122
-62.4097,147.36,VAL-123
-143.09,131.977,VAL-124
-117.748,154.398,VAL-125
-68.2193,175.271,PRO-126
-104.721,139.325,TYR-127
-133.965,101.045,GLU-128
-63.9006,162.547,PRO-129
-70.7739,146.506,PRO-130
-93.6323,162.661,GLU-131
-38.6615,132.863,VAL-132
67.351,12.6593,GLY-133
-105.442,136.708,SER-134
-84.4622,-32.3654,ASP-135
-144.328,172.54,CYS-136
-93.8261,131.747,THR-137
-113.379,133.549,THR-138
-99.641,138.905,ILE-139
-115.702,122.79,HIS-140
-105.465,175.548,TYR-141
-157.411,154.266,ASN-142
-136.232,138.477,TYR-143
-147.709,117.508,MET-144
-178.424,173.692,CYS-145
-73.2867,153.013,ASN-146
-128.696,0.62864,SER-147
-103.948,-8.21409,SER-148
-79.927,175.698,CYS-149
-68.3178,-30.5174,MET-150
85.1239,-162.63,GLY-151
-82.3031,-157.879,GLY-152
-64.0988,-11.3215,ILE-153
-143.523,142.205,ASN-154
-64.692,126.513,ARG-155
-140.246,154.216,ARG-156
-91.5683,162.196,PRO-157
-133.952,134.941,ILE-158
-120.956,173.312,LEU-159
-136.994,163.366,THR-160
-129.124,124.886,ILE-161
-120.375,132.163,ILE-162
-138.16,136.852,THR-163
-85.3995,132.913,LEU-164
-134.505,158.969,GLU-165
-64.0882,158.707,ASP-166
-54.3495,-33.368,SER-167
-98.8556,10.5308,SER-168
106.2,-7.52277,GLY-169
-52.3265,125.053,ASN-170
-73.0341,117.936,LEU-171
-99.118,-34.4941,LEU-172
-163.733,154.025,GLY-173
-133.115,155.987,ARG-174
-144.742,154.336,ASN-175
-146.459,139.585,SER-176
-156.539,161.424,PHE-177
-90.9511,131.44,GLU-178
-100.118,129.755,VAL-179
-136.183,109.198,ARG-180
-83.0995,135.518,VAL-181
-146.249,165.456,CYS-182
-96.1697,-38.3165,ALA-183
-126.957,84.6113,CYS-184
-62.9268,-24.2608,PRO-185
-88.8209,-37.4305,GLY-186
-52.6838,-49.3283,ARG-187
-71.4573,-28.4886,ASP-188
-66.7443,-46.3695,ARG-189
-62.7118,-40.4604,ARG-190
-52.2265,-47.3191,THR-191
-83.5851,-28.229,GLU-192
-76.8114,-26.9838,GLU-193
-52.3722,-34.5788,GLU-194
-85.7979,46.8239,ASN-195
-122.112,150.966,LEU-196
-84.5047,-38.0894,ARG-197
-69.0392,172.377,LYS-198
-75.4785,146.016,LYS-199
-112.622,-146.028,GLY-200
-117.407,157.216,GLU-201
-80.1775,150.369,PRO-202
-123.762,154.997,HIS-203
-40.3196,130.716,HIS-204
-85.649,-13.2672,GLU-205
-62.0141,-48.796,LEU-206
-73.5158,140.858,PRO-207
-69.0358,154.085,PRO-208
-79.1534,156.282,GLY-209
-89.9032,-118.118,SER-210
-126.234,155.917,THR-211
-89.8888,147.302,LYS-212
78.2718,166.318,ARG-213
-80.8902,-178.216,ALA-214
-104.263,-22.0271,LEU-215
-59.4151,148.382,PRO-216
-87.1425,11.3748,ASN-217
-49.8312,151.523,ASN-218
-136.763,47.5452,SER-2
-74.9321,178.31,SER-3
-104.511,142.911,VAL-4
-83.9512,127.357,PRO-5
-68.7399,149.642,SER-6
-102.607,3.72329,GLN-7
-82.7784,135.84,LYS-8
-99.0519,126.479,THR-9
-163.472,143.079,TYR-10
-84.2355,-17.0989,GLN-11
70.0161,-158.217,GLY-12
-85.9015,33.7118,SER-13
-155.262,-38.5043,TYR-14
130.28,15.7581,GLY-15
-63.4719,93.761,PHE-16
-124.487,147.167,ARG-17
-123.289,143.965,LEU-18
-138.437,138.319,GLY-19
-97.8513,150.811,PHE-20
-104.244,127.939,LEU-21
-97.2116,104.138,HIS-22
-92.0901,-13.1584,SER-23
115.863,-159.966,GLY-24
-141.909,10.4132,THR-25
-60.0377,154.511,ALA-26
-52.5545,-31.1395,LYS-27
-63.6254,-15.0918,SER-28
-68.2405,136.052,VAL-29
-80.8364,-45.1204,THR-30
-166.286,145.782,CYS-31
-155.352,130.894,THR-32
-111.394,144.483,TYR-33
-115.104,110.56,SER-34
-55.1547,-24.6691,PRO-35
-84.9068,-8.30171,ALA-36
-123.498,-17.5959,LEU-37
54.4956,35.4088,ASN-38
-120.457,119.688,LYS-39
-84.1102,114.267,MET-40
-102.644,117.871,PHE-41
-106.455,150.671,CYS-42
-100.734,130.925,GLN-43
-48.8812,142.443,LEU-44
56.5436,-10.3302,ALA-45
-61.5824,149.419,LYS-46
-82.3909,130.659,THR-47
-141.234,97.8416,CYS-48
-81.0235,138.965,PRO-49
-113.076,125.542,VAL-50
-79.9769,150.591,GLN-51
-135.806,135.361,LEU-52
-122.399,138.18,TRP-53
-127.115,75.562,VAL-54
-60.7599,-31.8858,ASP-55
-90.8695,-5.01634,SER-56
81.3813,120.822,THR-57
-73.0358,172.435,PRO-58
-76.0981,166.717,PRO-59
-63.3679,151.307,PRO-60
81.3,7.15401,GLY-61
-64.218,160.408,THR-62
-142.716,145.503,ARG-63
-117.946,135.63,VAL-64
-131.907,144.226,ARG-65
-124.707,134.182,ALA-66
-159.696,-177.168,MET-67
-171.111,101.088,ALA-68
-80.1005,147.72,ILE-69
-98.3247,134.602,TYR-70
-134.464,148.489,LYS-71
-139.809,-179.775,GLN-72
-58.7169,-29.7104,SER-73
-140.584,4.38566,GLN-74
-103.575,137.582,HIS-75
-125.433,-21.9914,MET-76
-93.4077,75.7487,THR-77
-157.583,-178.166,GLU-78
-144.454,146.844,VAL-79
-64.4733,123.202,VAL-80
-149.833,166.385,ARG-81
-73.3123,163.883,ARG-82
-48.4762,148.624,CYS-83
-61.1128,-39.6977,PRO-84
-77.8106,4.04451,HIS-85
-142.175,7.55428,HIS-86
-97.0003,3.65119,GLU-87
-133.78,-30.4886,ARG-88
-71.7874,157.215,CYS-89
-62.1045,-10.6057,SER-90
-71.3965,-25.121,ASP-91
-103.915,-28.7183,SER-92
-79.4958,119.774,ASP-93
-161.901,-140.195,GLY-94
-65.6727,-50.3417,LEU-95
-59.7634,135.654,ALA-96
-64.6052,153.888,PRO-97
-66.4717,-19.1818,PRO-98
-65.5828,-26.9429,GLN-99
-74.5013,138.773,HIS-100
-122.213,-51.7267,LEU-101
-63.0412,113.11,ILE-102
-129.141,154.814,ARG-103
-133.291,153.294,VAL-104
-157.458,-171.702,GLU-105
74.1084,-34.8056,GLY-106
-66.6939,150.334,ASN-107
-82.6334,-27.7325,LEU-108
-122.742,69.6206,ARG-109
-107.775,137.413,VAL-110
-175.168,161.663,GLU-111
-98.1243,156.304,TYR-112
-163.305,150.089,LEU-113
-84.1397,146.266,ASP-114
-94.5582,122.672,ASP-115
-55.3749,-28.115,ARG-116
-99.361,-23.8077,ASN-117
-134.815,-4.07927,THR-118
49.6048,38.5667,PHE-119
-89.1069,118.089,ARG-120
-80.9916,126.133,HIS-121
-156.821,142.741,SER-122
-69.1368,133.829,VAL-123
-128.347,161.734,VAL-124
-139.482,150.879,VAL-125
-76.9141,151.758,PRO-126
-69.9393,129.257,TYR-127
-111.804,113.245,GLU-128
-52.265,158.249,PRO-129
-44.0968,123.363,PRO-130
-72.7971,157.448,GLU-131
-40.776,112.322,VAL-132
71.4726,3.54887,GLY-133
-69.3073,159.029,SER-134
-94.4734,-15.371,ASP-135
-174.327,167.628,CYS-136
-77.5806,155.12,THR-137
-141.107,128.397,THR-138
-117.664,138.1,ILE-139
-118.896,135.76,HIS-140
-117.265,160.818,TYR-141
-152.102,133.074,ASN-142
-121.105,147.54,TYR-143
-144.611,117.256,MET-144
-169.028,169.893,CYS-145
-88.7652,134.941,ASN-146
-109.768,0.445366,SER-147
-104.144,-16.5664,SER-148
-69.3067,172.249,CYS-149
-84.5299,-22.5164,MET-150
109.558,-138.252,GLY-151
-91.6122,-141.755,GLY-152
-59.2232,-33.9167,ILE-153
-154.419,143.201,ASN-154
-65.4632,116.722,ARG-155
-127.134,161.236,ARG-156
-64.7402,131.829,PRO-157
-120.977,141.111,ILE-158
-136.301,143.637,LEU-159
-107.718,140.007,THR-160
-105.026,120.08,ILE-161
-116.798,121.705,ILE-162
-134.611,137.848,THR-163
-85.2634,137.003,LEU-164
-145.382,152.537,GLU-165
-68.129,145.19,ASP-166
-49.6908,-27.77,SER-167
-80.2939,-7.40375,SER-168
110.186,-16.8034,GLY-169
-56.5559,136.165,ASN-170
-78.6106,134.827,LEU-171
-116.178,-42.3977,LEU-172
-150.649,168.051,GLY-173
-153.243,152.352,ARG-174
-150.178,141.609,ASN-175
-123.766,148.5,SER-176
-140.994,155.338,PHE-177
-85.6044,145.236,GLU-178
-112.709,147.555,VAL-179
-128.484,129.312,ARG-180
-86.1484,135.954,VAL-181
-134.976,171.377,CYS-182
-96.9622,-42.8662,ALA-183
-110.224,88.0769,CYS-184
-61.9599,-31.2146,PRO-185
-67.5728,-57.1704,GLY-186
-44.5907,-50.8897,ARG-187
-81.8786,-29.9815,ASP-188
-50.4698,-60.9804,ARG-189
-46.8764,-52.4659,ARG-190
-52.5984,-41.6278,THR-191
-84.5005,-19.6156,GLU-192
-83.7127,-21.5982,GLU-193
-80.7763,-18.5995,GLU-194
-75.3541,8.14919,ASN-195
-94.3367,165.927,LEU-196
-80.8127,-31.8146,ARG-197
-63.7386,156.009,LYS-198
-59.1809,154.059,LYS-199
-116.509,-176.669,GLY-200
-88.4902,160.63,GLU-201
-84.6454,168.005,PRO-202
-169.623,161.189,HIS-203
-78.5881,151.122,HIS-204
-79.8053,-30.9867,GLU-205
-57.4765,-52.9437,LEU-206
-70.8461,147.113,PRO-207
-66.7599,175.891,PRO-208
-83.1309,-158.583,GLY-209
-163.263,-125.388,SER-210
-139.749,169.027,THR-211
-102.531,146.893,LYS-212
66.9207,156.533,ARG-213
-72.3048,163.327,ALA-214
-75.8809,-37.5764,LEU-215
-53.989,145.868,PRO-216
-95.8332,38.2956,ASN-217
-79.1722,134.201,ASN-218
-119.328,28.5145,SER-2
-65.9408,155.444,SER-3
-66.3479,126.134,VAL-4
-57.4466,157.908,PRO-5
-87.747,155.433,SER-6
-98.3675,-17.2899,GLN-7
-66.6066,125.252,LYS-8
-84.5514,141.953,THR-9
-174.478,132.817,TYR-10
-78.8144,-24.3648,GLN-11
72.6694,172.516,GLY-12
-54.9388,-35.8308,SER-13
-59.1328,-26.3606,TYR-14
83.3065,30.7288,GLY-15
-67.7047,102.99,PHE-16
-145.789,143.241,ARG-17
-98.8418,175.898,LEU-18
-171.593,134.624,GLY-19
-103.714,121.038,PHE-20
-84.562,109.457,LEU-21
-75.0996,84.7352,HIS-22
-68.5543,-12.7441,SER-23
119.9,-149.624,GLY-24
-121.894,5.69383,THR-25
-58.6814,150.193,ALA-26
-57.5462,-30.207,LYS-27
-76.8447,9.76155,SER-28
-82.0671,117.296,VAL-29
-65.5951,-26.7675,THR-30
-164.897,155.551,CYS-31
-150.712,138.247,THR-32
-120.955,140.836,TYR-33
-114.464,91.1142,SER-34
-43.9967,-43.7719,PRO-35
-70.3945,-16.1897,ALA-36
-98.2928,-10.3255,LEU-37
52.5714,33.457,ASN-38
-113.228,131.446,LYS-39
-111.109,98.4732,MET-40
-94.2143,131.885,PHE-41
-137.225,145.166,CYS-42
-83.6525,126.656,GLN-43
-56.8594,127.544,LEU-44
61.8311,14.2867,ALA-45
-103.49,170.194,LYS-46
-89.1842,125.406,THR-47
-114.952,80.6815,CYS-48
-70.1819,131.584,PRO-49
-133.384,144.838,VAL-50
-111.775,144.925,GLN-51
-125.871,116.539,LEU-52
-94.4969,137.958,TRP-53
-119.929,84.3947,VAL-54
-52.6822,-43.2824,ASP-55
-99.0779,6.34908,SER-56
93.9574,156.11,THR-57
-104.903,171.842,PRO-58
-66.7234,173.229,PRO-59
-89.7561,151.42,PRO-60
80.7452,6.62404,GLY-61
-60.1864,142.015,THR-62
-112.134,148.266,ARG-63
-105.067,121.62,VAL-64
-98.5862,151.903,ARG-65
-133.928,153.438,ALA-66
-156.319,-172.754,MET-67
-167.734,96.1763,ALA-68
-91.3354,151.761,ILE-69
-114.313,123.172,TYR-70
-129.349,142.684,LYS-71
-132.162,-174.672,GLN-72
-56.2516,-5.56085,SER-73
-172.661,-27.6351,GLN-74
-68.5689,123.233,HIS-75
-140.554,-6.22154,MET-76
-97.2738,60.0221,THR-77
-154.311,143.835,GLU-78
-104.247,143.57,VAL-79
-59.9299,129.224,VAL-80
-143.402,164.309,ARG-81
-68.1473,174.665,ARG-82
-46.3377,152.678,CYS-83
-69.299,-30.2038,PRO-84
-80.469,-10.1083,HIS-85
-113.748,-6.35299,HIS-86
-82.1651,-3.63906,GLU-87
-129.934,-23.3744,ARG-88
-51.892,147.931,CYS-89
-69.6568,-8.19471,SER-90
-68.5837,-12.9077,ASP-91
-116.131,-22.9762,SER-92
-72.0271,154.445,ASP-93
157.803,-132.549,GLY-94
-62.0797,-51.4232,LEU-95
-71.8508,158.412,ALA-96
-65.847,158.902,PRO-97
-70.8803,-25.1469,PRO-98
-68.2383,-28.5004,GLN-99
-76.9651,133.475,HIS-100
-79.9326,-63.5654,LEU-101
-74.1997,132.189,ILE-102
-158.188,147.52,ARG-103
-117.909,159.272,VAL-104
-163.703,-173.935,GLU-105
74.6365,-45.2346,GLY-106
-58.8721,154.315,ASN-107
-114.537,-38.4892,LEU-108
-76.7885,-13.5576,ARG-109
-39.3506,134.293,VAL-110
-154.159,148.878,GLU-111
-80.8091,153.243,TYR-112
-152.647,146.375,LEU-113
-57.9484,136.358,ASP-114
-94.1079,129.636,ASP-115
-62.6502,-45.5754,ARG-116
-89.0813,-29.8365,ASN-117
-119.067,-19.1685,THR-118
57.4728,2.60819,PHE-119
-58.3822,108.672,ARG-120
-74.8129,128.353,HIS-121
-148.799,147.153,SER-122
-55.4028,137.894,VAL-123
-131.89,137.151,VAL-124
-104.283,134.522,VAL-125
-67.9763,119.169,PRO-126
-60.1856,108.445,TYR-127
-92.031,134.638,GLU-128
-91.5014,168.368,PRO-129
-47.621,152.096,PRO-130
-98.0338,171.952,GLU-131
-57.9372,126.71,VAL-132
84.8529,-6.86192,GLY-133
-96.7948,151.726,SER-134
-108.215,-5.03893,ASP-135
-171.635,-175.199,CYS-136
-114.046,122.761,THR-137
-89.9521,139.266,THR-138
-130.008,159.434,ILE-139
-134.322,128.573,HIS-140
-105.97,172.285,TYR-141
-153.196,160.536,ASN-142
-155.817,125.255,TYR-143
-134.075,135.616,MET-144
175.136,-173.77,CYS-145
-89.3732,141.788,ASN-146
-110.12,-32.93,SER-147
-71.9983,-33.1754,SER-148
-81.7363,179.219,CYS-149
-71.8608,-31.138,MET-150
90.1276,-179.743,GLY-151
-61.9406,-162.388,GLY-152
-54.6213,-25.2562,ILE-153
-158.672,146.19,ASN-154
-73.4386,143.24,ARG-155
-164.834,160.557,ARG-156
-93.3282,166.51,PRO-157
-129.702,150.275,ILE-158
-122.666,143.209,LEU-159
-109.162,153.666,THR-160
-126.07,124.681,ILE-161
-121.679,123.283,ILE-162
-132.393,137.699,THR-163
-92.2415,117.615,LEU-164
-128.796,144.544,GLU-165
-61.7825,149.546,ASP-166
-50.0734,-31.306,SER-167
-79.1004,6.52008,SER-168
89.6535,-14.2466,GLY-169
-57.0236,129.006,ASN-170
-75.8259,133.95,LEU-171
-104.495,-69.0589,LEU-172
-132.156,161.034,GLY-173
-147.779,147.272,ARG-174
-148.426,149.198,ASN-175
-137.314,152.616,SER-176
-154.181,166.623,PHE-177
-90.8392,126.639,GLU-178
-95.5065,141.73,VAL-179
-141.412,140.072,ARG-180
-94.2816,139.868,VAL-181
-138.33,157.84,CYS-182
-83.5482,-66.5945,ALA-183
-99.564,91.0215,CYS-184
-53.4448,-31.274,PRO-185
-73.734,-33.7489,GLY-186
-82.6519,-40.7269,ARG-187
-70.3413,-31.4764,ASP-188
-62.8974,-53.4783,ARG-189
-50.4674,-40.6673,ARG-190
-59.8507,-53.4808,THR-191
-68.8852,-30.397,GLU-192
-75.6863,-26.5685,GLU-193
-71.7022,-15.8156,GLU-194
-91.4486,-25.8114,ASN-195
-49.5151,160.716,LEU-196
-103.185,1.79693,ARG-197
-110.224,174.952,LYS-198
-63.318,137.607,LYS-199
-98.892,-178.289,GLY-200
-120.045,159.151,GLU-201
-83.555,152.899,PRO-202
-127.282,164.495,HIS-203
-60.9815,149.015,HIS-204
-87.8149,-10.6675,GLU-205
-81.8398,-60.8314,LEU-206
-60.8946,143.634,PRO-207
-94.7095,175.606,PRO-208
-61.5727,144.755,GLY-209
-97.2378,-120.607,SER-210
-120.054,152.589,THR-211
-89.8645,144.532,LYS-212
72.9208,166.036,ARG-213
-97.5438,-176.912,ALA-214
-90.6422,-40.3736,LEU-215
-63.0303,145.273,PRO-216
-75.9535,-0.610933,ASN-217
-37.6012,126.325,ASN-218
-131.312,42.1416,SER-2
-59.3033,152.3,SER-3
-81.5335,128.621,VAL-4
-58.9713,133.912,PRO-5
-73.9153,146.621,SER-6
-90.7905,-27.5759,GLN-7
-60.7989,120.544,LYS-8
-69.5401,122.76,THR-9
-150.317,156.771,TYR-10
-103.048,-9.93217,GLN-11
61.2167,-154.973,GLY-12
-77.5005,-12.0779,SER-13
-102.137,-7.12631,TYR-14
71.9572,47.5424,GLY-15
-82.6875,109.795,PHE-16
-145.691,166.634,ARG-17
-120.691,156.694,LEU-18
-139.01,146.773,GLY-19
-116.226,150.767,PHE-20
-96.6557,137.377,LEU-21
-138.639,130.037,HIS-22
-134.378,-17.3145,SER-23
172.897,-176.571,GLY-24
-140.126,21.865,THR-25
-81.5218,168.564,ALA-26
-58.9461,-14.78,LYS-27
-82.7125,-6.10529,SER-28
-51.3132,137.413,VAL-29
-80.9012,-42.2884,THR-30
-165.634,166.806,CYS-31
-165.911,144.036,THR-32
-131.447,131.87,TYR-33
-91.6937,109.025,SER-34
-43.4831,-55.3106,PRO-35
-61.5084,-29.655,ALA-36
-91.5457,-26.3679,LEU-37
65.3998,28.7542,ASN-38
-107.267,133.367,LYS-39
-97.2172,124.33,MET-40
-104.97,120.338,PHE-41
-112.855,144.065,CYS-42
-82.5761,126.194,GLN-43
-58.8678,138.61,LEU-44
73.4779,-10.3578,ALA-45
-80.4912,159.697,LYS-46
-84.7052,113.345,THR-47
-104.246,108.498,CYS-48
-82.1756,132.561,PRO-49
-135.794,125.517,VAL-50
-84.8755,158.753,GLN-51
-148.309,133.008,LEU-52
-125.671,142.31,TRP-53
-123.381,76.3452,VAL-54
-63.787,-34.9452,ASP-55
-69.3627,-20.3819,SER-56
82.2505,137.438,THR-57
-87.7934,165.862,PRO-58
-62.127,166.333,PRO-59
-95.953,163.621,PRO-60
83.8234,6.70134,GLY-61
-75.867,165.171,THR-62
-140.564,156.099,ARG-63
-108.311,147.043,VAL-64
-132.033,147.236,ARG-65
-122.667,128.499,ALA-66
-141.684,174.943,MET-67
-172.248,113.335,ALA-68
-94.057,148.702,ILE-69
-96.2192,148.86,TYR-70
-144.49,157.976,LYS-71
-140.617,-141.411,GLN-72
-72.5803,-20.9349,SER-73
-166.675,-21.1923,GLN-74
-63.3023,131.382,HIS-75
-155.159,-17.2127,MET-76
-77.7004,84.5539,THR-77
-172.257,145.646,GLU-78
-113.675,144.281,VAL-79
-47.7495,120.52,VAL-80
-129.53,147.597,ARG-81
-44.1905,153.73,ARG-82
-42.146,151.023,CYS-83
-73.3924,-36.2934,PRO-84
-65.697,-7.97728,HIS-85
-124.141,-16.3626,HIS-86
-81.3653,19.4939,GLU-87
-150.398,-11.8659,ARG-88
-75.6416,155.464,CYS-89
-67.9778,-12.6494,SER-90
-63.3557,-24.3364,ASP-91
-101.421,-35.5855,SER-92
-75.8631,138.892,ASP-93
173.164,-134.096,GLY-94
-58.9832,-54.2645,LEU-95
-69.2006,134.684,ALA-96
-61.7705,145.897,PRO-97
-62.2998,-11.8671,PRO-98
-98.6955,-15.611,GLN-99
-77.2395,122.497,HIS-100
-78.4695,-57.4324,LEU-101
-69.8617,136.452,ILE-102
-155.16,157.876,ARG-103
-132.473,130.429,VAL-104
-120.858,176.263,GLU-105
89.5196,-47.6826,GLY-106
-68.5866,115.872,ASN-107
-75.254,-32.3735,LEU-108
-72.1352,6.54655,ARG-109
-59.0732,142.847,VAL-110
-160.272,154.903,GLU-111
-87.2229,154.282,TYR-112
-178.046,141.459,LEU-113
-75.164,140.327,ASP-114
-75.3556,129.544,ASP-115
-60.88,-42.963,ARG-116
-86.7984,-19.4221,ASN-117
-123.541,-21.3342,THR-118
68.4746,50.3034,PHE-119
-118.706,108.193,ARG-120
-63.382,114.297,HIS-121
-143.085,161.856,SER-122
-58.8823,134.411,VAL-123
-142.083,153.501,VAL-124
-122.385,162.034,VAL-125
-79.4902,150.385,PRO-126
-77.9108,126.67,TYR-127
-122.267,127.783,GLU-128
-70.8591,160.459,PRO-129
-65.0775,168.917,PRO-130
-97.422,164.788,GLU-131
-66.4275,133.751,VAL-132
89.592,-9.62291,GLY-133
-104.867,-179.266,SER-134
-121.273,-37.3583,ASP-135
-120.549,170.627,CYS-136
-89.1049,148.619,THR-137
-107.53,139.564,THR-138
-111.244,132.438,ILE-139
-99.1488,109.358,HIS-140
-97.5786,169.094,TYR-141
-150.625,156.196,ASN-142
-139.604,158.217,TYR-143
-155.668,126.075,MET-144
-166.966,166.272,CYS-145
-68.2837,152.25,ASN-146
-111.664,-24.6393,SER-147
-80.756,-24.78,SER-148
-61.098,165.647,CYS-149
-65.9947,-30.1821,MET-150
78.7035,-166.957,GLY-151
-83.3947,-130.437,GLY-152
-78.354,-6.74327,ILE-153
-168.02,167.641,ASN-154
-93.3488,121.887,ARG-155
-126.259,167.637,ARG-156
-65.0866,155.762,PRO-157
-150.282,132.704,ILE-158
-120.235,153.146,LEU-159
-112.81,150.345,THR-160
-129.092,98.6113,ILE-161
-91.4795,134.353,ILE-162
-143.512,149.619,THR-163
-107.849,127.273,LEU-164
-138.039,153.147,GLU-165
-58.3523,158.9,ASP-166
-57.9339,-17.3178,SER-167
-92.6188,5.82928,SER-168
77.6556,-2.6788,GLY-169
-59.5774,119.88,ASN-170
-68.5912,127.945,LEU-171
-100.502,-36.1296,LEU-172
-159.087,155.897,GLY-173
-137.675,151.912,ARG-174
-154.355,137.862,ASN-175
-131.408,135.483,SER-176
-138.516,140.904,PHE-177
-76.0637,146.464,GLU-178
-130.352,142.615,VAL-179
-151.698,122.649,ARG-180
-87.7188,132.89,VAL-181
-128.646,165.48,CYS-182
-86.8526,-49.5922,ALA-183
-112.699,75.8232,CYS-184
-56.2944,-29.914,PRO-185
-70.4537,-46.4475,GLY-186
-62.6197,-50.1066,ARG-187
-66.3366,-34.3129,ASP-188
-56.5504,-41.6326,ARG-189
-71.0743,-34.9711,ARG-190
-49.519,-56.17,THR-191
-84.6727,-24.4012,GLU-192
-77.3639,-38.1616,GLU-193
-57.9037,-18.8439,GLU-194
-88.6858,-7.21722,ASN-195
-73.4828,159.568,LEU-196
-86.9642,-30.285,ARG-197
-69.9572,174.639,LYS-198
-69.0333,143.574,LYS-199
-112.494,-179.298,GLY-200
-105.255,149.104,GLU-201
-88.6746,153.092,PRO-202
-113.577,-177.919,HIS-203
-65.9194,154.71,HIS-204
-85.8423,-39.066,GLU-205
-74.5449,-14.0843,LEU-206
-76.038,164.561,PRO-207
-76.1955,178.451,PRO-208
-87.4179,-170.025,GLY-209
-159.848,-173.002,SER-210
-92.8364,168.618,THR-211
-109.249,128.422,LYS-212
77.7552,171.223,ARG-213
-90.2243,-178.093,ALA-214
-110.274,-38.3153,LEU-215
-55.7714,152.42,PRO-216
-82.5969,10.6095,ASN-217
-53.1806,140.661,ASN-218
-101.521,39.315,SER-2
-81.5035,178.941,SER-3
-88.1648,138.403,VAL-4
-84.9733,124.657,PRO-5
-63.4115,151.293,SER-6
-100.717,-6.96037,GLN-7
-70.9597,119.005,LYS-8
-66.2142,132.955,THR-9
-155.181,148.87,TYR-10
-82.478,-28.1606,GLN-11
64.2612,-166.251,GLY-12
-79.2709,7.90297,SER-13
-131.392,-24.7809,TYR-14
117.06,14.4662,GLY-15
-58.3432,122.43,PHE-16
-148.738,144.03,ARG-17
-106.347,131.667,LEU-18
-114.523,-168.169,GLY-19
-152.794,165.527,PHE-20
-115.678,142.491,LEU-21
-161.968,119.919,HIS-22
-133.419,-24.4122,SER-23
-170.822,-144.978,GLY-24
-135.905,-4.63688,THR-25
-60.8422,166.839,ALA-26
-63.8008,-18.287,LYS-27
-72.8576,-17.3873,SER-28
-50.7499,127.033,VAL-29
-82.4751,-40.0309,THR-30
-159.672,159.206,CYS-31
-153.795,157.929,THR-32
-132.649,130.085,TYR-33
-96.6201,109.337,SER-34
-67.0122,-31.0594,PRO-35
-97.758,-9.43429,ALA-36
-102.695,-22.9507,LEU-37
46.3835,69.8175,ASN-38
-140.973,133.424,LYS-39
-100.844,123.601,MET-40
-95.1597,127.043,PHE-41
-123.008,124.573,CYS-42
-66.0545,139.243,GLN-43
-56.0844,134.452,LEU-44
66.3459,-21.0117,ALA-45
-64.4739,156.68,LYS-46
-75.8233,124.201,THR-47
-101.885,95.0608,CYS-48
-69.9695,140.765,PRO-49
-136.245,134.774,VAL-50
-86.4834,123.374,GLN-51
-104.228,143.091,LEU-52
-136.296,134.662,TRP-53
-138.058,70.1839,VAL-54
-70.1112,-29.2318,ASP-55
-79.1601,13.1222,SER-56
66.1253,111.509,THR-57
-76.8464,170.205,PRO-58
-63.6411,149.712,PRO-59
-58.7661,143.405,PRO-60
74.768,19.2619,GLY-61
-80.7403,147.925,THR-62
-131.387,127.815,ARG-63
-85.5012,121.303,VAL-64
-104.186,146.575,ARG-65
-133.84,144.101,ALA-66
-162.047,170.033,MET-67
-173.815,98.996,ALA-68
-97.8231,142.109,ILE-69
-105.469,126.035,TYR-70
-110.638,141.948,LYS-71
-138.228,168.474,GLN-72
-67.006,-0.0255435,SER-73
-143.051,15.3011,GLN-74
-134.643,128.073,HIS-75
-123.436,1.86427,MET-76
-120.681,4.3859,THR-77
-65.2654,166.178,GLU-78
-108.178,155.389,VAL-79
-79.9452,117.794,VAL-80
-138.311,142.972,ARG-81
-38.525,160.566,ARG-82
-52.2922,151.769,CYS-83
-64.9155,-28.4355,PRO-84
-88.8843,-2.99075,HIS-85
-118.487,-6.28281,HIS-86
-85.7523,8.88617,GLU-87
-140.486,-27.3423,ARG-88
-72.5947,163.232,CYS-89
-70.1112,-9.76654,SER-90
-69.132,-12.5853,ASP-91
-118.206,0.246471,SER-92
-98.7376,149.278,ASP-93
171.385,-146.596,GLY-94
-58.2807,-38.1449,LEU-95
-96.6336,155.889,ALA-96
-57.3359,145.995,PRO-97
-72.736,-21.1058,PRO-98
-64.5086,-36.6045,GLN-99
-70.9179,135.191,HIS-100
-97.8531,-39.2113,LEU-101
-76.1498,116.093,ILE-102
-134.302,161.108,ARG-103
-128.264,160.255,VAL-104
-153.931,-167.42,GLU-105
82.1362,-58.7041,GLY-106
-63.466,127.118,ASN-107
-86.2057,-20.5027,LEU-108
-95.666,18.0818,ARG-109
-71.1666,150.432,VAL-110
-169.964,161.017,GLU-111
-99.3297,142.535,TYR-112
-142.557,146.429,LEU-113
-56.729,145.677,ASP-114
-93.4454,116.999,ASP-115
-53.4285,-23.7458,ARG-116
-98.0916,-35.7884,ASN-117
-136.869,3.83829,THR-118
64.2361,9.44027,PHE-119
-74.9748,93.1037,ARG-120
-58.6532,122.467,HIS-121
-157.873,169.183,SER-122
-80.3044,140.79,VAL-123
-126.325,120.892,VAL-124
-87.9244,145.867,VAL-125
-75.5543,144.14,PRO-126
-68.0488,124.381,TYR-127
-121.164,126.795,GLU-128
-62.0539,174.489,PRO-129
-58.3449,153.733,PRO-130
-74.986,159.172,GLU-131
-50.114,117.268,VAL-132
86.6796,-2.26234,GLY-133
-100.817,162.392,SER-134
-104.953,-32.6866,ASP-135
-137.3,160.326,CYS-136
-83.6958,148.644,THR-137
-119.68,119.464,THR-138
-103.335,139.015,ILE-139
-115.602,129.928,HIS-140
-129.964,161.647,TYR-141
-152.518,155.38,ASN-142
-146.837,152.174,TYR-143
-154.022,121.731,MET-144
-170.176,-162.38,CYS-145
-89.2687,140.884,ASN-146
-120.429,-10.1313,SER-147
-94.0221,-36.3321,SER-148
-68.0256,176.444,CYS-149
-90.42,-6.32756,MET-150
65.725,-160.745,GLY-151
-75.3851,-159.3,GLY-152
-49.2652,-33.2167,ILE-153
-119.98,150.557,ASN-154
-62.3177,107.687,ARG-155
-112.653,146.715,ARG-156
-68.9466,149.218,PRO-157
-132.865,125.526,ILE-158
-99.1391,151.491,LEU-159
-125.12,142.972,THR-160
-113.372,125.304,ILE-161
-118.773,120.238,ILE-162
-126.053,154.643,THR-163
-104.116,119.126,LEU-164
-114.937,149.382,GLU-165
-74.0815,153.493,ASP-166
-59.2325,-19.7829,SER-167
-68.5227,-11.4191,SER-168
85.0588,29.6204,GLY-169
-114.92,144.134,ASN-170
-82.4406,142.126,LEU-171
-112.252,-51.8183,LEU-172
-150.077,148.817,GLY-173
-145.331,133.545,ARG-174
-132.283,143.21,ASN-175
-149.143,145.848,SER-176
-147.395,164.379,PHE-177
-83.3078,146,GLU-178
-105.147,146.339,VAL-179
-144.987,93.4189,ARG-180
-61.3716,137.736,VAL-181
-135.207,157.687,CYS-182
-79.6091,-31.517,ALA-183
-136.835,71.8618,CYS-184
-58.3255,-37.1112,PRO-185
-69.261,-32.0696,GLY-186
-77.4764,-30.935,ARG-187
-81.7764,-26.8165,ASP-188
-59.6447,-55.6888,ARG-189
-48.7614,-49.6126,ARG-190
-36.8841,-54.0454,THR-191
-85.6178,-23.4764,GLU-192
-93.3788,-24.3139,GLU-193
-42.8045,-42.5125,GLU-194
-78.8689,-1.69029,ASN-195
-55.6526,166.297,LEU-196
-95.2026,-30.4582,ARG-197
-69.7953,167.45,LYS-198
-54.9343,127.49,LYS-199
-95.8822,160.582,GLY-200
-90.4936,144.95,GLU-201
-81.4132,168.012,PRO-202
-136.124,161.278,HIS-203
-59.0356,144.075,HIS-204
-80.7178,-21.2823,GLU-205
-68.2686,-63.8594,LEU-206
-62.1577,132.788,PRO-207
-72.7568,170.728,PRO-208
-66.0257,176.195,GLY-209
-147.507,-171.735,SER-210
-91.1217,156.129,THR-211
-110.578,134.131,LYS-212
96.968,157.267,ARG-213
-75.1313,164.016,ALA-214
-97.7393,-52.0533,LEU-215
-57.65,131.412,PRO-216
-57.5292,14.8214,ASN-217
-47.5198,131.939,ASN-218
-130.338,50.2118,SER-2
-64.4093,164.683,SER-3
-85.0691,137.778,VAL-4
-58.3648,150.754,PRO-5
-112.148,141.689,SER-6
-105.908,5.01739,GLN-7
-74.3149,118.348,LYS-8
-77.751,150.281,THR-9
-166.847,139.578,TYR-10
-76.4303,-15.285,GLN-11
64.4818,-147.698,GLY-12
-73.1667,-17.4674,SER-13
-124.166,-1.39087,TYR-14
90.8039,18.7198,GLY-15
-52.6953,117.835,PHE-16
-158.212,149.26,ARG-17
-98.3756,164.224,LEU-18
-169.916,152.932,GLY-19
-123.549,144.245,PHE-20
-107.947,114.186,LEU-21
-89.7361,118.134,HIS-22
-112.631,20.4537,SER-23
99.4905,-164.368,GLY-24
-125.15,21.3866,THR-25
-77.2302,153.933,ALA-26
-49.269,-24.6043,LYS-27
-68.5792,-5.90601,SER-28
-72.628,125.5,VAL-29
-69.5291,-45.0574,THR-30
-157.583,146.924,CYS-31
-135.759,176.449,THR-32
-149.403,137.172,TYR-33
-115.58,100.373,SER-34
-67.6789,-10.7891,PRO-35
-66.8339,-40.3858,ALA-36
-98.8034,-18.2798,LEU-37
70.5186,23.2253,ASN-38
-102.82,135.976,LYS-39
-100.247,133.933,MET-40
-112.389,114.162,PHE-41
-116.636,145.729,CYS-42
-91.8866,134.621,GLN-43
-49.6303,125.327,LEU-44
84.604,-22.5297,ALA-45
-73.7243,148.064,LYS-46
-60.891,131.057,THR-47
-130.634,99.6018,CYS-48
-71.2054,140.148,PRO-49
-133.423,135.57,VAL-50
-94.0164,163.901,GLN-51
-150.14,138.048,LEU-52
-131.057,136.928,TRP-53
-145.439,53.1541,VAL-54
-56.1805,-39.9299,ASP-55
-64.2547,-4.35677,SER-56
66.0942,134.852,THR-57
-111.429,170.326,PRO-58
-51.562,127.471,PRO-59
-60.6455,147.126,PRO-60
105.957,-16.1034,GLY-61
-61.1801,151.882,THR-62
-127.897,146.29,ARG-63
-100.857,131.019,VAL-64
-127.184,155.211,ARG-65
-143.595,141.198,ALA-66
-149.566,-179.956,MET-67
-165.555,83.3735,ALA-68
-88.2041,155.89,ILE-69
-133.022,131.731,TYR-70
-118.89,132.76,LYS-71
-120.538,159.149,GLN-72
-41.998,-29.9762,SER-73
-147.189,29.1604,GLN-74
-144.613,151.14,HIS-75
-149.372,10.2457,MET-76
-111.823,65.6431,THR-77
-159.064,161.502,GLU-78
-116.593,147.587,VAL-79
-72.6124,117.781,VAL-80
-123.435,158.069,ARG-81
-66.1242,161.991,ARG-82
-51.6115,151.661,CYS-83
-51.4782,-28.3235,PRO-84
-97.6672,-2.36729,HIS-85
-126.574,-9.06285,HIS-86
-82.4417,6.97232,GLU-87
-145.857,-20.072,ARG-88
-70.9877,169.114,CYS-89
-70.5911,-18.0043,SER-90
-72.429,-15.5947,ASP-91
-106.109,-17.3435,SER-92
-74.5435,177.286,ASP-93
121.476,-126.724,GLY-94
-63.8193,-54.3396,LEU-95
-69.0571,144.37,ALA-96
-44.5002,145.624,PRO-97
-77.1909,-10.5641,PRO-98
-81.4044,-22.949,GLN-99
-82.0173,129.802,HIS-100
-93.4174,-35.9721,LEU-101
-90.8337,118.978,ILE-102
-132.777,139.557,ARG-103
-100.17,141.365,VAL-104
-131.051,-168.034,GLU-105
75.7846,-40.1923,GLY-106
-65.3292,150.512,ASN-107
-98.9612,-44.7906,LEU-108
-60.4362,36.6731,ARG-109
-97.0628,138.036,VAL-110
-163.347,167.251,GLU-111
-102.005,135.302,TYR-112
-132.668,168.116,LEU-113
-87.2578,136.472,ASP-114
-71.2832,112.21,ASP-115
-62.1358,-21.536,ARG-116
-93.343,-38.0016,ASN-117
-121.63,-3.08023,THR-118
58.1736,32.3517,PHE-119
-97.1009,106.297,ARG-120
-57.4963,120.807,HIS-121
-154.58,155.991,SER-122
-74.6923,126.869,VAL-123
-132.524,123.627,VAL-124
-105.071,147.557,VAL-125
-65.5963,169.511,PRO-126
-99.8797,112.838,TYR-127
-103.537,112.929,GLU-128
-51.772,155.607,PRO-129
-39.7905,118.163,PRO-130
-57.1656,177.356,GLU-131
-55.9825,122.898,VAL-132
62.1419,-14.4272,GLY-133
-69.0787,135.814,SER-134
-72.3107,-23.8612,ASP-135
-161.843,-161.618,CYS-136
-108.434,121.808,THR-137
-94.2854,133.42,THR-138
-115.685,129.953,ILE-139
-102.398,142.209,HIS-140
-129.253,166.354,TYR-141
-148.142,156.611,ASN-142
-143.816,141.612,TYR-143
-147.981,129.216,MET-144
-179.245,175.111,CYS-145
-73.1676,147.453,ASN-146
-128.86,-15.001,SER-147
-91.3805,-14.2034,SER-148
-89.162,164.264,CYS-149
-73.1879,-28.1496,MET-150
95.7545,-146.199,GLY-151
-87.8763,-157.688,GLY-152
-61.6543,-39.271,ILE-153
-127.717,151.438,ASN-154
-67.9221,116.806,ARG-155
-122.329,156.662,ARG-156
-74.4548,154.527,PRO-157
-141.488,136.709,ILE-158
-131.055,142.8,LEU-159
-105.816,159.05,THR-160
-127.269,109.887,ILE-161
-91.2436,135.013,ILE-162
-133.692,148.786,THR-163
-104.505,147.017,LEU-164
-149.355,151.312,GLU-165
-54.7661,167.372,ASP-166
-75.4609,-19.1675,SER-167
-79.9726,-8.37961,SER-168
85.8354,5.78313,GLY-169
-63.3532,135.052,ASN-170
-76.9493,122.1,LEU-171
-104.979,-31.1906,LEU-172
-165.502,156.251,GLY-173
-149.259,146.144,ARG-174
-159.308,135.145,ASN-175
-140.852,142.588,SER-176
-142.303,161.527,PHE-177
-97.7136,135.097,GLU-178
-101.359,150.033,VAL-179
-142.636,114.316,ARG-180
-79.5667,140.113,VAL-181
-145.495,161.616,CYS-182
-69.9084,-47.0163,ALA-183
-122.965,89.0668,CYS-184
-58.571,-32.8947,PRO-185
-73.0803,-56.4945,GLY-186
-47.5259,-50.6797,ARG-187
-63.1621,-32.3938,ASP-188
-69.3578,-49.6356,ARG-189
-67.247,-23.2663,ARG-190
-64.2016,-49.3325,THR-191
-77.6173,-22.5342,GLU-192
-84.903,-22.5263,GLU-193
-58.0049,-20.473,GLU-194
-98.4931,-13.1653,ASN-195
-58.1125,174.175,LEU-196
-98.7623,-46.5912,ARG-197
-66.5222,162.966,LYS-198
-74.1976,142.727,LYS-199
-109.97,-140.344,GLY-200
-121.138,137.204,GLU-201
-61.626,168.016,PRO-202
-156.589,165.25,HIS-203
-76.26,153.861,HIS-204
-73.0277,-30.2725,GLU-205
-68.9153,-34.1882,LEU-206
-50.6311,138.938,PRO-207
-76.9886,178.555,PRO-208
-83.318,-165.701,GLY-209
-155.389,-115.97,SER-210
-151.581,161.776,THR-211
-112.241,130.025,LYS-212
59.0474,170.959,ARG-213
-85.1982,168.357,ALA-214
-87.2415,-43.4821,LEU-215
-57.4839,151.365,PRO-216
-89.6103,18.653,ASN-217
-61.7962,140.865,ASN-218
-119.446,31.3871,SER-2
-57.867,144.982,SER-3
-76.5359,127.165,VAL-4
-58.6853,149.529,PRO-5
-120.818,142.521,SER-6
-90.7988,3.15633,GLN-7
-65.7484,124.072,LYS-8
-98.9975,132.808,THR-9
-160.455,130.265,TYR-10
-61.3675,-34.982,GLN-11
82.6711,-176.101,GLY-12
-65.7549,-9.50878,SER-13
-105.827,-12.0158,TYR-14
85.8401,31.4397,GLY-15
-79.6776,122.006,PHE-16
-164.182,176.581,ARG-17
-119.411,-171.349,LEU-18
-175.799,157.126,GLY-19
-148.599,156.266,PHE-20
-113.642,158.273,LEU-21
-79.6761,142.833,HIS-22
-133.623,-68.3646,SER-23
171.23,-139.57,GLY-24
-138.582,-8.82355,THR-25
-62.9471,157.809,ALA-26
-53.3612,-23.4165,LYS-27
-76.6942,-16.3293,SER-28
-49.414,133.05,VAL-29
-91.4396,-35.13,THR-30
-168.881,155.683,CYS-31
-154.802,131.853,THR-32
-98.8531,137.191,TYR-33
-95.3975,110.642,SER-34
-62.0755,-34.5709,PRO-35
-65.1342,-23.1815,ALA-36
-110.807,-4.7509,LEU-37
48.7423,38.4338,ASN-38
-128.757,133.199,LYS-39
-101.754,123.77,MET-40
-84.7021,115.828,PHE-41
-100.755,122.246,CYS-42
-71.4408,146.004,GLN-43
-58.5716,128.953,LEU-44
80.1859,-8.58471,ALA-45
-68.6776,142.999,LYS-46
-68.7077,121.95,THR-47
-118.338,109.403,CYS-48
-82.3615,115.764,PRO-49
-102.026,137.378,VAL-50
-91.5263,143.844,GLN-51
-136.492,133.605,LEU-52
-120.744,136.092,TRP-53
-139.585,69.4233,VAL-54
-48.0545,-54.6294,ASP-55
-79.7426,-17.9354,SER-56
99.2763,128.668,THR-57
-80.0661,161.32,PRO-58
-50.4446,162.75,PRO-59
-52.0539,147.854,PRO-60
77.388,8.26993,GLY-61
-82.3457,146.497,THR-62
-125.598,161.345,ARG-63
-115.571,136.767,VAL-64
-138.55,160.014,ARG-65
-146.285,134.003,ALA-66
-158.04,155.874,MET-67
-147.927,103.831,ALA-68
-98.6531,139.241,ILE-69
-89.0088,117.674,TYR-70
-104.878,134.808,LYS-71
-128.393,176.573,GLN-72
-61.4625,-21.0623,SER-73
-147.869,13.875,GLN-74
-144.49,140.903,HIS-75
-135.084,-15.4195,MET-76
-74.3127,70.1992,THR-77
-166.691,165.624,GLU-78
-133.934,148.791,VAL-79
-61.6058,116.24,VAL-80
-136.987,155.07,ARG-81
-51.7404,173.288,ARG-82
-59.8845,140.951,CYS-83
-44.1586,-41.5143,PRO-84
-82.9639,-8.05362,HIS-85
-132.259,-13.296,HIS-86
-72.8043,1.64472,GLU-87
-132.238,-7.01609,ARG-88
-88.5162,166.388,CYS-89
-73.6183,-10.9467,SER-90
-70.4488,-22.7577,ASP-91
-100.766,-34.5348,SER-92
-78.4715,136.71,ASP-93
166.289,-138.826,GLY-94
-59.4634,-33.0607,LEU-95
-99.6613,147.95,ALA-96
-59.3673,150.761,PRO-97
-56.2758,-30.7346,PRO-98
-65.5095,-23.7302,GLN-99
-85.0624,134.666,HIS-100
-101.301,-48.5978,LEU-101
-66.7213,111.435,ILE-102
-130.387,159.146,ARG-103
-125.087,129.69,VAL-104
-109.611,169.63,GLU-105
87.9482,-61.8139,GLY-106
-61.9061,115.118,ASN-107
-78.2414,-8.9557,LEU-108
-103.51,10.8109,ARG-109
-66.248,132.341,VAL-110
-146.411,155.708,GLU-111
-88.8984,134.389,TYR-112
-145.686,148.011,LEU-113
-70.1789,163.697,ASP-114
-122.914,108.202,ASP-115
-55.7386,-26.7558,ARG-116
-90.9117,-30.0103,ASN-117
-127.437,-26.3045,THR-118
79.9351,4.53794,PHE-119
-80.0816,81.499,ARG-120
-59.4594,128.624,HIS-121
-162.083,158.261,SER-122
-65.2826,140.078,VAL-123
-148.352,138.151,VAL-124
-113.818,157.357,VAL-125
-71.6307,158.702,PRO-126
-78.4992,127.796,TYR-127
-112.603,131.011,GLU-128
-42.1576,156.953,PRO-129
-71.6614,156.731,PRO-130
-63.9762,166.692,GLU-131
-60.561,143.881,VAL-132
66.0185,-3.24541,GLY-133
-97.6356,162.767,SER-134
-116.434,-33.8619,ASP-135
-130.114,162.003,CYS-136
-94.1595,139.002,THR-137
-105.386,133.099,THR-138
-114.736,126.724,ILE-139
-96.2287,93.6069,HIS-140
-82.7793,170.476,TYR-141
-157.735,156.264,ASN-142
-141.538,164.402,TYR-143
-165.753,100.206,MET-144
-158.814,162.528,CYS-145
-60.9859,132.515,ASN-146
-88.3535,-15.2642,SER-147
-109.074,-18.9273,SER-148
-62.9098,-171.982,CYS-149
-79.6165,-45.3982,MET-150
101.695,-173.847,GLY-151
-63.5452,-155.251,GLY-152
-56.1229,-17.3158,ILE-153
-149.163,163.526,ASN-154
-65.7455,91.6743,ARG-155
-106.925,168.924,ARG-156
-100.079,162.243,PRO-157
-136.697,143.543,ILE-158
-118.152,150.047,LEU-159
-111.962,152.281,THR-160
-133.278,112.544,ILE-161
-105.946,140.101,ILE-162
-145.077,162.193,THR-163
-115.588,143.336,LEU-164
-159.233,149.624,GLU-165
-71.9879,175.403,ASP-166
-68.3087,-18.0813,SER-167
-83.7392,10.0251,SER-168
73.3959,4.58766,GLY-169
-80.1174,132.625,ASN-170
-70.5101,123.142,LEU-171
-101.536,-42.4967,LEU-172
-151.806,170.981,GLY-173
-165.713,151.053,ARG-174
-159.227,157.23,ASN-175
-138.817,153.669,SER-176
-156.142,150.579,PHE-177
-94.7364,128.818,GLU-178
-105.564,151.165,VAL-179
-152.077,121.384,ARG-180
-100.163,121.546,VAL-181
-130.89,166.69,CYS-182
-86.2179,-59.4024,ALA-183
-101.688,73.4492,CYS-184
-53.8755,-34.6146,PRO-185
-64.9232,-39.8775,GLY-186
-69.0407,-41.0997,ARG-187
-79.6818,-22.9138,ASP-188
-59.2006,-58.1735,ARG-189
-52.4581,-41.9324,ARG-190
-50.0103,-64.0651,THR-191
-73.325,-17.869,GLU-192
-86.1313,-23.3191,GLU-193
-65.0323,-39.5047,GLU-194
-59.2643,-13.571,ASN-195
-70.7813,171.221,LEU-196
-82.6973,-52.5312,ARG-197
-63.7366,161.905,LYS-198
-69.4716,144.171,LYS-199
-129.827,-141.353,GLY-200
-99.0104,125.062,GLU-201
-73.355,166.604,PRO-202
-134.788,-174.051,HIS-203
-83.4052,157.603,HIS-204
-73.3483,-26.1351,GLU-205
-81.4591,-37.676,LEU-206
-75.9706,140.798,PRO-207
-81.7735,-173.22,PRO-208
-89.8409,-157.967,GLY-209
-173.059,-164.485,SER-210
-95.5315,157.212,THR-211
-83.1083,150.065,LYS-212
52.526,173.351,ARG-213
-72.4716,-174.227,ALA-214
-83.309,-49.7174,LEU-215
-49.3983,140.212,PRO-216
-80.2444,22.3054,ASN-217
-56.4636,113.316,ASN-218
-119.397,53.1901,SER-2
-76.639,145.305,SER-3
-76.4648,123.436,VAL-4
-45.4844,130.662,PRO-5
-68.797,134.073,SER-6
-87.2022,-8.29364,GLN-7
-79.1448,136.746,LYS-8
-94.4586,135.318,THR-9
-152.828,133.166,TYR-10
-83.3677,-10.6103,GLN-11
77.6567,-156.488,GLY-12
-91.671,-24.6513,SER-13
-88.9103,-33.3278,TYR-14
93.8452,48.2853,GLY-15
-58.6475,119.589,PHE-16
-154.518,152.77,ARG-17
-101.494,-178.786,LEU-18
179.888,166.941,GLY-19
-136.457,164.803,PHE-20
-92.0544,104.199,LEU-21
-81.4283,147.064,HIS-22
-158.449,10.2348,SER-23
91.6736,-146.476,GLY-24
-140.856,9.23038,THR-25
-49.9103,161.661,ALA-26
-52.1424,-38.9771,LYS-27
-68.5967,-6.86046,SER-28
-59.219,120.51,VAL-29
-74.9478,-42.2987,THR-30
-165.465,161.956,CYS-31
-152.639,148.604,THR-32
-121.8,122.102,TYR-33
-103.289,98.7682,SER-34
-73.6626,-20.0694,PRO-35
-65.3513,-30.2575,ALA-36
-99.6981,-14.2589,LEU-37
44.7589,38.4799,ASN-38
-115.175,128.965,LYS-39
-101.044,138.79,MET-40
-108.075,127.62,PHE-41
-122.742,139.959,CYS-42
-79.6587,131.439,GLN-43
-42.5397,116.102,LEU-44
63.3183,1.74249,ALA-45
-83.7712,149.924,LYS-46
-55.1125,132.153,THR-47
-125.56,99.1129,CYS-48
-76.4357,117.801,PRO-49
-104.469,133.962,VAL-50
-96.9002,153.187,GLN-51
-129.874,132.511,LEU-52
-121.935,135.114,TRP-53
-127.299,109.765,VAL-54
-58.2512,-50.0571,ASP-55
-92.9047,-1.29626,SER-56
64.1445,134.571,THR-57
-71.9087,176.671,PRO-58
-61.6171,158.282,PRO-59
-54.3142,149.272,PRO-60
56.3396,23.678,GLY-61
-50.7335,153.784,THR-62
-131.609,157.128,ARG-63
-102.943,124.35,VAL-64
-114.467,146.344,ARG-65
-135.39,149.824,ALA-66
-176.466,167.873,MET-67
-158.174,116.815,ALA-68
-101.732,145.232,ILE-69
-90.3563,116.282,TYR-70
-105.571,140.777,LYS-71
-146.076,-179.402,GLN-72
-67.2172,-15.9191,SER-73
-149.022,22.8088,GLN-74
-144.977,147.268,HIS-75
-141.82,-12.1548,MET-76
-85.222,86.6609,THR-77
-172.204,157.216,GLU-78
-110.498,164.532,VAL-79
-84.9731,124.294,VAL-80
-148.914,145.129,ARG-81
-59.471,157.804,ARG-82
-62.0377,169.104,CYS-83
-57.3258,-21.6826,PRO-84
-110.204,-6.59581,HIS-85
-111.303,10.744,HIS-86
-111.519,3.89646,GLU-87
-162.034,7.0484,ARG-88
-67.5587,155.732,CYS-89
-69.8079,-14.6527,SER-90
-78.9703,-25.9649,ASP-91
-90.985,-20.5444,SER-92
-82.3475,149.076,ASP-93
133.308,-128.963,GLY-94
-61.3861,-24.0397,LEU-95
-121.029,153.995,ALA-96
-71.8385,151.877,PRO-97
-79.6324,-17.5239,PRO-98
-70.625,-44.5999,GLN-99
-67.1421,133.742,HIS-100
-95.6441,-38.3042,LEU-101
-77.3698,136.199,ILE-102
-148.714,164.18,ARG-103
-123.699,162.74,VAL-104
-171.463,-179.869,GLU-105
63.0479,-1.34597,GLY-106
-97.3303,127.268,ASN-107
-59.4474,-29.7886,LEU-108
-138.755,95.9626,ARG-109
-149.834,139.941,VAL-110
-162.65,175.696,GLU-111
-107.326,148.505,TYR-112
-160.168,136.363,LEU-113
-60.7458,105.295,ASP-114
-62.5145,120.267,ASP-115
-55.7283,-28.0231,ARG-116
-84.2385,-40.9048,ASN-117
-127.782,-6.62665,THR-118
73.4366,30.0049,PHE-119
-99.6722,100.256,ARG-120
-54.3933,113.334,HIS-121
-156.76,155.43,SER-122
-67.8342,139.975,VAL-123
-126.993,146.125,VAL-124
-148.287,152.41,VAL-125
-79.3771,168.387,PRO-126
-86.379,127.073,TYR-127
-121.508,147.648,GLU-128
-85.3292,163.651,PRO-129
-48.918,142.095,PRO-130
-78.9968,167.422,GLU-131
-46.5489,107.326,VAL-132
97.5759,-16.5698,GLY-133
-71.5375,152.356,SER-134
-104.124,-7.16482,ASP-135
-138.26,179.763,CYS-136
-117.467,147.485,THR-137
-116.577,121.112,THR-138
-101.447,130.521,ILE-139
-104.203,150.171,HIS-140
-135.756,-170.044,TYR-141
-175.758,153.458,ASN-142
-150.647,132.239,TYR-143
-151.87,127.549,MET-144
171.678,161.631,CYS-145
-36.9841,157.096,ASN-146
-146.514,11.3825,SER-147
-95.8303,-11.6955,SER-148
-105.35,173.247,CYS-149
-69.5151,-38.1256,MET-150
88.9179,-129.136,GLY-151
-72.07,-169.212,GLY-152
-59.2924,-20.6415,ILE-153
-144.88,148.627,ASN-154
-70.0848,132.65,ARG-155
-159.526,161.247,ARG-156
-78.3571,173.05,PRO-157
-149.683,143.992,ILE-158
-126.185,130.169,LEU-159
-95.9611,130.66,THR-160
-111.611,110.033,ILE-161
-100.43,137.242,ILE-162
-136.434,161.471,THR-163
-125.008,128.5,LEU-164
-134.29,149.276,GLU-165
-51.3512,154.533,ASP-166
-63.8923,-16.5432,SER-167
-85.3161,-6.13226,SER-168
89.5398,3.84109,GLY-169
-77.1585,135.403,ASN-170
-74.3283,136.8,LEU-171
-133.055,-13.6021,LEU-172
-169.978,-173.482,GLY-173
-167.028,126.884,ARG-174
-144.215,113.56,ASN-175
-119.227,146.185,SER-176
-148.722,156.948,PHE-177
-88.7482,138.035,GLU-178
-111.791,150.373,VAL-179
-143.662,115.269,ARG-180
-55.2561,135.585,VAL-181
-141.49,170.351,CYS-182
-95.1228,-43.6304,ALA-183
-131.547,84.8463,CYS-184
-76.5004,-10.3848,PRO-185
-74.6284,-39.1748,GLY-186
-68.5434,-44.6324,ARG-187
-68.4877,-41.8376,ASP-188
-39.4985,-63.7652,ARG-189
-53.9453,-40.2725,ARG-190
-57.0366,-49.078,THR-191
-82.841,-39.9163,GLU-192
-69.0998,-27.0197,GLU-193
-68.1521,-6.82253,GLU-194
-74.5795,-26.5546,ASN-195
-83.4449,160.286,LEU-196
-77.3336,-51.7751,ARG-197
-59.6119,141.608,LYS-198
-78.0947,95.6387,LYS-199
-64.1595,172.259,GLY-200
-55.4732,149.126,GLU-201
-66.9829,151.43,PRO-202
-135.493,167.826,HIS-203
-56.2939,133.273,HIS-204
-69.4508,-28.3145,GLU-205
-81.8586,-33.6904,LEU-206
-41.7253,154.87,PRO-207
-81.7225,-172.646,PRO-208
-96.1539,-138.033,GLY-209
178.059,-164.293,SER-210
-100.4,154.32,THR-211
-82.3963,147.529,LYS-212
68.6808,169.164,ARG-213
-78.1977,172.155,ALA-214
-86.0374,-27.0913,LEU-215
-83.9654,149.024,PRO-216
-75.4648,-4.05106,ASN-217
-48.171,151.244,ASN-218
-102.394,38.685,SER-2
-60.3373,126.425,SER-3
-60.0136,128.514,VAL-4
-73.6046,139.797,PRO-5
-83.1362,158.677,SER-6
-96.4227,-15.0114,GLN-7
-46.9017,138.957,LYS-8
-91.9981,125.85,THR-9
-151.902,144.216,TYR-10
-93.6303,-23.9414,GLN-11
71.614,-141.702,GLY-12
-87.2133,-10.4114,SER-13
-108.364,-24.5196,TYR-14
85.5658,26.2762,GLY-15
-58.5285,116.773,PHE-16
-155.846,162.278,ARG-17
-112.143,167.906,LEU-18
-147.47,178.933,GLY-19
-140.353,133.139,PHE-20
-84.3617,101.985,LEU-21
-74.6867,133.304,HIS-22
-138.73,4.2791,SER-23
131.274,-151.563,GLY-24
-134.136,10.1898,THR-25
-73.9309,175.263,ALA-26
-62.2587,-32.2061,LYS-27
-85.9508,-5.16524,SER-28
-66.6867,130.16,VAL-29
-74.2306,-30.3858,THR-30
-165.724,151.812,CYS-31
-150.726,148.666,THR-32
-132.824,127.747,TYR-33
-97.4897,93.2565,SER-34
-47.3501,-43.0348,PRO-35
-59.6049,-26.9231,ALA-36
-97.6589,-15.6908,LEU-37
48.0435,51.834,ASN-38
-132.11,115.632,LYS-39
-82.8653,146.463,MET-40
-115.675,109.611,PHE-41
-106.341,137.573,CYS-42
-73.9785,132.648,GLN-43
-52.6544,126.233,LEU-44
61.312,-3.62057,ALA-45
-79.7598,151.329,LYS-46
-73.5201,120.197,THR-47
-101.782,102.718,CYS-48
-68.7005,121.952,PRO-49
-113.817,154.975,VAL-50
-127.856,144.116,GLN-51
-139.596,138.026,LEU-52
-118.591,148.27,TRP-53
-144.949,76.1978,VAL-54
-54.2086,-39.4873,ASP-55
-81.9413,-24.5622,SER-56
108.072,139.66,THR-57
-86.8552,161.68,PRO-58
-68.8817,149.964,PRO-59
-63.3422,133.706,PRO-60
108.237,-24.2528,GLY-61
-69.1143,156.666,THR-62
-141.237,135.731,ARG-63
-68.7534,137.326,VAL-64
-133.704,155.183,ARG-65
-143.067,131.5,ALA-66
-135.356,173.439,MET-67
-156.066,116.192,ALA-68
-102.05,145.412,ILE-69
-99.502,120.859,TYR-70
-131.387,140.969,LYS-71
-131.989,-172.272,GLN-72
-53.6599,-28.9982,SER-73
-152.339,0.837725,GLN-74
-122.517,115.397,HIS-75
-129.244,-17.5608,MET-76
-77.2084,70.0046,THR-77
-165.312,154.955,GLU-78
-119.707,153.813,VAL-79
-69.9155,128.696,VAL-80
-144.468,161.653,ARG-81
-65.8236,160.137,ARG-82
-60.1019,148.066,CYS-83
-65.3969,-17.2969,PRO-84
-86.8159,-20.9168,HIS-85
-105.282,-11.5677,HIS-86
-82.2668,19.4625,GLU-87
-166.316,12.0452,ARG-88
-84.7514,162.288,CYS-89
-61.0518,-27.0188,SER-90
-76.6388,-12.7805,ASP-91
-102.717,6.29265,SER-92
-103.052,149.866,ASP-93
147.523,-129.493,GLY-94
-71.0802,-46.0072,LEU-95
-76.1217,137.878,ALA-96
-59.6803,134.141,PRO-97
-49.6489,-26.9872,PRO-98
-59.3057,-47.0155,GLN-99
-57.7579,126.985,HIS-100
-86.5147,-42.3344,LEU-101
-77.391,133.127,ILE-102
-150.6,149.917,ARG-103
-102.43,153.91,VAL-104
-143.271,166.486,GLU-105
95.8033,-29.9239,GLY-106
-81.4274,123.42,ASN-107
-69.0139,-8.1846,LEU-108
-134.8,22.2849,ARG-109
-51.8719,129.166,VAL-110
-150.304,162.426,GLU-111
-105.105,146.23,TYR-112
-149.587,147.591,LEU-113
-72.6114,119.842,ASP-114
-82.6872,119.413,ASP-115
-50.1561,-38.279,ARG-116
-74.7297,-36.6914,ASN-117
-141.547,0.432244,THR-118
82.0253,-20.2757,PHE-119
-65.0928,106.391,ARG-120
-61.7517,133.874,HIS-121
-173.527,155.655,SER-122
-76.2774,117.018,VAL-123
-108.62,129.217,VAL-124
-113.258,137.489,VAL-125
-55.9915,134.461,PRO-126
-56.1454,131.235,TYR-127
-120.05,120.499,GLU-128
-51.7198,162.906,PRO-129
-68.8614,152.633,PRO-130
-59.1105,153.948,GLU-131
-70.6487,129.848,VAL-132
83.374,-10.9838,GLY-133
-88.1628,138.136,SER-134
-64.3955,-32.4794,ASP-135
-151.182,-175.12,CYS-136
-87.8556,142.483,THR-137
-110.896,138.587,THR-138
-123.396,123.102,ILE-139
-98.8586,123.179,HIS-140
-113.503,157.966,TYR-141
-145.619,142.453,ASN-142
-137.47,132.876,TYR-143
-139.906,132.516,MET-144
172.245,152.307,CYS-145
-67.2357,164.934,ASN-146
-125.738,-45.5082,SER-147
-80.4879,-3.69808,SER-148
-54.9431,164.899,CYS-149
-68.0185,-36.9876,MET-150
93.8308,-152.827,GLY-151
-68.0966,-159.356,GLY-152
-56.1652,-31.9169,ILE-153
-156.178,156.488,ASN-154
-72.1222,139.163,ARG-155
-154.315,169.507,ARG-156
-82.4821,172.78,PRO-157
-141.831,144.424,ILE-158
-120.666,139.946,LEU-159
-91.9716,143.407,THR-160
-116.237,105.377,ILE-161
-100.51,123.098,ILE-162
-137.657,161.723,THR-163
-123.697,134.173,LEU-164
-129,165.611,GLU-165
-75.3603,177.888,ASP-166
-67.7985,-32.7723,SER-167
-61.5374,-14.6264,SER-168
72.2514,28.7571,GLY-169
-83.1748,129.632,ASN-170
-85.8842,128.231,LEU-171
-118.814,-33.4294,LEU-172
-152.386,164.735,GLY-173
-150.995,149.089,ARG-174
-148.625,157.58,ASN-175
-138.88,148.102,SER-176
-135.11,146.484,PHE-177
-81.3755,123.343,GLU-178
-85.1674,153.745,VAL-179
-150.221,115.599,ARG-180
-90.6897,126.436,VAL-181
-131.194,154.278,CYS-182
-78.9527,-70.5744,ALA-183
-92.6281,86.8053,CYS-184
-57.4128,-40.6248,PRO-185
-71.2469,-31.153,GLY-186
-54.3254,-43.4324,ARG-187
-90.495,-32.3143,ASP-188
-49.8127,-54.8917,ARG-189
-58.7564,-42.8035,ARG-190
-45.6759,-67.1574,THR-191
-65.6063,-35.7488,GLU-192
-85.146,-31.8499,GLU-193
-61.8952,-10.0935,GLU-194
-70.3653,-30.0994,ASN-195
-65.8335,155.835,LEU-196
-74.7792,-38.7371,ARG-197
-57.4016,149.364,LYS-198
-75.8591,128.814,LYS-199
-100.471,-148.55,GLY-200
-93.6773,153.121,GLU-201
-91.4998,165.782,PRO-202
-149.509,163.814,HIS-203
-66.0328,142.336,HIS-204
-75.3915,-27.0252,GLU-205
-103.481,-13.2782,LEU-206
-95.1043,161.465,PRO-207
-62.9514,164.981,PRO-208
-77.8075,-171.845,GLY-209
-176.168,-164.846,SER-210
-98.5744,148.257,THR-211
-87.3068,135.606,LYS-212
64.5438,177.954,ARG-213
-101.438,174.603,ALA-214
-69.5631,-46.0477,LEU-215
-58.9219,133.043,PRO-216
-66.052,-4.71647,ASN-217
-38.4996,150.639,ASN-218
-141.094,1.15615,SER-2
-73.3147,138.515,SER-3
-52.9614,127.011,VAL-4
-39.6192,127.132,PRO-5
-73.6057,142.298,SER-6
-99.9783,-19.4662,GLN-7
-43.2515,116.689,LYS-8
-72.2435,148.44,THR-9
-171.431,138.625,TYR-10
-84.9908,-16.0262,GLN-11
83.5972,-150.813,GLY-12
-100.022,7.78979,SER-13
-119.922,-16.0337,TYR-14
93.8624,28.4264,GLY-15
-72.8867,132.135,PHE-16
-165.368,169.64,ARG-17
-116.387,145.978,LEU-18
-107.022,162.625,GLY-19
-142.706,157.36,PHE-20
-127.923,156.292,LEU-21
-139.641,143.367,HIS-22
-139.43,0.0798014,SER-23
109.871,-165.374,GLY-24
-128.4,21.7382,THR-25
-78.3476,163.012,ALA-26
-62.2739,-20.8469,LYS-27
-84.824,8.49013,SER-28
-90.2976,115.51,VAL-29
-79.3242,-16.8294,THR-30
-167.308,151.23,CYS-31
-164.911,149.36,THR-32
-129.432,130.974,TYR-33
-105.874,97.5623,SER-34
-61.1489,-36.9418,PRO-35
-75.1768,-4.33104,ALA-36
-116.485,2.32657,LEU-37
48.0372,17.6929,ASN-38
-103.034,133.846,LYS-39
-101.916,143.371,MET-40
-107.261,120.883,PHE-41
-121.97,146.813,CYS-42
-88.9326,130.843,GLN-43
-48.4793,132.775,LEU-44
53.2454,12.1283,ALA-45
-90.0888,150.209,LYS-46
-61.6213,135.223,THR-47
-133.302,100.648,CYS-48
-74.2781,136.545,PRO-49
-141.661,150.502,VAL-50
-124.873,165.291,GLN-51
-134.358,139.49,LEU-52
-120.419,137.875,TRP-53
-131.53,87.5548,VAL-54
-73.0183,-30.1491,ASP-55
-97.2416,8.36166,SER-56
74.5221,148.971,THR-57
-83.8396,157.695,PRO-58
-59.4363,151.344,PRO-59
-64.2248,152.509,PRO-60
85.8482,13.9792,GLY-61
-74.4838,158.226,THR-62
-144.07,135.239,ARG-63
-91.1754,124.289,VAL-64
-114.928,148.208,ARG-65
-122.259,135.239,ALA-66
-142.118,-169.876,MET-67
177.331,96.9708,ALA-68
-94.571,163.973,ILE-69
-122.856,132.927,TYR-70
-128.349,153.783,LYS-71
-152.315,-157.051,GLN-72
-63.3286,-27.6694,SER-73
-161.258,-29.9598,GLN-74
-65.5581,111.417,HIS-75
-140.481,-22.6378,MET-76
-79.8694,78.1043,THR-77
-162.836,160.433,GLU-78
-112.186,156.848,VAL-79
-61.5035,131.753,VAL-80
-154.809,159.64,ARG-81
-67.3523,159.732,ARG-82
-48.8572,143.381,CYS-83
-57.113,-25.5825,PRO-84
-97.1067,21.5269,HIS-85
-145.733,-25.4007,HIS-86
-66.9084,9.1093,GLU-87
-142.84,-27.7819,ARG-88
-52.3838,157.311,CYS-89
-62.7005,-20.2563,SER-90
-66.6347,-17.2566,ASP-91
-109.143,-38.1051,SER-92
-70.6716,128.638,ASP-93
-172.754,-142.452,GLY-94
-59.1102,-34.5255,LEU-95
-74.3362,136.177,ALA-96
-55.833,136.106,PRO-97
-67.1221,-26.5333,PRO-98
-58.9049,-54.0774,GLN-99
-47.8462,132.53,HIS-100
-100.24,-35.9463,LEU-101
-84.9992,120.935,ILE-102
-135.705,148.548,ARG-103
-100.815,148.921,VAL-104
-152.988,-176.063,GLU-105
70.3291,-23.9085,GLY-106
-72.0129,140.048,ASN-107
-78.881,-15.231,LEU-108
-133.785,24.969,ARG-109
-82.0099,137.305,VAL-110
-154.676,145.166,GLU-111
-79.5098,143.745,TYR-112
-147.577,160.076,LEU-113
-54.0104,137.606,ASP-114
-92.5153,121.504,ASP-115
-53.2151,-44.7434,ARG-116
-82.7117,-31.52,ASN-117
-122.746,-14.7507,THR-118
78.0037,11.348,PHE-119
-92.5872,99.2711,ARG-120
-56.6388,127.176,HIS-121
-162.524,158.835,SER-122
-72.0134,133.753,VAL-123
-112.553,151.647,VAL-124
-137.787,144.657,VAL-125
-67.0078,139.947,PRO-126
-61.2494,131.541,TYR-127
-130.805,153.083,GLU-128
-81.9659,165.455,PRO-129
-69.3466,153.175,PRO-130
-67.6402,166.429,GLU-131
-63.8474,131.549,VAL-132
91.7241,-11.8224,GLY-133
-97.0195,154.856,SER-134
-112.041,-6.4747,ASP-135
-138.498,153.327,CYS-136
-95.1811,134.693,THR-137
-100.003,118.752,THR-138
-95.8846,132.937,ILE-139
-98.1479,101.078,HIS-140
-85.4791,171.407,TYR-141
-152.342,150.495,ASN-142
-145.721,142.96,TYR-143
-147.108,124.301,MET-144
179.812,177.428,CYS-145
-88.3477,153.62,ASN-146
-134.52,-16.9431,SER-147
-107.997,-3.23554,SER-148
-77.3117,175.767,CYS-149
-91.1759,-27.1251,MET-150
97.2979,-158.386,GLY-151
-80.8681,-178.2,GLY-152
-54.6726,-24.7225,ILE-153
-128.88,151.487,ASN-154
-70.2534,141.183,ARG-155
-157.639,172.865,ARG-156
-91.9508,166.125,PRO-157
-162.209,138.395,ILE-158
-118.416,152.452,LEU-159
-99.2173,155.726,THR-160
-130.226,117.086,ILE-161
-117.321,132.015,ILE-162
-138.559,164.806,THR-163
-104.831,138.135,LEU-164
-138.556,153.953,GLU-165
-76.3486,165.47,ASP-166
-68.2745,-16.0666,SER-167
-83.8508,-13.1168,SER-168
88.9221,34.6695,GLY-169
-102.939,142.17,ASN-170
-85.8023,128.388,LEU-171
-113.149,-37.0144,LEU-172
-148.247,158.277,GLY-173
-152.109,150.291,ARG-174
-155.587,134.861,ASN-175
-136.387,149.358,SER-176
-149.996,151.97,PHE-177
-72.4351,136.452,GLU-178
-115.971,164.116,VAL-179
-163.144,123.942,ARG-180
-78.6982,124.368,VAL-181
-125.59,163.862,CYS-182
-95.0057,-30.2882,ALA-183
-126.047,72.5481,CYS-184
-62.9778,-30.1551,PRO-185
-70.6269,-33.875,GLY-186
-73.7104,-46.3385,ARG-187
-67.2308,-32.2712,ASP-188
-56.9592,-58.3753,ARG-189
-55.6695,-49.6865,ARG-190
-41.0348,-43.8883,THR-191
-87.8315,-45.8215,GLU-192
-75.4823,-23.977,GLU-193
-64.9358,-12.4785,GLU-194
-74.9052,-21.5971,ASN-195
-100.503,132.455,LEU-196
-63.8271,-37.8959,ARG-197
-48.1331,109.286,LYS-198
-69.8392,88.8947,LYS-199
-52.8859,-167.201,GLY-200
-71.5179,141.785,GLU-201
-72.2531,154.391,PRO-202
-131.17,154.369,HIS-203
-58.1345,150.831,HIS-204
-118.464,-6.34935,GLU-205
-81.4851,-22.8483,LEU-206
-59.909,161.612,PRO-207
-76.7198,175.879,PRO-208
-95.585,-147.573,GLY-209
-172.069,174.797,SER-210
-80.476,161.204,THR-211
-90.0093,135.638,LYS-212
73.3081,163.128,ARG-213
-73.6084,172.348,ALA-214
-80.0109,-36.4314,LEU-215
-56.0902,145.293,PRO-216
-82.196,7.87439,ASN-217
-58.986,146.93,ASN-218
-127.741,21.0684,SER-2
-53.1049,161.161,SER-3
-71.9153,132.627,VAL-4
-56.3086,133.625,PRO-5
-85.956,138.774,SER-6
-95.8329,-9.1747,GLN-7
-64.0112,124.583,LYS-8
-84.0606,143.735,THR-9
-166.214,151.15,TYR-10
-97.3548,-15.8307,GLN-11
61.3257,-167.56,GLY-12
-73.5637,6.73936,SER-13
-100.437,-25.0259,TYR-14
81.9982,16.9565,GLY-15
-67.6302,95.47,PHE-16
-138.857,149.44,ARG-17
-99.3738,161.591,LEU-18
-135.611,134.138,GLY-19
-105.365,134.51,PHE-20
-87.2477,143.391,LEU-21
-120.788,127.351,HIS-22
-106.321,-20.0999,SER-23
108.551,-141.171,GLY-24
-123.821,7.77319,THR-25
-68.3967,159.838,ALA-26
-66.937,-19.6313,LYS-27
-71.9916,-14.4345,SER-28
-73.2855,141.371,VAL-29
-76.8728,-37.4954,THR-30
-170.983,168.604,CYS-31
-171.666,140.154,THR-32
-128.295,124.125,TYR-33
-86.4255,117.145,SER-34
-83.9448,-12.0773,PRO-35
-84.3536,-15.6503,ALA-36
-105.004,-16.809,LEU-37
67.4598,27.8126,ASN-38
-118.722,128.934,LYS-39
-114.321,121.657,MET-40
-89.0765,147.961,PHE-41
-146.324,154.067,CYS-42
-78.7671,129.343,GLN-43
-47.6582,117.304,LEU-44
73.22,-6.29293,ALA-45
-79.2109,160.867,LYS-46
-78.5735,129.257,THR-47
-109.15,102.755,CYS-48
-87.3978,136.465,PRO-49
-146.19,133.187,VAL-50
-77.9429,143.737,GLN-51
-123.951,125.303,LEU-52
-111.694,146.752,TRP-53
-133.289,68.6723,VAL-54
-69.3598,-25.4095,ASP-55
-95.8657,-5.71833,SER-56
98.559,150.889,THR-57
-99.8655,178.087,PRO-58
-61.9296,160.875,PRO-59
-69.9164,141.142,PRO-60
85.0528,26.3936,GLY-61
-83.1677,164.228,THR-62
-138.588,139.885,ARG-63
-84.6699,121.497,VAL-64
-103.837,119.883,ARG-65
-105.7,133.945,ALA-66
-148.626,-171.69,MET-67
-169.256,126.009,ALA-68
-99.9949,147.352,ILE-69
-88.1979,129.594,TYR-70
-135.105,145.226,LYS-71
-130.999,-148.143,GLN-72
-87.4986,-13.4256,SER-73
-145.108,-23.2128,GLN-74
-91.717,135.162,HIS-75
-157.335,-23.3805,MET-76
-73.295,74.0414,THR-77
-163.292,158.173,GLU-78
-122.471,166.871,VAL-79
-82.3247,129.242,VAL-80
-132.267,168.981,ARG-81
-65.2768,155.647,ARG-82
-54.1532,151.039,CYS-83
-33.0551,-52.1556,PRO-84
-65.2223,-13.2266,HIS-85
-130.676,-14.7638,HIS-86
-66.3255,13.2405,GLU-87
-157.977,-23.3962,ARG-88
-42.1057,148.349,CYS-89
-59.5859,-18.5548,SER-90
-67.3949,-35.1642,ASP-91
-86.1121,-27.7107,SER-92
-77.3988,145.258,ASP-93
175.168,-145.442,GLY-94
-63.3221,-47.2364,LEU-95
-75.4652,132.52,ALA-96
-61.4016,141.787,PRO-97
-59.7213,-32.421,PRO-98
-60.6341,-49.8388,GLN-99
-52.2961,129.043,HIS-100
-93.9932,-41.4872,LEU-101
-76.5604,115.98,ILE-102
-132.698,165.037,ARG-103
-134.62,150.261,VAL-104
-148.284,-177.299,GLU-105
67.5184,-42.2539,GLY-106
-59.1397,115.768,ASN-107
-57.1509,-27.3709,LEU-108
-115.19,29.5603,ARG-109
-61.6036,128.556,VAL-110
-154.634,162.021,GLU-111
-91.6053,149.789,TYR-112
-154.506,157.327,LEU-113
-62.2657,159.752,ASP-114
-102.009,128.596,ASP-115
-70.3128,-29.956,ARG-116
-87.1234,-43.4902,ASN-117
-116.818,-10.3667,THR-118
68.3298,42.9407,PHE-119
-113.003,108.866,ARG-120
-64.698,134.359,HIS-121
-171.679,154.443,SER-122
-78.5818,136.415,VAL-123
-135.667,135.597,VAL-124
-121.589,143.097,VAL-125
-62.8352,138.166,PRO-126
-84.8323,109.148,TYR-127
-103.123,161.107,GLU-128
-53.3211,159.926,PRO-129
-70.1816,135.064,PRO-130
-70.6629,154.818,GLU-131
-26.7197,121.267,VAL-132
108.289,-29.0119,GLY-133
-97.7884,148.58,SER-134
-86.1029,-10.7714,ASP-135
-152.169,143.722,CYS-136
-63.824,157.107,THR-137
-110.672,127.726,THR-138
-88.9369,145.18,ILE-139
-123.108,117.52,HIS-140
-114.41,-178.074,TYR-141
-167.775,152.78,ASN-142
-154.118,133.963,TYR-143
-144.977,98.166,MET-144
-145.42,154.841,CYS-145
-68.466,153.448,ASN-146
-127.027,-2.79586,SER-147
-106.678,-7.89899,SER-148
-69.8401,169.183,CYS-149
-76.7996,-15.1252,MET-150
83.6022,-178.581,GLY-151
-79.4797,-156.921,GLY-152
-47.7291,-32.404,ILE-153
-156.851,125.344,ASN-154
-56.9331,128.097,ARG-155
-166.105,158.13,ARG-156
-65.534,141.291,PRO-157
-130.556,138.361,ILE-158
-128.658,147.168,LEU-159
-103.815,141.731,THR-160
-110.036,115.284,ILE-161
-107.673,116.309,ILE-162
-118.623,162.297,THR-163
-115.84,132.728,LEU-164
-144.085,150.786,GLU-165
-63.4597,170.339,ASP-166
-66.9579,-38.2964,SER-167
-80.4114,24.9623,SER-168
66.4339,4.8187,GLY-169
-65.4986,124.885,ASN-170
-58.0285,153.258,LEU-171
-150.232,-61.7397,LEU-172
-128.504,175.328,GLY-173
-162.47,150.429,ARG-174
-147.033,138.382,ASN-175
-135.803,156.834,SER-176
-142.869,155.542,PHE-177
-79.3685,140.895,GLU-178
-121.985,136.874,VAL-179
-148.511,119.38,ARG-180
-77.3113,138.953,VAL-181
-141.334,164.403,CYS-182
-91.9042,-41.3252,ALA-183
-106.528,74.4474,CYS-184
-56.1865,-40.5151,PRO-185
-60.4496,-34.684,GLY-186
-76.35,-41.4283,ARG-187
-64.1779,-39.0334,ASP-188
-48.7987,-60.9582,ARG-189
-54.0686,-33.8453,ARG-190
-67.4409,-27.7269,THR-191
-105.781,-41.207,GLU-192
-61.363,-24.924,GLU-193
-77.2045,10.4988,GLU-194
-75.2725,-16.7721,ASN-195
-88.9427,157.317,LEU-196
-91.7985,-43.7849,ARG-197
-47.2198,115.399,LYS-198
-74.262,110.352,LYS-199
-68.0533,-172.675,GLY-200
-99.7305,163.302,GLU-201
-79.9667,175.984,PRO-202
-172.75,151.863,HIS-203
-41.1565,113.791,HIS-204
-86.6961,-21.5374,GLU-205
-77.9378,-31.7141,LEU-206
-90.4583,177.114,PRO-207
-75.6242,-177.943,PRO-208
-114.979,-122.475,GLY-209
-174.007,169.478,SER-210
-64.4027,156.87,THR-211
-87.3424,129.395,LYS-212
85.6869,153.527,ARG-213
-69.6235,178.612,ALA-214
-86.6709,-25.6856,LEU-215
-81.3121,157.879,PRO-216
-83.622,9.51967,ASN-217
-56.9036,145.218,ASN-218
-111.495,22.2176,SER-2
-65.6848,171.981,SER-3
-93.7393,130.996,VAL-4
-60.1787,128.538,PRO-5
-82.7272,143.057,SER-6
-81.9872,-18.4205,GLN-7
-66.5852,117.575,LYS-8
-75.5979,143.044,THR-9
-166.152,152.809,TYR-10
-93.574,-10.5766,GLN-11
75.6088,-161.868,GLY-12
-78.8479,-5.93968,SER-13
-101.079,-16.3477,TYR-14
96.6949,15.1822,GLY-15
-57.7966,109.334,PHE-16
-150.485,140.464,ARG-17
-82.8906,155.002,LEU-18
-131.724,159.644,GLY-19
-118.607,157.19,PHE-20
-114.943,-175.293,LEU-21
-158.59,126.169,HIS-22
-118.42,2.37667,SER-23
104.195,-153.73,GLY-24
-120.946,19.523,THR-25
-89.9481,171.3,ALA-26
-70.971,-17.2128,LYS-27
-71.8245,-12.4283,SER-28
-69.2816,119.517,VAL-29
-64.2859,-40.1277,THR-30
-169.187,164.9,CYS-31
-153.842,172.698,THR-32
-143.882,145.655,TYR-33
-120.895,110.803,SER-34
-61.5828,-43.2015,PRO-35
-53.043,-40.3462,ALA-36
-89.6013,-20.9101,LEU-37
49.2028,35.2663,ASN-38
-113.549,129.241,LYS-39
-106.304,123.142,MET-40
-104.486,116.889,PHE-41
-115.887,132.643,CYS-42
-71.2267,137.962,GLN-43
-56.573,118.382,LEU-44
69.3521,-7.09795,ALA-45
-73.1027,154.362,LYS-46
-74.409,109.238,THR-47
-96.7143,98.7643,CYS-48
-78.2908,122.203,PRO-49
-121.491,125.562,VAL-50
-97.1908,166.935,GLN-51
-165.46,136.587,LEU-52
-120.193,152.912,TRP-53
-131.659,73.0565,VAL-54
-74.2083,-26.3785,ASP-55
-86.4737,-0.484951,SER-56
88.4971,129.51,THR-57
-67.3856,164.985,PRO-58
-44.197,169.851,PRO-59
-72.3408,145.595,PRO-60
86.9714,21.5658,GLY-61
-85.3152,153.586,THR-62
-132.251,152.964,ARG-63
-109.55,116.063,VAL-64
-101.703,137.391,ARG-65
-121.738,133.809,ALA-66
-142.891,-178.633,MET-67
-170.613,100.508,ALA-68
-88.0201,150.946,ILE-69
-102.556,122.424,TYR-70
-121.963,150.324,LYS-71
-130.419,-159.86,GLN-72
-54.9501,-43.0978,SER-73
-140.053,-14.8031,GLN-74
-91.3494,127.091,HIS-75
-146.569,9.18656,MET-76
-105.4,79.3621,THR-77
-177.447,161.711,GLU-78
-126.049,146.697,VAL-79
-64.3568,126.066,VAL-80
-143.796,164.732,ARG-81
-68.9232,159.197,ARG-82
-55.5111,157.287,CYS-83
-46.6422,-44.2602,PRO-84
-71.232,-13.4832,HIS-85
-125.886,3.78832,HIS-86
-81.1044,-16.967,GLU-87
-129.231,-6.66819,ARG-88
-94.3545,170.568,CYS-89
-61.9068,-19.3954,SER-90
-83.9211,14.9632,ASP-91
-142.175,-27.4272,SER-92
-80.6515,119.922,ASP-93
-147.677,-129.11,GLY-94
-61.9578,-47.0233,LEU-95
-73.0034,146.144,ALA-96
-51.3907,143.529,PRO-97
-71.6055,-28.7184,PRO-98
-59.6651,-35.9248,GLN-99
-73.7948,134.281,HIS-100
-91.5205,-43.4965,LEU-101
-75.1231,122.89,ILE-102
-137.7,144.969,ARG-103
-113.544,159.527,VAL-104
-160.354,-159.337,GLU-105
68.3765,-39.1061,GLY-106
-85.599,138.688,ASN-107
-68.5043,-58.6532,LEU-108
-78.8398,76.5516,ARG-109
-111.951,140.323,VAL-110
-160.655,168.217,GLU-111
-106.941,137.673,TYR-112
-146.23,167.627,LEU-113
-87.7955,139.05,ASP-114
-82.543,121.733,ASP-115
-61.7495,-45.4942,ARG-116
-70.1646,-19.4583,ASN-117
-140.511,-12.086,THR-118
63.6334,45.0019,PHE-119
-108.163,113.443,ARG-120
-62.4176,129.164,HIS-121
-177.788,156.976,SER-122
-75.398,142.156,VAL-123
-138.945,125.803,VAL-124
-123.844,145.259,VAL-125
-75.8411,145.329,PRO-126
-66.0087,132.881,TYR-127
-148.824,162.359,GLU-128
-79.3968,160.247,PRO-129
-51.8007,141.696,PRO-130
-64.7904,153.933,GLU-131
-58.1134,130.232,VAL-132
85.5414,-0.0736737,GLY-133
-99.0441,146.956,SER-134
-75.5323,-36.3482,ASP-135
-123.169,163.861,CYS-136
-61.4384,147.505,THR-137
-121.371,142.68,THR-138
-113.235,137.721,ILE-139
-115.7,130.249,HIS-140
-122.951,-177.652,TYR-141
-166.247,141.382,ASN-142
-137.964,126.246,TYR-143
-125.259,116.672,MET-144
-165.732,166.706,CYS-145
-74.1534,139.628,ASN-146
-105.665,-33.5998,SER-147
-72.7158,6.59631,SER-148
-89.2738,175.252,CYS-149
-81.9313,-31.766,MET-150
91.6035,-160.149,GLY-151
-92.4265,-164.891,GLY-152
-64.8179,-28.9878,ILE-153
-145.961,150.221,ASN-154
-55.8804,148.122,ARG-155
179.491,177.698,ARG-156
-95.4614,164.754,PRO-157
-140.575,127.858,ILE-158
-96.8842,133.677,LEU-159
-93.2233,142.113,THR-160
-112.676,121.824,ILE-161
-110.759,135.842,ILE-162
-138.598,147.516,THR-163
-94.785,139.749,LEU-164
-142.477,154.18,GLU-165
-79.2626,167.213,ASP-166
-67.3948,-2.81914,SER-167
-112.607,12.4084,SER-168
66.3313,7.71622,GLY-169
-68.2602,126.611,ASN-170
-67.4939,142.37,LEU-171
-114.595,-55.9148,LEU-172
-141.104,158.41,GLY-173
-138.714,154.682,ARG-174
-169.069,125.013,ASN-175
-116.99,151.651,SER-176
-150.504,157.27,PHE-177
-94.3183,128.738,GLU-178
-87.3258,134.45,VAL-179
-144.404,108.425,ARG-180
-77.4878,144.958,VAL-181
-156.002,150.269,CYS-182
-91.8675,-37.4541,ALA-183
-119.281,79.1533,CYS-184
-61.1573,-16.5007,PRO-185
-82.1553,-42.514,GLY-186
-59.8661,-55.9004,ARG-187
-73.1408,-32.1299,ASP-188
-48.7659,-65.502,ARG-189
-49.3792,-52.9454,ARG-190
-42.3226,-55.2085,THR-191
-75.095,-46.6315,GLU-192
-68.4312,-22.3832,GLU-193
-74.1579,-28.0979,GLU-194
-53.3919,-20.7189,ASN-195
-80.9395,154.159,LEU-196
-72.135,-36.4639,ARG-197
-47.6956,145.302,LYS-198
-62.7184,126.89,LYS-199
-85.5678,148.001,GLY-200
-49.6381,137.128,GLU-201
-77.0559,177.982,PRO-202
-157.316,163.588,HIS-203
-48.2749,126.599,HIS-204
-95.1684,-20.4782,GLU-205
-63.7166,-60.2373,LEU-206
-68.6332,144.204,PRO-207
-61.5437,155.397,PRO-208
-89.7414,-142.484,GLY-209
-177.081,-179.894,SER-210
-104.839,161.559,THR-211
-82.9478,143.542,LYS-212
71.2222,161.733,ARG-213
-71.5901,172.002,ALA-214
-81.8371,-29.9924,LEU-215
-90.6358,170.454,PRO-216
-80.9337,9.96344,ASN-217
-57.9448,141.302,ASN-218
-126.176,43.7985,SER-2
-76.4313,171.331,SER-3
-61.4547,135.161,VAL-4
-77.526,117.382,PRO-5
-64.4158,145.737,SER-6
-99.8742,-9.77266,GLN-7
-62.8913,132.033,LYS-8
-81.1696,130.966,THR-9
-171.147,138.111,TYR-10
-77.4978,-20.8767,GLN-11
70.5945,-173.065,GLY-12
-69.6253,-2.63384,SER-13
-102.648,-33.6175,TYR-14
102.806,23.7633,GLY-15
-59.1327,114.738,PHE-16
-154.351,143.385,ARG-17
-97.4455,166.493,LEU-18
-149.784,111.725,GLY-19
-80.1248,156.884,PHE-20
-108.503,156.464,LEU-21
-140.257,142.991,HIS-22
-143,1.19518,SER-23
148.168,-153.74,GLY-24
-132.814,-14.2456,THR-25
-72.14,165.192,ALA-26
-45.9509,-29.4871,LYS-27
-73.2257,-23.3843,SER-28
-56.6298,134.478,VAL-29
-92.0948,-36.8811,THR-30
-160.859,155,CYS-31
-160.329,154.958,THR-32
-138.927,135.169,TYR-33
-106.454,105.213,SER-34
-51.9871,-36.5565,PRO-35
-74.8515,-20.0673,ALA-36
-110.814,-2.77669,LEU-37
38.7041,34.617,ASN-38
-121.21,130.573,LYS-39
-96.9831,111.183,MET-40
-95.8639,120.072,PHE-41
-127.067,144.539,CYS-42
-90.3863,123.695,GLN-43
-58.9125,133.82,LEU-44
73.6063,-6.26758,ALA-45
-89.9206,155.674,LYS-46
-64.2871,104.542,THR-47
-106.698,97.7218,CYS-48
-73.1312,148.185,PRO-49
-139.798,129.333,VAL-50
-78.3264,135.968,GLN-51
-121.745,129.279,LEU-52
-121.972,144.506,TRP-53
-114.028,83.3017,VAL-54
-75.6874,-20.2051,ASP-55
-101.654,-1.93717,SER-56
102.512,141.17,THR-57
-76.7213,149.914,PRO-58
-74.5592,171.483,PRO-59
-54.2307,145.526,PRO-60
73.7178,17.2332,GLY-61
-59.1317,153.218,THR-62
-122.58,153.252,ARG-63
-100.683,139.254,VAL-64
-133.042,148.839,ARG-65
-136.272,141.163,ALA-66
-151.099,162.257,MET-67
-149.493,105.065,ALA-68
-86.0764,159.383,ILE-69
-99.7923,89.3977,TYR-70
-74.473,134.312,LYS-71
-134.775,-178.775,GLN-72
-38.5281,-44.652,SER-73
-138.261,-33.0104,GLN-74
-74.1383,128.132,HIS-75
-141.905,-10.8258,MET-76
-81.8349,70.9433,THR-77
-150.074,153.168,GLU-78
-101.347,149.99,VAL-79
-54.5773,133.409,VAL-80
-143.533,149.131,ARG-81
-44.2366,142.235,ARG-82
-41.9858,143.539,CYS-83
-48.2074,-32.975,PRO-84
-85.8197,-7.46848,HIS-85
-128.864,-11.8086,HIS-86
-63.8206,0.575667,GLU-87
-150.372,0.275222,ARG-88
-77.6274,163.569,CYS-89
-58.8154,-20.2918,SER-90
-74.6989,-20.0196,ASP-91
-104.756,-24.6074,SER-92
-82.5178,138.777,ASP-93
-178.233,-114.83,GLY-94
-68.1904,-50.6452,LEU-95
-75.7354,156.063,ALA-96
-62.2627,143.114,PRO-97
-57.9303,-35.8914,PRO-98
-64.3982,-25.644,GLN-99
-82.3953,129.581,HIS-100
-96.461,-44.701,LEU-101
-67.6987,119.928,ILE-102
-134.618,163.47,ARG-103
-141.433,149.62,VAL-104
-139.788,-174.87,GLU-105
76.1762,-49.3948,GLY-106
-75.9236,125.975,ASN-107
-86.2841,11.4498,LEU-108
-135.65,20.8502,ARG-109
-63.2002,146.229,VAL-110
-156.377,177.188,GLU-111
-112.144,141.035,TYR-112
-147.445,160.476,LEU-113
-78.4753,153.26,ASP-114
-100.663,127.361,ASP-115
-74.4005,-10.048,ARG-116
-87.248,-29.2115,ASN-117
-139.133,-2.67753,THR-118
40.3369,36.0128,PHE-119
-91.3018,106.594,ARG-120
-54.7354,119.664,HIS-121
-165.763,167.919,SER-122
-85.925,127.933,VAL-123
-121.772,138.257,VAL-124
-118.649,144.637,VAL-125
-57.2333,156.938,PRO-126
-93.5601,107.975,TYR-127
-83.1184,164.746,GLU-128
-91.7352,155.584,PRO-129
-53.168,143.568,PRO-130
-70.8889,173.258,GLU-131
-60.6213,123.867,VAL-132
96.7066,-26.3751,GLY-133
-68.0357,143.661,SER-134
-69.9979,-35.9715,ASP-135
-161.386,174.593,CYS-136
-58.1051,145.498,THR-137
-113.397,130.567,THR-138
-103.316,117.528,ILE-139
-94.4862,105.151,HIS-140
-79.379,164.838,TYR-141
-149.351,147.683,ASN-142
-135.502,164.969,TYR-143
-141.548,111.721,MET-144
-158.525,139.931,CYS-145
-53.1122,154.585,ASN-146
-129.349,4.06163,SER-147
-78.5974,-40.9995,SER-148
-61.2201,161.46,CYS-149
-72.7154,-39.3313,MET-150
108.283,-128.483,GLY-151
-98.4605,-149.22,GLY-152
-52.6819,-37.9895,ILE-153
-155.535,142.259,ASN-154
-71.1011,136.62,ARG-155
-155.151,172.202,ARG-156
-82.0979,152.069,PRO-157
-135.674,143.838,ILE-158
-133.497,131.704,LEU-159
-100.599,121.627,THR-160
-99.1676,125.661,ILE-161
-126.842,111.136,ILE-162
-132.169,140.124,THR-163
-94.9085,131.584,LEU-164
-129.38,137.94,GLU-165
-60.4721,158.57,ASP-166
-57.2093,-31.1936,SER-167
-80.4983,-4.46922,SER-168
116.353,-14.2594,GLY-169
-85.1739,107.753,ASN-170
-43.0675,141.038,LEU-171
-122.056,-42.2893,LEU-172
-175.33,136.574,GLY-173
-128.221,145.491,ARG-174
-124.803,160.403,ASN-175
-143.087,157.313,SER-176
-155.304,152.615,PHE-177
-67.229,125.247,GLU-178
-84.4984,147.667,VAL-179
-147.598,139.93,ARG-180
-102.371,121.544,VAL-181
-122.795,161.596,CYS-182
-77.8186,-53.326,ALA-183
-108.824,76.5789,CYS-184
-49.3324,-38.9328,PRO-185
-74.2807,-27.5757,GLY-186
-76.0877,-33.693,ARG-187
-71.1187,-33.296,ASP-188
-70.6856,-42.466,ARG-189
-59.9861,-45.1762,ARG-190
-45.547,-45.0853,THR-191
-89.0828,-21.4539,GLU-192
-83.3085,-32.6847,GLU-193
-68.4596,-16.8221,GLU-194
-77.7941,-23.2321,ASN-195
-82.534,157.863,LEU-196
-81.6467,-25.2655,ARG-197
-53.7016,164.394,LYS-198
-67.7166,144.606,LYS-199
-141.253,-162.363,GLY-200
-86.7766,140.936,GLU-201
-70.9954,164.514,PRO-202
-155.907,156.256,HIS-203
-53.4407,124.451,HIS-204
-68.1054,-30.3328,GLU-205
-73.9692,-35.1678,LEU-206
-54.3336,139.034,PRO-207
-74.4566,176.83,PRO-208
-110.566,-133.694,GLY-209
-178.055,-167.978,SER-210
-100.912,158.838,THR-211
-100.903,149.253,LYS-212
71.1694,152.665,ARG-213
-70.3704,170.837,ALA-214
-83.687,-29.6425,LEU-215
-79.3379,145.614,PRO-216
-70.8576,26.2904,ASN-217
-57.7814,141.417,ASN-218
-127.129,17.4908,SER-2
-58.796,153.459,SER-3
-65.6944,124.567,VAL-4
-55.5412,125.714,PRO-5
-63.6692,149.447,SER-6
-109.296,-5.1937,GLN-7
-66.1122,118.552,LYS-8
-78.5296,144.089,THR-9
-155.773,153.74,TYR-10
-88.6833,-42.4956,GLN-11
79.4599,-164.043,GLY-12
-55.6487,-24.7087,SER-13
-93.6805,-29.8436,TYR-14
87.385,28.7312,GLY-15
-64.3323,117.929,PHE-16
-163.385,145.748,ARG-17
-112.183,-176.063,LEU-18
-154.9,162.372,GLY-19
-141.074,112.843,PHE-20
-81.4829,174.033,LEU-21
-148.952,122.686,HIS-22
-122.246,8.62221,SER-23
112.356,-146.215,GLY-24
-141.36,9.02423,THR-25
-81.7497,167.45,ALA-26
-66.5517,-19.0437,LYS-27
-65.0973,-25.089,SER-28
-59.933,128.746,VAL-29
-69.5346,-52.4802,THR-30
-149.489,168.177,CYS-31
-151.681,167.996,THR-32
-146.324,153.743,TYR-33
-128.251,105.452,SER-34
-42.2708,-50.7856,PRO-35
-71.8524,-23.1533,ALA-36
-104.577,-6.65098,LEU-37
46.9552,42.3672,ASN-38
-122.661,128.073,LYS-39
-99.7637,144.027,MET-40
-115.803,137.944,PHE-41
-130.517,122.418,CYS-42
-77.4167,127.937,GLN-43
-56.4768,133.791,LEU-44
70.5789,-9.68202,ALA-45
-68.9476,151.306,LYS-46
-69.1543,111.43,THR-47
-104.548,92.8155,CYS-48
-68.9651,139.565,PRO-49
-134.371,107.889,VAL-50
-70.3188,155.212,GLN-51
-146.376,135.308,LEU-52
-128.84,149.017,TRP-53
-131.057,79.0507,VAL-54
-53.7415,-32.9129,ASP-55
-95.4843,3.10726,SER-56
77.0694,144.729,THR-57
-76.9087,148.179,PRO-58
-50.7127,164.067,PRO-59
-59.1522,146.043,PRO-60
62.5206,43.9392,GLY-61
-81.1765,153.048,THR-62
-98.7425,162.983,ARG-63
-114.14,149.379,VAL-64
-130.73,156.651,ARG-65
-140.421,134.88,ALA-66
-142.396,173.717,MET-67
-167.193,105.828,ALA-68
-109.622,158.791,ILE-69
-102.623,130.245,TYR-70
-130.028,149.816,LYS-71
-144.998,-169.328,GLN-72
-63.6643,-21.3576,SER-73
-149.15,-46.4896,GLN-74
-78.1432,140.651,HIS-75
-147.931,-17.0149,MET-76
-84.7512,66.4841,THR-77
-152.215,147.277,GLU-78
-107.109,141.152,VAL-79
-58.0081,123.501,VAL-80
-132.301,158.156,ARG-81
-51.874,149.115,ARG-82
-62.2892,161.548,CYS-83
-58.6647,-35.1165,PRO-84
-78.0637,-1.05243,HIS-85
-130.002,-12.9112,HIS-86
-73.1178,-13.0037,GLU-87
-154.743,89.9867,ARG-88
-164.186,161.809,CYS-89
-69.8492,-11.8456,SER-90
-72.9603,-11.6577,ASP-91
-128.625,-16.2072,SER-92
-88.1413,149.293,ASP-93
167.74,-130.004,GLY-94
-61.6726,-32.8432,LEU-95
-89.8857,138.744,ALA-96
-45.5811,148.729,PRO-97
-79.106,-23.3238,PRO-98
-59.5381,-33.2297,GLN-99
-67.5099,125.826,HIS-100
-105.091,-29.212,LEU-101
-86.9192,120.941,ILE-102
-136.581,145.835,ARG-103
-113.973,140.733,VAL-104
-141.017,177.201,GLU-105
82.5129,-38.1643,GLY-106
-73.3006,114.32,ASN-107
-64.7223,7.59861,LEU-108
-137.48,117.615,ARG-109
-154.344,134.799,VAL-110
-156.192,162.799,GLU-111
-89.6382,143.254,TYR-112
-152.991,150.82,LEU-113
-50.3372,166.836,ASP-114
-132.146,127.557,ASP-115
-60.0168,-24.2494,ARG-116
-77.0939,-30.8064,ASN-117
-136.507,-17.185,THR-118
65.4143,25.5448,PHE-119
-87.9557,104.604,ARG-120
-70.4342,122.578,HIS-121
-166.118,168.953,SER-122
-81.6428,126.223,VAL-123
-117.806,148.486,VAL-124
-146.759,153.139,VAL-125
-73.6547,139.615,PRO-126
-68.4288,123.467,TYR-127
-106.954,146.58,GLU-128
-67.2658,159.384,PRO-129
-53.2908,158.262,PRO-130
-91.0704,154.053,GLU-131
-59.6577,132.734,VAL-132
64.8915,1.51516,GLY-133
-87.0764,156.305,SER-134
-77.9671,-18.6611,ASP-135
-132.593,156.229,CYS-136
-89.0802,156.317,THR-137
-134.302,119.988,THR-138
-83.4338,142.608,ILE-139
-117.589,126.761,HIS-140
-103.88,168.106,TYR-141
-143.261,160.819,ASN-142
-148.458,144.329,TYR-143
-128.396,107.813,MET-144
-160.534,151.994,CYS-145
-75.9628,146.566,ASN-146
-117.373,-14.1468,SER-147
-91.1211,-26.8151,SER-148
-63.7165,168.76,CYS-149
-71.5011,-36.8952,MET-150
90.3073,-147.279,GLY-151
-74.3474,-167.149,GLY-152
-59.7768,-41.4564,ILE-153
-132.748,126.481,ASN-154
-56.9005,147.272,ARG-155
-168.487,-179.961,ARG-156
-89.8368,163.576,PRO-157
-146.493,138.185,ILE-158
-119.468,142.796,LEU-159
-99.5311,149.787,THR-160
-121.892,120.924,ILE-161
-114.286,129.95,ILE-162
-139.848,149.162,THR-163
-98.646,127.08,LEU-164
-130.823,141.089,GLU-165
-75.979,158.567,ASP-166
-65.7179,-23.8861,SER-167
-82.3592,5.42105,SER-168
81.3359,7.01849,GLY-169
-63.3696,140.977,ASN-170
-84.0361,119.949,LEU-171
-88.3871,-43.0194,LEU-172
-164.845,151.828,GLY-173
-133.398,139.399,ARG-174
-139.654,134.581,ASN-175
-134.057,136.225,SER-176
-146.29,147.128,PHE-177
-79.4774,129.007,GLU-178
-105.269,148.457,VAL-179
-144.69,129.686,ARG-180
-98.9527,130.938,VAL-181
-140.833,163.09,CYS-182
-115.982,-25.9918,ALA-183
-126.583,64.8608,CYS-184
-57.1377,-27.7473,PRO-185
-66.7369,-34.2019,GLY-186
-76.7122,-29.6825,ARG-187
-91.0399,-33.2592,ASP-188
-56.2248,-58.212,ARG-189
-51.5415,-43.2424,ARG-190
-49.9945,-61.4402,THR-191
-69.7312,-18.6169,GLU-192
-89.0705,-27.7358,GLU-193
-81.0422,-18.672,GLU-194
-61.6058,-15.9483,ASN-195
-82.2896,155.559,LEU-196
-87.7848,-33.8848,ARG-197
-53.8597,142.228,LYS-198
-49.8248,142.906,LYS-199
-117.916,174.919,GLY-200
-72.0564,145.376,GLU-201
-76.2893,144.576,PRO-202
-134.203,147.429,HIS-203
-40.5409,127.662,HIS-204
-94.0714,-17.3429,GLU-205
-57.8706,-54.6442,LEU-206
-56.3958,142.056,PRO-207
-68.8782,163.053,PRO-208
-92.3945,-139.67,GLY-209
-155.589,-155.765,SER-210
-109.096,174.504,THR-211
-114.491,132.587,LYS-212
75.3234,163.746,ARG-213
-73.9481,168.873,ALA-214
-77.8133,-31.5098,LEU-215
-56.9761,128.575,PRO-216
-71.41,7.11594,ASN-217
-51.44,148.35,ASN-218
-115.174,26.4868,SER-2
-47.9062,151.756,SER-3
-80.0944,122.368,VAL-4
-50.6098,127.188,PRO-5
-64.6361,154.136,SER-6
-123.168,-5.99951,GLN-7
-54.5902,141.583,LYS-8
-74.0785,146.796,THR-9
-157.689,141.809,TYR-10
-89.6102,-26.1119,GLN-11
81.5644,-173.655,GLY-12
-76.5581,-6.6078,SER-13
-83.5588,-35.4297,TYR-14
83.827,28.3851,GLY-15
-68.1182,129.11,PHE-16
-156.704,167.687,ARG-17
-133.049,163.767,LEU-18
-156.517,160.446,GLY-19
-146.292,143.577,PHE-20
-90.9616,149.864,LEU-21
-125.908,148.239,HIS-22
-152.598,-16.4773,SER-23
132.214,-162.205,GLY-24
-127.425,3.01297,THR-25
-60.8659,165.784,ALA-26
-62.7739,-18.5083,LYS-27
-74.0183,-10.9736,SER-28
-66.9173,137.849,VAL-29
-101.192,-39.1614,THR-30
-157.681,156.968,CYS-31
-152.946,139.426,THR-32
-125.861,134.686,TYR-33
-108.963,110.923,SER-34
-52.4524,-51.5802,PRO-35
-63.639,-18.3259,ALA-36
-102.384,-20.9139,LEU-37
62.744,24.6475,ASN-38
-107.279,134.259,LYS-39
-118.178,117.049,MET-40
-95.3698,108.916,PHE-41
-98.0376,156.913,CYS-42
-90.2163,131.628,GLN-43
-68.2702,114.062,LEU-44
109.887,-32.7182,ALA-45
-72.1265,157.212,LYS-46
-69.3925,134.253,THR-47
-127.909,96.7594,CYS-48
-72.3447,132.697,PRO-49
-120.41,142.08,VAL-50
-108.137,135.044,GLN-51
-132.203,117.301,LEU-52
-105.664,146.053,TRP-53
-133.613,97.9313,VAL-54
-64.5499,-40.3409,ASP-55
-90.2071,-20.447,SER-56
94.1185,156.89,THR-57
-108.582,164.397,PRO-58
-68.2949,173.246,PRO-59
-71.5611,149.221,PRO-60
80.1542,11.0979,GLY-61
-79.3488,162.162,THR-62
-126.847,146.091,ARG-63
-101.839,130.722,VAL-64
-117.125,147.2,ARG-65
-121.887,146.011,ALA-66
-155.564,163.039,MET-67
-145.34,123.612,ALA-68
-77.3774,167.787,ILE-69
-132.579,128.51,TYR-70
-129.851,138.88,LYS-71
-126.798,-150.951,GLN-72
-58.3482,-32.8856,SER-73
-167.249,-17.1797,GLN-74
-66.5025,134.722,HIS-75
-155.966,-11.7293,MET-76
-86.787,69.9704,THR-77
-159.46,159.483,GLU-78
-135.327,157.5,VAL-79
-60.1648,127.853,VAL-80
-147.39,156.503,ARG-81
-64.6225,160.888,ARG-82
-62.937,157.795,CYS-83
-68.7881,-33.9182,PRO-84
-72.2652,-4.0541,HIS-85
-110.335,-30.3145,HIS-86
-63.7872,-5.099,GLU-87
-134.417,-19.3181,ARG-88
-64.4047,152.579,CYS-89
-53.6025,-20.3681,SER-90
-75.8501,-14.4845,ASP-91
-101.269,-14.8165,SER-92
-84.0943,159.144,ASP-93
152.522,-141.564,GLY-94
-63.3679,-31.1433,LEU-95
-87.6572,135.339,ALA-96
-46.2131,153.011,PRO-97
-88.018,-5.96922,PRO-98
-78.2819,-46.7572,GLN-99
-49.9934,131.026,HIS-100
-78.1074,-44.6458,LEU-101
-74.4716,123.956,ILE-102
-141.533,143.938,ARG-103
-106.814,156.486,VAL-104
-144.169,178.099,GLU-105
78.5372,-35.4505,GLY-106
-58.9041,138.399,ASN-107
-72.808,-43.8394,LEU-108
-124.347,93.8548,ARG-109
-116.438,139.075,VAL-110
-153.087,165.423,GLU-111
-96.6941,149.626,TYR-112
-163.948,148.169,LEU-113
-64.7046,163.027,ASP-114
-126.5,116.088,ASP-115
-56.8856,-31.9887,ARG-116
-91.7111,-16.0636,ASN-117
-131.943,-14.4716,THR-118
56.23,43.6897,PHE-119
-122.565,108.902,ARG-120
-74.2288,118.586,HIS-121
-145.804,168.141,SER-122
-74.239,141.228,VAL-123
-131.127,142.221,VAL-124
-127.235,158.651,VAL-125
-48.2972,138.823,PRO-126
-67.1669,135.633,TYR-127
-129.325,150.936,GLU-128
-77.443,173.561,PRO-129
-52.2416,140.768,PRO-130
-53.1802,157.371,GLU-131
-63.6838,130.055,VAL-132
60.5224,5.89072,GLY-133
-97.1063,170.973,SER-134
-104.697,-24.7443,ASP-135
-110.065,147.707,CYS-136
-72.0003,149.624,THR-137
-111.704,130.14,THR-138
-112.181,137.61,ILE-139
-106.374,139.798,HIS-140
-122.712,-169.182,TYR-141
-169.474,146.618,ASN-142
-126.736,171.895,TYR-143
-161.003,90.6989,MET-144
-159.72,167.504,CYS-145
-66.8927,146.591,ASN-146
-119.599,-23.0099,SER-147
-77.14,-27.2292,SER-148
-67.6814,163.936,CYS-149
-68.9973,-25.2697,MET-150
92.9831,-134.445,GLY-151
-74.5324,-169.713,GLY-152
-57.2292,-33.7845,ILE-153
-130.14,154.732,ASN-154
-59.9876,137.508,ARG-155
-154.77,160.947,ARG-156
-82.3425,154.228,PRO-157
-140.587,130.964,ILE-158
-124.54,129.283,LEU-159
-92.6192,146.177,THR-160
-128.084,117.691,ILE-161
-92.1109,140.027,ILE-162
-134.783,145.304,THR-163
-90.3771,142.007,LEU-164
-141.125,132.114,GLU-165
-56.4274,162.781,ASP-166
-66.3246,-32.817,SER-167
-80.2279,20.6318,SER-168
80.9342,11.466,GLY-169
-85.7228,122.388,ASN-170
-58.1929,118.646,LEU-171
-98.9268,-35.5582,LEU-172
-162.868,165.997,GLY-173
-146.292,142.614,ARG-174
-131.455,147.753,ASN-175
-125.568,145.136,SER-176
-161.141,148.436,PHE-177
-81.1622,144.131,GLU-178
-129.183,164.187,VAL-179
-155.502,130.307,ARG-180
-104.645,117.801,VAL-181
-129.315,153.247,CYS-182
-77.5527,-47.2372,ALA-183
-131.294,85.6077,CYS-184
-61.9433,-18.3742,PRO-185
-79.0849,-38.9021,GLY-186
-57.6313,-48.9458,ARG-187
-77.5688,-30.2979,ASP-188
-59.0759,-50.3174,ARG-189
-59.2582,-25.7158,ARG-190
-68.9264,-38.9638,THR-191
-100.492,-22.1278,GLU-192
-79.7763,-28.5579,GLU-193
-66.274,-18.9398,GLU-194
-79.8605,-9.69109,ASN-195
-78.2314,169.515,LEU-196
-103.051,-33.4628,ARG-197
-53.1661,138.241,LYS-198
-52.04,120.977,LYS-199
-112.413,-175.066,GLY-200
-83.6532,150.162,GLU-201
-80.5261,169.276,PRO-202
-141.781,166.799,HIS-203
-44.8567,119.111,HIS-204
-89.9538,-18.7013,GLU-205
-82.5247,-35.4102,LEU-206
-65.9874,149.345,PRO-207
-72.2921,172.922,PRO-208
-84.0513,-150.614,GLY-209
-160.24,-170.735,SER-210
-98.0546,154.362,THR-211
-87.2241,151.799,LYS-212
71.3553,161.826,ARG-213
-75.9748,175.797,ALA-214
-84.5872,-33.2728,LEU-215
-62.5909,144.504,PRO-216
-74.3896,22.9314,ASN-217
-59.2167,135.412,ASN-218
-112.018,15.8087,SER-2
-65.3327,156.63,SER-3
-72.2794,141.983,VAL-4
-62.2136,145.099,PRO-5
-71.0097,140.154,SER-6
-84.5054,-33.8536,GLN-7
-52.7658,115.478,LYS-8
-62.0975,150.776,THR-9
-177.998,141.443,TYR-10
-74.0522,-30.7922,GLN-11
69.3997,171.357,GLY-12
-53.8271,-15.3211,SER-13
-81.2445,-20.3009,TYR-14
74.3614,27.8639,GLY-15
-55.3774,116.901,PHE-16
-150.542,129.881,ARG-17
-91.8862,149.43,LEU-18
-122.505,151.938,GLY-19
-144.259,136.951,PHE-20
-103.352,144.086,LEU-21
-112.763,124.266,HIS-22
-122.021,8.90791,SER-23
99.7633,-159.493,GLY-24
-134.607,-0.358006,THR-25
-56.4649,159.048,ALA-26
-46.7591,-42.7773,LYS-27
-60.6342,-5.69239,SER-28
-71.441,130.917,VAL-29
-71.1758,-38.3057,THR-30
-171.442,169.435,CYS-31
-173.329,147.162,THR-32
-120.303,125.221,TYR-33
-97.3692,109.046,SER-34
-60.1845,-36.4435,PRO-35
-83.1778,-2.16299,ALA-36
-111.67,-7.70101,LEU-37
41.5902,40.8429,ASN-38
-122.163,130.45,LYS-39
-95.5737,119.228,MET-40
-96.0559,132.38,PHE-41
-152.051,130.932,CYS-42
-77.2198,133.904,GLN-43
-61.817,120.596,LEU-44
79.2735,-24.6807,ALA-45
-50.4707,157.68,LYS-46
-82.4378,115.961,THR-47
-114.32,109.701,CYS-48
-74.587,141.175,PRO-49
-132.792,131.58,VAL-50
-87.212,170.517,GLN-51
-152.692,127.529,LEU-52
-108.864,148.162,TRP-53
-126.629,78.1173,VAL-54
-55.7965,-40.2474,ASP-55
-83.0166,-8.91838,SER-56
81.5122,127.733,THR-57
-88.4312,165.124,PRO-58
-75.1327,164.629,PRO-59
-60.5176,155.912,PRO-60
73.5831,9.85846,GLY-61
-86.6448,161.872,THR-62
-125.047,152.189,ARG-63
-94.1387,140.569,VAL-64
-141.999,145.484,ARG-65
-140.946,130.001,ALA-66
-146.91,167.234,MET-67
-160.731,128.552,ALA-68
-106.539,151.765,ILE-69
-104.975,125.015,TYR-70
-114.876,144.345,LYS-71
-119.854,-170.187,GLN-72
-48.8506,-46.8982,SER-73
-135.586,-35.8005,GLN-74
-96.7266,132.261,HIS-75
-159.442,7.95919,MET-76
-86.9147,69.5335,THR-77
-154.859,161.647,GLU-78
-126.046,161.134,VAL-79
-68.3094,120.309,VAL-80
-133.346,151.5,ARG-81
-44.571,148.476,ARG-82
-44.4488,152.252,CYS-83
-59.8386,-32.0066,PRO-84
-82.4804,7.27741,HIS-85
-147.397,13.4477,HIS-86
-89.6592,-1.51982,GLU-87
-154.114,-26.8061,ARG-88
-65.4982,166.757,CYS-89
-51.5864,-37.0687,SER-90
-63.154,-17.0107,ASP-91
-120.658,-23.7844,SER-92
-67.4948,153.466,ASP-93
163.533,-146.693,GLY-94
-51.0395,-47.7679,LEU-95
-73.8895,142.063,ALA-96
-61.2035,162.608,PRO-97
-68.0165,-26.4002,PRO-98
-75.2684,-31.3928,GLN-99
-64.4341,117.774,HIS-100
-75.8999,-39.4364,LEU-101
-78.1388,108.779,ILE-102
-126.419,163.661,ARG-103
-143.578,140.383,VAL-104
-127.659,-179.011,GLU-105
87.6608,-40.8753,GLY-106
-73.4691,141.726,ASN-107
-77.7692,-27.2105,LEU-108
-115.454,85.8398,ARG-109
-105.755,124.616,VAL-110
-161.239,174.203,GLU-111
-106.978,133.562,TYR-112
-140.219,151.256,LEU-113
-52.3908,144.946,ASP-114
-109.541,121.931,ASP-115
-53.7774,-42.7472,ARG-116
-73.2318,-37.2325,ASN-117
-130.967,-14.3118,THR-118
71.0436,6.49363,PHE-119
-88.4529,101.208,ARG-120
-65.7713,124.665,HIS-121
-161.962,149.351,SER-122
-56.4285,123.035,VAL-123
-113.749,141.313,VAL-124
-130.988,148.527,VAL-125
-74.8516,153.612,PRO-126
-75.6831,105.64,TYR-127
-75.2367,159.456,GLU-128
-73.3621,165.394,PRO-129
-61.2711,167.66,PRO-130
-62.9706,159.659,GLU-131
-54.1592,100.692,VAL-132
104.586,-9.3454,GLY-133
-84.8108,170.206,SER-134
-108.532,3.38139,ASP-135
-161.313,148.953,CYS-136
-85.7399,172.681,THR-137
-141.026,134.005,THR-138
-105.83,131.835,ILE-139
-105.421,85.5403,HIS-140
-63.1915,158.352,TYR-141
-156.353,166.707,ASN-142
-156.625,151.872,TYR-143
-148.478,97.1,MET-144
-157.725,175.593,CYS-145
-99.254,137.271,ASN-146
-121.969,13.6735,SER-147
-92.2615,-33.1674,SER-148
-69.1246,157.151,CYS-149
-77.8242,-2.16548,MET-150
61.3248,-159.74,GLY-151
-69.7675,-166.758,GLY-152
-58.1151,-42.9406,ILE-153
-125.354,156.83,ASN-154
-57.6424,134.627,ARG-155
-152.144,154.105,ARG-156
-84.3287,158.572,PRO-157
-141.901,125.984,ILE-158
-102.439,149.945,LEU-159
-110.702,143.619,THR-160
-112.82,120.633,ILE-161
-115.889,119.444,ILE-162
-122.727,142.925,THR-163
-83.7153,136.378,LEU-164
-151.544,148.911,GLU-165
-85.3333,156.388,ASP-166
-41.1722,-48.1335,SER-167
-67.747,-10.1126,SER-168
87.9747,0.909737,GLY-169
-66.0543,134.852,ASN-170
-72.8906,125.712,LEU-171
-100.445,-27.8505,LEU-172
-175.144,150.592,GLY-173
-120.726,152.467,ARG-174
-148.915,157.696,ASN-175
-146.057,139.565,SER-176
-135.862,157.976,PHE-177
-89.6932,131.144,GLU-178
-98.9928,156.194,VAL-179
-153.689,123.585,ARG-180
-95.4618,136.384,VAL-181
-141.335,150.449,CYS-182
-74.8279,-60.6176,ALA-183
-119.106,77.7206,CYS-184
-49.4174,-42.91,PRO-185
-58.2044,-46.6945,GLY-186
-63.3432,-39.7538,ARG-187
-73.1735,-30.1655,ASP-188
-64.3833,-51.1614,ARG-189
-53.9194,-49.8312,ARG-190
-46.6244,-50.512,THR-191
-91.9835,-17.1888,GLU-192
-84.3104,-36.7972,GLU-193
-63.5055,-10.9011,GLU-194
-79.1505,-33.1599,ASN-195
-64.4129,143.815,LEU-196
-80.7275,-18.5342,ARG-197
-62.4955,153.061,LYS-198
-84.0229,133.3,LYS-199
-109.272,-137.94,GLY-200
-105.455,152.334,GLU-201
-83.463,161.496,PRO-202
-137.581,152.715,HIS-203
-43.8599,134.363,HIS-204
-86.9528,-21.7834,GLU-205
-62.9043,-54.0466,LEU-206
-51.0727,135.526,PRO-207
-79.8639,159.693,PRO-208
-69.8664,148.467,GLY-209
-97.4629,-122.435,SER-210
-130.07,148.94,THR-211
-86.8238,149.255,LYS-212
86.3108,162.126,ARG-213
-77.2815,172.575,ALA-214
-84.9509,-37.5073,LEU-215
-69.8825,144.652,PRO-216
-92.9477,28.8446,ASN-217
-62.3951,145.021,ASN-218
-126.434,30.0535,SER-2
-42.585,139.103,SER-3
-66.4533,123.612,VAL-4
-52.5613,128.693,PRO-5
-83.9006,144.187,SER-6
-99.5478,2.09616,GLN-7
-79.8458,125.287,LYS-8
-78.2923,130.69,THR-9
-147.31,137.698,TYR-10
-78.8947,-55.3809,GLN-11
88.1122,-174.409,GLY-12
-60.6356,-12.2147,SER-13
-91.8674,-23.4037,TYR-14
65.3544,38.0625,GLY-15
-74.2098,119.476,PHE-16
-163.485,148.004,ARG-17
-117.431,164.784,LEU-18
-155.801,155.542,GLY-19
-116.556,151.033,PHE-20
-87.4048,166.745,LEU-21
-148.325,147.27,HIS-22
-132.099,-28.5778,SER-23
156.072,-170.957,GLY-24
-131.064,10.6392,THR-25
-72.0847,159.627,ALA-26
-56.0988,-24.7506,LYS-27
-65.3916,-7.93617,SER-28
-77.6219,132.111,VAL-29
-80.4559,-29.9634,THR-30
-176.403,158.345,CYS-31
-161.328,125.297,THR-32
-103.645,141.909,TYR-33
-106.569,104.373,SER-34
-63.494,-43.3643,PRO-35
-74.4487,-4.33635,ALA-36
-113.31,-21.8891,LEU-37
65.2877,29.8866,ASN-38
-115.015,118.83,LYS-39
-79.683,125.025,MET-40
-95.9091,135.706,PHE-41
-137.862,162.403,CYS-42
-101.379,136.491,GLN-43
-58.4041,135.294,LEU-44
52.9415,2.49043,ALA-45
-83.4595,155.699,LYS-46
-65.1846,152.134,THR-47
-130.473,84.3769,CYS-48
-77.8965,128.139,PRO-49
-138.516,136.945,VAL-50
-70.8053,152.082,GLN-51
-143.179,125.538,LEU-52
-108.968,157.948,TRP-53
-142.022,95.4693,VAL-54
-67.8524,-33.9319,ASP-55
-85.7529,-6.76055,SER-56
81.4932,148.452,THR-57
-52.1335,140.803,PRO-58
-57.7886,163.717,PRO-59
-61.6757,132.879,PRO-60
104.086,1.20416,GLY-61
-83.2947,151.192,THR-62
-106.067,124.789,ARG-63
-79.4635,124.34,VAL-64
-111.954,156.661,ARG-65
-138.012,141.016,ALA-66
-163.137,170.587,MET-67
-160.219,125.36,ALA-68
-106.539,156.011,ILE-69
-110.484,99.3035,TYR-70
-84.1741,139.594,LYS-71
-134.93,-174.317,GLN-72
-47.2523,-28.4225,SER-73
-145.76,-19.724,GLN-74
-79.9416,141.926,HIS-75
-154.591,6.90249,MET-76
-95.0539,68.9533,THR-77
-172.29,155.087,GLU-78
-119.44,154.046,VAL-79
-64.7266,136.995,VAL-80
-147.773,153.978,ARG-81
-52.5752,158.261,ARG-82
-55.7307,156.677,CYS-83
-49.5854,-48.2469,PRO-84
-64.2288,-11.6672,HIS-85
-124.099,-14.307,HIS-86
-81.5937,-2.12364,GLU-87
-149.336,-37.6456,ARG-88
-56.0084,157.711,CYS-89
-71.3903,-15.6675,SER-90
-69.3517,-17.1736,ASP-91
-110.701,-10.5007,SER-92
-86.4948,140.367,ASP-93
167.688,-131.675,GLY-94
-54.2004,-61.6068,LEU-95
-70.2728,143.797,ALA-96
-62.2815,138.764,PRO-97
-63.9641,-23.7064,PRO-98
-68.9257,-25.0582,GLN-99
-87.1085,124.885,HIS-100
-81.9619,-43.2939,LEU-101
-65.8913,117.663,ILE-102
-146.949,160.401,ARG-103
-146.528,145.01,VAL-104
-152.539,-152.403,GLU-105
88.1996,-65.8613,GLY-106
-52.2315,142.928,ASN-107
-63.1883,-29.758,LEU-108
-122.237,129.163,ARG-109
-171.758,140.549,VAL-110
-175.071,-177.614,GLU-111
-122.423,137.919,TYR-112
-148.471,164.894,LEU-113
-68.097,142.893,ASP-114
-95.258,121.514,ASP-115
-63.6328,-29.0137,ARG-116
-98.2947,-15.6771,ASN-117
-126.518,-16.6841,THR-118
71.7769,-7.10137,PHE-119
-68.5286,119.426,ARG-120
-70.7421,113.631,HIS-121
-150.016,151.648,SER-122
-78.2837,132.395,VAL-123
-123.918,142.279,VAL-124
-129.266,158.688,VAL-125
-76.8559,160.916,PRO-126
-84.6689,120.607,TYR-127
-96.4141,132.21,GLU-128
-68.5396,146.686,PRO-129
-49.8037,144.122,PRO-130
-65.4008,154.439,GLU-131
-71.5332,110.177,VAL-132
90.2783,3.97619,GLY-133
-95.2391,145.094,SER-134
-91.9369,2.01069,ASP-135
-163.278,169.122,CYS-136
-100.453,140.96,THR-137
-103.144,111.106,THR-138
-77.6773,131.676,ILE-139
-94.1788,101.355,HIS-140
-72.335,177.076,TYR-141
-163.34,146.433,ASN-142
-145.437,147.466,TYR-143
-151.08,113.159,MET-144
-158.673,157.347,CYS-145
-75.9186,149.805,ASN-146
-124.709,1.08034,SER-147
-87.3522,-26.7053,SER-148
-70.4963,170.457,CYS-149
-96.37,-22.0692,MET-150
84.3573,-146.874,GLY-151
-81.8126,-175.457,GLY-152
-47.576,-60.083,ILE-153
-111.512,140.042,ASN-154
-56.1782,131.399,ARG-155
-156.206,150.941,ARG-156
-61.5817,139.943,PRO-157
-131.021,139.511,ILE-158
-115.145,167.421,LEU-159
-115.847,150.541,THR-160
-113.526,125.956,ILE-161
-116.046,134.739,ILE-162
-136.577,154.483,THR-163
-109.757,137.223,LEU-164
-142.728,148.988,GLU-165
-107.624,156.003,ASP-166
-74.6583,-11.672,SER-167
-66.4324,-7.92449,SER-168
97.9103,23.6097,GLY-169
-118.764,138.114,ASN-170
-68.8075,131.15,LEU-171
-109.174,-20.967,LEU-172
176.092,169.689,GLY-173
-157.029,146.484,ARG-174
-156.696,136.506,ASN-175
-147.219,154.519,SER-176
-156.753,148.168,PHE-177
-57.9124,142.171,GLU-178
-110.807,151.499,VAL-179
-151.899,132.944,ARG-180
-96.4438,131.938,VAL-181
-125.323,148.612,CYS-182
-69.8569,-34.1178,ALA-183
-132.371,74.8035,CYS-184
-51.6218,-38.8095,PRO-185
-65.2367,-30.4342,GLY-186
-72.4781,-48.0675,ARG-187
-64.0005,-32.5473,ASP-188
-54.373,-56.9589,ARG-189
-55.8146,-41.827,ARG-190
-67.4802,-28.9484,THR-191
-88.6023,-49.662,GLU-192
-69.8752,-23.8218,GLU-193
-76.1301,-6.26629,GLU-194
-55.6749,-35.7057,ASN-195
-88.301,142.317,LEU-196
-88.9249,-26.4331,ARG-197
-48.9351,144.529,LYS-198
-87.8183,155.868,LYS-199
-143.723,-155.051,GLY-200
-97.3941,143.544,GLU-201
-75.6708,178.113,PRO-202
-142.939,-178.313,HIS-203
-79.398,146.183,HIS-204
-108.911,-8.77128,GLU-205
-64.8787,-53.4925,LEU-206
-63.2185,163.55,PRO-207
-70.358,160.775,PRO-208
-85.9634,-131.443,GLY-209
-165.725,-141.877,SER-210
-132.828,141.042,THR-211
-79.7054,131.182,LYS-212
78.5359,161.349,ARG-213
-75.3077,167.675,ALA-214
-77.8711,-42.042,LEU-215
-74.9436,152.439,PRO-216
-79.9358,22.0088,ASN-217
-49.0018,136.705,ASN-218
-105.097,39.6242,SER-2
-67.2732,161.144,SER-3
-75.7933,133.738,VAL-4
-47.8838,107.343,PRO-5
-59.7214,153.162,SER-6
-117.684,-31.2327,GLN-7
-49.7057,112.88,LYS-8
-68.3277,139.769,THR-9
-159.956,148.676,TYR-10
-78.6505,-34.0156,GLN-11
76.0354,176.072,GLY-12
-69.1947,-6.92395,SER-13
-89.3572,-21.6502,TYR-14
87.5568,26.1603,GLY-15
-67.0699,113.277,PHE-16
-147.114,158.066,ARG-17
-103.616,175.77,LEU-18
-150.382,151.232,GLY-19
-125.099,137.962,PHE-20
-91.6829,-170.169,LEU-21
-170.536,145.6,HIS-22
-135.116,-31.9505,SER-23
154.75,-151.314,GLY-24
-129.936,-1.63263,THR-25
-75.7361,157.571,ALA-26
-60.2937,-16.1317,LYS-27
-84.765,-19.1279,SER-28
-54.1008,129.661,VAL-29
-78.1737,-36.1747,THR-30
-162.135,165.32,CYS-31
-168.343,168.281,THR-32
-149.514,130.17,TYR-33
-98.8782,99.9057,SER-34
-67.9104,-33.2767,PRO-35
-61.8699,-30.79,ALA-36
-102.029,-12.4387,LEU-37
56.9232,27.3468,ASN-38
-125.749,128.921,LYS-39
-98.6791,137.012,MET-40
-128.094,115.297,PHE-41
-116.454,146.865,CYS-42
-90.222,135.388,GLN-43
-54.7155,135.748,LEU-44
65.3173,-16.3373,ALA-45
-61.276,151.201,LYS-46
-77.5107,101.293,THR-47
-104.564,88.19,CYS-48
-75.0789,135.484,PRO-49
-115.185,154.111,VAL-50
-108.77,144.244,GLN-51
-136.068,135.186,LEU-52
-131.553,150.189,TRP-53
-137.303,86.2093,VAL-54
-81.0192,-28.4517,ASP-55
-76.5622,-10.6089,SER-56
90.2543,154.849,THR-57
-86.2103,160.599,PRO-58
-72.1445,171.397,PRO-59
-79.5469,135.427,PRO-60
93.9775,17.7286,GLY-61
-83.9757,150.147,THR-62
-122.765,132.458,ARG-63
-87.8165,132.021,VAL-64
-130.008,137.838,ARG-65
-117.923,138.81,ALA-66
-137.713,168.43,MET-67
-165.808,131.145,ALA-68
-127.17,157.056,ILE-69
-110.451,131.679,TYR-70
-127.774,163.722,LYS-71
-141.553,179.571,GLN-72
-68.6963,8.16172,SER-73
-163.584,-20.9652,GLN-74
-73.5713,143.213,HIS-75
-151.635,-9.67963,MET-76
-91.1274,81.1759,THR-77
-167.989,147.559,GLU-78
-82.7379,142.169,VAL-79
-59.9172,127.545,VAL-80
-129.828,160.319,ARG-81
-67.3598,166.853,ARG-82
-51.108,150.703,CYS-83
-58.3912,-31.1947,PRO-84
-87.5535,-12.284,HIS-85
-115.104,17.0555,HIS-86
-88.2438,3.08016,GLU-87
-153.18,-30.0298,ARG-88
-62.792,165.558,CYS-89
-76.1529,-2.70246,SER-90
-82.3691,-26.4709,ASP-91
-100.07,-28.1845,SER-92
-71.5467,144.259,ASP-93
174.355,-147.726,GLY-94
-46.1071,-50.2364,LEU-95
-80.8252,130.91,ALA-96
-60.4317,154.451,PRO-97
-70.8576,-9.57997,PRO-98
-77.6168,-28.6112,GLN-99
-79.852,122.154,HIS-100
-78.1661,-42.5205,LEU-101
-81.3946,119.127,ILE-102
-134.883,158.354,ARG-103
-140.887,149.463,VAL-104
-148.641,-168.916,GLU-105
67.6662,-28.0039,GLY-106
-74.4465,137.861,ASN-107
-76.7644,-24.5432,LEU-108
-116.72,121.402,ARG-109
-142.849,139.638,VAL-110
-158.734,168.139,GLU-111
-93.3491,153.05,TYR-112
-159.976,149.375,LEU-113
-49.5751,142.64,ASP-114
-92.2768,130.273,ASP-115
-74.2151,-23.3775,ARG-116
-89.425,-31.9884,ASN-117
-118.027,-16.4793,THR-118
76.203,0.0498306,PHE-119
-81.7715,106.243,ARG-120
-52.9993,111.112,HIS-121
-156.845,142.675,SER-122
-51.3226,123.807,VAL-123
-114.155,142.556,VAL-124
-128.621,152.746,VAL-125
-72.349,142.672,PRO-126
-57.7861,116.475,TYR-127
-110.309,153.306,GLU-128
-84.9049,177.201,PRO-129
-58.0008,164.728,PRO-130
-90.0397,146.372,GLU-131
-41.5761,114.65,VAL-132
89.6008,-7.42933,GLY-133
-93.0271,161.819,SER-134
-102.223,-31.0546,ASP-135
-82.1141,161.577,CYS-136
-82.3984,141.047,THR-137
-106.353,132.774,THR-138
-116.079,134.881,ILE-139
-114.101,93.4514,HIS-140
-89.6244,160.794,TYR-141
-156.202,149.895,ASN-142
-142.66,132.98,TYR-143
-117.974,102.409,MET-144
-146.604,175.77,CYS-145
-81.6007,141.86,ASN-146
-114.94,0.524142,SER-147
-88.2127,-32.9958,SER-148
-82.453,157.519,CYS-149
-64.959,-25.8443,MET-150
83.7587,-166.564,GLY-151
-71.3296,-162.298,GLY-152
-67.2924,-33.1975,ILE-153
-134.567,145.866,ASN-154
-51.9275,122.684,ARG-155
-144.842,155.747,ARG-156
-76.1784,145.048,PRO-157
-122.668,132.048,ILE-158
-106.467,147.828,LEU-159
-119.332,131.837,THR-160
-98.3523,117.405,ILE-161
-105.459,138.783,ILE-162
-126.379,157.503,THR-163
-123.151,138.633,LEU-164
-139.632,150.564,GLU-165
-80.4072,155.341,ASP-166
-48.8058,-37.7125,SER-167
-74.4698,-3.00709,SER-168
93.2893,-13.9202,GLY-169
-60.2305,123.039,ASN-170
-80.5049,129.893,LEU-171
-120.311,-28.34,LEU-172
-156.569,158.149,GLY-173
-139.458,134.464,ARG-174
-126.228,136.525,ASN-175
-130.306,137.808,SER-176
-138.112,173.65,PHE-177
-94.5023,152.117,GLU-178
-125.544,156.536,VAL-179
-138.553,136.927,ARG-180
-107.698,112.539,VAL-181
-114.128,174.198,CYS-182
-106.831,-20.3332,ALA-183
-134.244,80.6532,CYS-184
-65.709,-27.2079,PRO-185
-67.1997,-38.6879,GLY-186
-77.4644,-38.7948,ARG-187
-73.1867,-36.7024,ASP-188
-51.781,-60.0397,ARG-189
-52.1246,-37.9135,ARG-190
-57.3186,-35.469,THR-191
-94.0972,-31.7523,GLU-192
-83.2171,-33.1615,GLU-193
-64.4651,-8.16175,GLU-194
-72.5077,-24.6207,ASN-195
-64.3177,164.506,LEU-196
-94.0853,-20.2619,ARG-197
-69.3975,124.492,LYS-198
-58.5205,129.922,LYS-199
-97.8449,-163.3,GLY-200
-89.1119,143.515,GLU-201
-84.9463,168.371,PRO-202
-120.309,168.537,HIS-203
-55.5378,137.021,HIS-204
-78.081,-23.5758,GLU-205
-75.0341,-39.2377,LEU-206
-84.0847,143.166,PRO-207
-55.8607,173.766,PRO-208
-86.4649,-154.336,GLY-209
-157.21,-141.009,SER-210
-127.529,154.319,THR-211
-79.984,133.712,LYS-212
71.1184,157.813,ARG-213
-78.5968,155.075,ALA-214
-83.1406,-22.2585,LEU-215
-61.5525,152.039,PRO-216
-85.4791,29.9347,ASN-217
-72.6076,151.421,ASN-218
-119.753,27.968,SER-2
-63.0934,178.224,SER-3
-88.3978,113.736,VAL-4
-51.8904,109.997,PRO-5
-87.866,153.434,SER-6
-91.146,-10.57,GLN-7
-56.3166,115.407,LYS-8
-70.5627,136.916,THR-9
-162.695,142.265,TYR-10
-73.3852,-44.9104,GLN-11
81.7622,165.032,GLY-12
-69.9933,3.2746,SER-13
-111.705,-17.7723,TYR-14
76.8265,41.3212,GLY-15
-63.8719,133.271,PHE-16
-165.903,165.044,ARG-17
-126.428,153.795,LEU-18
-143.551,159.889,GLY-19
-138.866,158.982,PHE-20
-111.177,139.097,LEU-21
-105.472,147.217,HIS-22
-155.943,7.64468,SER-23
102.455,-133.757,GLY-24
-162.004,10.1879,THR-25
-69.5608,160.502,ALA-26
-53.3761,-27.3736,LYS-27
-67.0996,-14.1293,SER-28
-63.632,131.536,VAL-29
-83.4743,-34.9501,THR-30
-167.162,143.646,CYS-31
-134.002,148.77,THR-32
-106.028,138.842,TYR-33
-101.242,101.275,SER-34
-44.8432,-47.6511,PRO-35
-79.557,-16.7101,ALA-36
-104.61,-11.2083,LEU-37
57.1211,25.2021,ASN-38
-107.261,136.679,LYS-39
-112.473,135.432,MET-40
-122.098,108.543,PHE-41
-110.247,131.752,CYS-42
-75.4519,137.453,GLN-43
-59.2209,137.267,LEU-44
70.2659,-13.748,ALA-45
-80.7157,133.045,LYS-46
-69.0252,128.14,THR-47
-117.87,94.0891,CYS-48
-90.2332,95.1598,PRO-49
-79.0543,129.284,VAL-50
-88.1429,134.086,GLN-51
-116.524,141.12,LEU-52
-130.106,156.697,TRP-53
-146.139,61.6345,VAL-54
-67.927,-29.9922,ASP-55
-83.0895,-11.6883,SER-56
111.951,136.023,THR-57
-75.7005,137.124,PRO-58
-59.7679,165.621,PRO-59
-60.037,139.42,PRO-60
75.2171,-3.75092,GLY-61
-53.403,144.72,THR-62
-117,161.948,ARG-63
-119.248,115.392,VAL-64
-98.6008,130.758,ARG-65
-108.638,133.862,ALA-66
-152.781,172.093,MET-67
-159.294,126.505,ALA-68
-100.722,158.298,ILE-69
-115.117,131.543,TYR-70
-136.351,166.078,LYS-71
-141.407,179.054,GLN-72
-69.0607,15.1993,SER-73
-170.79,26.184,GLN-74
-166.962,154.281,HIS-75
-150.252,-3.67769,MET-76
-97.8785,90.3743,THR-77
-172.79,157.548,GLU-78
-119.455,149.133,VAL-79
-54.5393,135.255,VAL-80
-158.9,142.759,ARG-81
-52.071,142.938,ARG-82
-63.1454,159.982,CYS-83
-48.5375,-33.7033,PRO-84
-73.4143,-10.2932,HIS-85
-129.187,-1.65952,HIS-86
-77.7369,5.24338,GLU-87
-158.386,-29.615,ARG-88
-60.8286,153.535,CYS-89
-67.4111,-28.1723,SER-90
-62.9569,-42.0501,ASP-91
-64.3988,-33.0816,SER-92
-81.5734,121.538,ASP-93
-157.413,-137.911,GLY-94
-51.3364,-46.9374,LEU-95
-80.2711,130.982,ALA-96
-47.3689,139.709,PRO-97
-71.0855,-5.68812,PRO-98
-74.8664,-32.2593,GLN-99
-74.1823,120.598,HIS-100
-88.5768,-31.6082,LEU-101
-92.0911,114.609,ILE-102
-132.523,165.842,ARG-103
-125.071,142.682,VAL-104
-128.489,-176.806,GLU-105
87.3126,-28.7224,GLY-106
-97.1904,139.591,ASN-107
-64.8384,-51.9717,LEU-108
-86.9723,80.7172,ARG-109
-115.947,142.181,VAL-110
-174.229,160.072,GLU-111
-91.559,129.206,TYR-112
-133.579,149.117,LEU-113
-61.5104,146.947,ASP-114
-109.065,112.079,ASP-115
-53.9799,-25.0288,ARG-116
-94.608,-47.9316,ASN-117
-114.911,-8.44967,THR-118
68.768,9.26199,PHE-119
-85.8771,102.311,ARG-120
-68.2446,111.657,HIS-121
-149.886,142.648,SER-122
-58.3039,120.51,VAL-123
-109.656,140.187,VAL-124
-128.885,153.808,VAL-125
-68.1224,163.07,PRO-126
-68.0123,108.27,TYR-127
-81.9057,143.184,GLU-128
-64.7505,149.309,PRO-129
-57.4676,132.09,PRO-130
-61.4181,155.402,GLU-131
-59.6628,125.258,VAL-132
70.904,6.02806,GLY-133
-112.245,158.361,SER-134
-102.293,-45.3576,ASP-135
-81.8196,175.076,CYS-136
-99.3874,156.349,THR-137
-129.953,131.102,THR-138
-106.096,116.63,ILE-139
-89.7786,80.1188,HIS-140
-75.2346,164.962,TYR-141
-154.99,154.44,ASN-142
-146.11,167.025,TYR-143
-158.316,92.5621,MET-144
-143.216,172.061,CYS-145
-89.9345,147.754,ASN-146
-115.964,-21.5702,SER-147
-86.1959,-22.5575,SER-148
-72.2478,169.949,CYS-149
-82.4973,-27.8043,MET-150
92.1007,-153.27,GLY-151
-94.3441,-157.244,GLY-152
-53.1887,-36.1373,ILE-153
-148.052,134.72,ASN-154
-59.027,118.451,ARG-155
-138.317,160.651,ARG-156
-84.1154,139.098,PRO-157
-127.973,124.522,ILE-158
-114.885,145.143,LEU-159
-105.479,149.674,THR-160
-116.527,112.69,ILE-161
-94.4579,138.116,ILE-162
-141.327,156.956,THR-163
-103.284,138.052,LEU-164
-148.324,147.971,GLU-165
-59.5754,169.74,ASP-166
-72.068,-10.3497,SER-167
-90.9571,5.76398,SER-168
66.4025,29.325,GLY-169
-85.6195,145.547,ASN-170
-80.4766,110.448,LEU-171
-91.1938,-40.497,LEU-172
-153.539,159.064,GLY-173
-148.643,157.226,ARG-174
-166.697,120.465,ASN-175
-119.404,134.933,SER-176
-120.387,157.793,PHE-177
-78.5931,147.46,GLU-178
-120.619,140.224,VAL-179
-132.542,140.446,ARG-180
-103.595,127.596,VAL-181
-125.347,165.557,CYS-182
-95.4129,-48.0906,ALA-183
-117.301,90.4131,CYS-184
-60.1712,-51.0951,PRO-185
-54.1468,-46.2621,GLY-186
-49.364,-55.276,ARG-187
-63.3237,-43.7226,ASP-188
-55.526,-46.0242,ARG-189
-66.4501,-42.087,ARG-190
-57.8445,-52.4043,THR-191
-72.2163,-19.6499,GLU-192
-81.507,-26.2038,GLU-193
-70.0174,1.739,GLU-194
-98.6233,-7.06833,ASN-195
-70.1387,153.12,LEU-196
-95.71,50.3518,ARG-197
-175.83,151.469,LYS-198
-80.5726,103.341,LYS-199
-74.6545,-166.87,GLY-200
-81.6312,149.884,GLU-201
-75.0859,171.524,PRO-202
-152.916,159.518,HIS-203
-56.0472,138.751,HIS-204
-110.771,-4.7366,GLU-205
-82.3779,-31.9162,LEU-206
-63.3551,167.004,PRO-207
-67.7927,158.927,PRO-208
-93.3524,-178.813,GLY-209
-137.471,-166.426,SER-210
-92.0761,174.532,THR-211
-121.357,139.028,LYS-212
71.4066,159.197,ARG-213
-84.1397,173.802,ALA-214
-87.313,-38.2119,LEU-215
-55.1152,148.314,PRO-216
-83.6115,25.6541,ASN-217
-60.0196,135.992,ASN-218
-107.509,40.6737,SER-2
-76.2335,137.944,SER-3
-73.1841,134.901,VAL-4
-54.3002,145.641,PRO-5
-94.4626,141.774,SER-6
-108.184,-6.02982,GLN-7
-62.534,127.735,LYS-8
-74.9132,141.891,THR-9
-160.693,148.446,TYR-10
-97.7397,-36.7692,GLN-11
76.9298,-159.486,GLY-12
-57.7176,-13.6935,SER-13
-106.464,-16.9801,TYR-14
80.8628,10.4223,GLY-15
-61.2478,119.096,PHE-16
-156.147,145.675,ARG-17
-101.638,168.078,LEU-18
-152.831,175.666,GLY-19
-146.869,138.298,PHE-20
-96.1663,124.557,LEU-21
-79.4077,121.217,HIS-22
-124.587,21.6298,SER-23
90.3935,-159.946,GLY-24
-135.898,8.53802,THR-25
-69.3626,162.14,ALA-26
-32.1269,-43.6363,LYS-27
-75.5629,-10.2851,SER-28
-60.0982,127.216,VAL-29
-83.6049,-33.1195,THR-30
-166.111,167.985,CYS-31
-165.859,151.493,THR-32
-134.67,136.685,TYR-33
-100.415,101.532,SER-34
-34.9623,-35.025,PRO-35
-80.322,-8.99706,ALA-36
-127.12,-26.4787,LEU-37
63.8968,38.2673,ASN-38
-122.873,129.473,LYS-39
-94.3302,142.066,MET-40
-121.897,117.625,PHE-41
-111.931,131.576,CYS-42
-81.8453,135.579,GLN-43
-60.3709,137.177,LEU-44
54.4486,-1.03617,ALA-45
-68.9609,165.193,LYS-46
-78.7126,107.259,THR-47
-100.711,107.803,CYS-48
-76.8284,137.985,PRO-49
-142.67,130.912,VAL-50
-90.7173,154.485,GLN-51
-151.486,123.207,LEU-52
-129.376,141.803,TRP-53
-148.085,52.21,VAL-54
-70.8925,-18.2756,ASP-55
-79.7789,-3.90478,SER-56
90.4892,124.67,THR-57
-97.0222,164.696,PRO-58
-58.2143,163.778,PRO-59
-66.7055,168.436,PRO-60
68.2971,-1.26735,GLY-61
-64.253,144.745,THR-62
-120.953,142.373,ARG-63
-105.754,123.766,VAL-64
-110.795,141.425,ARG-65
-128.679,146.572,ALA-66
-149.889,175.076,MET-67
-161.819,106.481,ALA-68
-95.6587,150.404,ILE-69
-99.9136,136.896,TYR-70
-133.584,149.481,LYS-71
-142.223,173.26,GLN-72
-63.7967,-14.4315,SER-73
-143.309,31.7641,GLN-74
-156.199,133.424,HIS-75
-146.725,5.33939,MET-76
-80.6937,64.5956,THR-77
-162.642,161.309,GLU-78
-123.065,153.583,VAL-79
-66.3639,119.93,VAL-80
-134.194,-172.331,ARG-81
-89.212,170.866,ARG-82
-65.0308,154.647,CYS-83
-70.1923,-18.1186,PRO-84
-83.4596,-7.02421,HIS-85
-143.207,12.9318,HIS-86
-84.8137,-7.87846,GLU-87
-123.27,-49.6054,ARG-88
-71.9043,164.008,CYS-89
-51.2396,-28.4237,SER-90
-61.8917,-22.1992,ASP-91
-106.094,-23.8352,SER-92
-69.1428,157.541,ASP-93
167.903,-128.75,GLY-94
-77.4806,-37.0008,LEU-95
-76.1389,161.062,ALA-96
-55.7196,148.186,PRO-97
-65.917,-19.8852,PRO-98
-72.0268,-27.8749,GLN-99
-78.5149,137.489,HIS-100
-100.762,-36.5607,LEU-101
-77.7778,104.471,ILE-102
-130.755,163.008,ARG-103
-150.594,146.348,VAL-104
-152.524,175.814,GLU-105
90.5506,-45.2398,GLY-106
-61.6111,133.932,ASN-107
-69.9877,-16.6548,LEU-108
-112.949,109.343,ARG-109
-134.447,140.362,VAL-110
-163.044,150.758,GLU-111
-96.8248,143.175,TYR-112
-139.108,164.221,LEU-113
-79.1315,148.163,ASP-114
-106.498,117.281,ASP-115
-68.4857,-31.4185,ARG-116
-80.8693,-30.5838,ASN-117
-117.602,-25.1906,THR-118
67.8937,14.1489,PHE-119
-78.0943,93.2811,ARG-120
-62.4229,118.382,HIS-121
-148.228,166.099,SER-122
-81.2365,133.962,VAL-123
-129.7,158.306,VAL-124
-139.449,147.775,VAL-125
-56.469,140.201,PRO-126
-64.0209,124.664,TYR-127
-125.895,170.127,GLU-128
-71.9079,158.529,PRO-129
-55.9522,140.966,PRO-130
-72.392,157.842,GLU-131
-57.3837,109.475,VAL-132
86.6718,20.7129,GLY-133
-102.791,157.011,SER-134
-80.2635,-26.5958,ASP-135
-131.196,165.454,CYS-136
-79.7361,145.91,THR-137
-120.832,136.595,THR-138
-114.276,141.017,ILE-139
-115.972,110.812,HIS-140
-87.1495,177.472,TYR-141
-162.024,153.908,ASN-142
-141.242,160.285,TYR-143
-156.284,116.19,MET-144
-168.792,-174.188,CYS-145
-95.2038,161.122,ASN-146
-126.424,-42.4332,SER-147
-91.6212,-24.1819,SER-148
-72.9495,-168.773,CYS-149
-90.9602,-48.2753,MET-150
96.1411,-148.444,GLY-151
-52.0043,-172.143,GLY-152
-67.1104,-34.7086,ILE-153
-131.083,160.069,ASN-154
-69.7086,121.405,ARG-155
-138.858,158.726,ARG-156
-77.7345,165.175,PRO-157
-132.73,142.728,ILE-158
-117.841,155.259,LEU-159
-119.103,149.093,THR-160
-117.057,118.785,ILE-161
-104.414,129.276,ILE-162
-137.42,161.999,THR-163
-112.337,134.781,LEU-164
-134.427,154.895,GLU-165
-73.9963,161.329,ASP-166
-43.7261,-31.6934,SER-167
-80.9194,-2.21853,SER-168
85.4836,0.775394,GLY-169
-72.0179,122.854,ASN-170
-56.9451,125.119,LEU-171
-113.572,-38.1873,LEU-172
-155.792,163.372,GLY-173
-147.475,150.195,ARG-174
-156.89,138.21,ASN-175
-139.504,120.723,SER-176
-116.835,154.918,PHE-177
-75.4982,145.702,GLU-178
-137.076,159.505,VAL-179
-151.727,128.708,ARG-180
-93.7587,114.588,VAL-181
-126.485,164.888,CYS-182
-101.18,-32.2623,ALA-183
-122.489,81.4093,CYS-184
-65.7806,-33.5998,PRO-185
-76.3147,-27.9401,GLY-186
-60.4562,-48.708,ARG-187
-65.6021,-39.5657,ASP-188
-58.4371,-59.6566,ARG-189
-53.8987,-39.9825,ARG-190
-58.3969,-48.6845,THR-191
-82.1197,-35.348,GLU-192
-73.6407,-25.1348,GLU-193
-66.995,-22.084,GLU-194
-71.1361,-5.28789,ASN-195
-111.951,148.908,LEU-196
-85.93,-28.0096,ARG-197
-75.2621,117.395,LYS-198
-74.507,135.303,LYS-199
-92.8793,175.025,GLY-200
-76.9288,148.566,GLU-201
-71.8496,164.44,PRO-202
-137.267,177.402,HIS-203
-71.5471,144.843,HIS-204
-85.5752,-20.4448,GLU-205
-68.4646,-31.0534,LEU-206
-78.1022,143.816,PRO-207
-71.7617,-169.53,PRO-208
-89.1971,-152.232,GLY-209
-158.222,-165.186,SER-210
-81.367,140.798,THR-211
-78.9674,147.639,LYS-212
70.0841,152.719,ARG-213
-70.7136,166.136,ALA-214
-95.7026,-11.749,LEU-215
-70.3092,151.15,PRO-216
-86.0675,8.2985,ASN-217
-50.8261,158.284,ASN-218
-99.0824,5.36123,SER-2
-60.5824,161.368,SER-3
-78.7638,122.372,VAL-4
-36.4307,114.005,PRO-5
-75.2113,148.383,SER-6
-114.585,-8.35941,GLN-7
-67.6427,129.855,LYS-8
-80.4129,144.953,THR-9
-172.386,146.067,TYR-10
-92.4252,-21.6055,GLN-11
88.5752,-168.117,GLY-12
-80.4394,9.08772,SER-13
-114.662,-18.3241,TYR-14
90.9046,28.3919,GLY-15
-74.3542,106.229,PHE-16
-143.276,141.271,ARG-17
-108.587,150.017,LEU-18
-121.293,95.9813,GLY-19
-70.5406,121.884,PHE-20
-58.0606,171.177,LEU-21
-142.213,141.722,HIS-22
-135.478,14.7726,SER-23
82.1769,-148.91,GLY-24
-131.303,11.5666,THR-25
-62.4249,164.137,ALA-26
-50.8962,-40.7958,LYS-27
-72.3762,-3.18292,SER-28
-63.6425,116.321,VAL-29
-63.5968,-42.5469,THR-30
-164.934,160.99,CYS-31
-157.404,159.21,THR-32
-139.303,134.793,TYR-33
-102.483,117.114,SER-34
-62.898,-29.0255,PRO-35
-72.837,-17.2205,ALA-36
-113.137,-14.8628,LEU-37
51.3793,37.4895,ASN-38
-123.692,131.184,LYS-39
-90.1303,146.873,MET-40
-128.539,120.903,PHE-41
-124.237,128.452,CYS-42
-70.9709,134.635,GLN-43
-62.1515,137.541,LEU-44
67.0113,7.7147,ALA-45
-102.327,140.063,LYS-46
-55.1135,129.403,THR-47
-120.363,82.2411,CYS-48
-62.481,147.687,PRO-49
-141.204,132.453,VAL-50
-67.013,147.579,GLN-51
-137.184,136.432,LEU-52
-127.846,164.898,TRP-53
-134.264,66.2445,VAL-54
-74.8938,-20.8557,ASP-55
-72.2336,-29.7409,SER-56
110.077,139.3,THR-57
-79.2085,172.853,PRO-58
-75.8968,171.851,PRO-59
-62.5124,143.102,PRO-60
90.5445,0.708825,GLY-61
-52.0524,138.255,THR-62
-96.7778,147.515,ARG-63
-98.007,130.32,VAL-64
-112.972,154.307,ARG-65
-133.598,145.355,ALA-66
-167.323,167.673,MET-67
-155.169,120.592,ALA-68
-103.84,162.606,ILE-69
-140.212,132.633,TYR-70
-120.861,157.97,LYS-71
-135.944,170.964,GLN-72
-64.5536,10.0854,SER-73
-145.303,-5.46052,GLN-74
-157.733,155.843,HIS-75
-139.839,-0.423792,MET-76
-93.2521,93.8363,THR-77
-169.519,167.259,GLU-78
-118.087,152.786,VAL-79
-73.2594,137.733,VAL-80
-151.185,168.435,ARG-81
-71.8417,174.967,ARG-82
-49.959,148.538,CYS-83
-66.3751,-33.7036,PRO-84
-71.4989,-14.2723,HIS-85
-130.276,-2.90904,HIS-86
-73.7652,-0.297254,GLU-87
-130.721,-39.5148,ARG-88
-51.2709,155.58,CYS-89
-68.3957,-15.6083,SER-90
-66.2197,-28.9678,ASP-91
-85.2499,-14.3412,SER-92
-77.1318,158.313,ASP-93
151.73,-138.555,GLY-94
-66.5135,-58.4415,LEU-95
-59.5156,156.227,ALA-96
-56.4909,157.35,PRO-97
-55.0242,-33.6888,PRO-98
-63.8531,-49.0673,GLN-99
-63.3787,111.535,HIS-100
-76.8171,-27.4329,LEU-101
-86.9358,125.126,ILE-102
-143.408,149.266,ARG-103
-127.618,153.864,VAL-104
-146.633,179.698,GLU-105
91.7574,-52.0594,GLY-106
-60.1365,126.016,ASN-107
-67.1565,-10.5342,LEU-108
-135.306,86.9648,ARG-109
-105.926,163.963,VAL-110
-175.802,165.485,GLU-111
-105.44,149.215,TYR-112
-157.842,152.011,LEU-113
-49.2979,137.697,ASP-114
-103.298,86.0869,ASP-115
-47.5123,-27.3317,ARG-116
-77.3283,-36.115,ASN-117
-121.726,-18.7369,THR-118
66.8013,28.0581,PHE-119
-89.2348,89.7177,ARG-120
-54.6122,131.573,HIS-121
-164.58,160.708,SER-122
-75.1026,134.333,VAL-123
-132.882,144.684,VAL-124
-145.194,142.711,VAL-125
-72.1107,138.637,PRO-126
-67.192,109.563,TYR-127
-110.043,164.078,GLU-128
-51.571,152.164,PRO-129
-80.5163,161.009,PRO-130
-64.4267,164.112,GLU-131
-70.6865,135.478,VAL-132
66.7229,-8.44351,GLY-133
-78.6353,151.018,SER-134
-83.4445,10.1522,ASP-135
-177.391,159.973,CYS-136
-70.0479,139.644,THR-137
-111.837,136.173,THR-138
-92.7158,132.182,ILE-139
-113.075,111.929,HIS-140
-89.4677,177.022,TYR-141
-166.737,144.452,ASN-142
-135.649,138.397,TYR-143
-118.973,101.657,MET-144
-156.718,160.178,CYS-145
-88.667,130.816,ASN-146
-100.452,-26.6693,SER-147
-94.1701,-4.44903,SER-148
-68.3352,168.538,CYS-149
-104.166,-19.1751,MET-150
48.4531,-129.406,GLY-151
-78.8133,-164.338,GLY-152
-71.1937,-8.71258,ILE-153
-168.61,121.108,ASN-154
-75.0938,93.2106,ARG-155
-107.409,157.742,ARG-156
-83.3649,161.507,PRO-157
-130.368,145.387,ILE-158
-123.581,139.926,LEU-159
-106.523,133.275,THR-160
-106.361,118.228,ILE-161
-108.026,128.199,ILE-162
-120.26,164.5,THR-163
-103.306,140.562,LEU-164
-142.556,147.353,GLU-165
-60.174,158.426,ASP-166
-45.8285,-43.7107,SER-167
-74.5744,-7.87158,SER-168
97.1423,7.13351,GLY-169
-79.0942,144.726,ASN-170
-77.6911,134.268,LEU-171
-111.158,-56.4283,LEU-172
-136.986,167.471,GLY-173
-151.331,156.657,ARG-174
-155.334,141.783,ASN-175
-138.621,158.709,SER-176
-170.536,153.909,PHE-177
-86.0562,127.88,GLU-178
-99.5228,137.482,VAL-179
-125.266,126.981,ARG-180
-93.2493,135.126,VAL-181
-129.877,145.24,CYS-182
-69.9164,-36.4399,ALA-183
-139.317,86.7071,CYS-184
-71.3019,-25.4178,PRO-185
-58.4581,-47.6697,GLY-186
-73.1481,-30.5347,ARG-187
-75.9665,-33.0878,ASP-188
-56.8018,-50.9923,ARG-189
-59.3526,-44.2296,ARG-190
-56.0715,-44.8862,THR-191
-88.7023,-25.4077,GLU-192
-75.2445,-29.4093,GLU-193
-70.9494,-17.091,GLU-194
-68.3455,0.831429,ASN-195
-98.3081,176.037,LEU-196
-103.96,-42.6343,ARG-197
-71.5182,138.971,LYS-198
-76.3051,138.183,LYS-199
-93.7784,174.529,GLY-200
-78.2264,143.85,GLU-201
-73.2481,156.243,PRO-202
-138.037,156.708,HIS-203
-47.6545,146.651,HIS-204
-111.367,-3.44247,GLU-205
-78.2238,-36.1951,LEU-206
-71.2723,148.612,PRO-207
-67.224,146.202,PRO-208
-60.0517,-179.938,GLY-209
-119.039,-175.046,SER-210
-71.2347,153.901,THR-211
-103.5,129.406,LYS-212
82.7143,157.689,ARG-213
-61.8057,159.89,ALA-214
-90.4087,-37.7233,LEU-215
-61.5105,135.162,PRO-216
-67.5448,47.2675,ASN-217
-79.481,123.906,ASN-218
-138.775,56.6627,SER-2
-78.566,144.939,SER-3
-56.148,117.047,VAL-4
-66.9917,138.951,PRO-5
-103.45,155.527,SER-6
-100.357,-8.28382,GLN-7
-58.0932,119.386,LYS-8
-85.0898,136.013,THR-9
-156.644,150.386,TYR-10
-84.183,-58.6421,GLN-11
70.4333,-166.455,GLY-12
-72.868,2.27935,SER-13
-82.42,-46.6862,TYR-14
82.9602,29.7598,GLY-15
-67.7873,125.482,PHE-16
-150.68,152.839,ARG-17
-117.227,153.608,LEU-18
-146.716,174.926,GLY-19
-142.231,157.953,PHE-20
-85.4062,169.967,LEU-21
-138.046,141.875,HIS-22
-132.19,10.7219,SER-23
78.8135,-157.043,GLY-24
-129.156,15.257,THR-25
-66.5852,157.563,ALA-26
-46.9913,-39.4329,LYS-27
-74.3901,6.78327,SER-28
-69.8403,122.692,VAL-29
-81.9975,-33.2244,THR-30
-147.61,159.778,CYS-31
-147.826,156.462,THR-32
-128.4,119.54,TYR-33
-82.3765,107.417,SER-34
-65.3092,-26.1487,PRO-35
-74.0727,-23.3874,ALA-36
-101.716,-7.0248,LEU-37
56.1275,30.2713,ASN-38
-119.054,139.793,LYS-39
-119.715,134.81,MET-40
-121.97,125.876,PHE-41
-118.209,141.686,CYS-42
-85.9127,125.694,GLN-43
-58.2521,126.365,LEU-44
50.8989,32.6792,ALA-45
-98.7915,142.802,LYS-46
-55.1725,130.25,THR-47
-116.175,102.156,CYS-48
-68.9235,138.681,PRO-49
-125.547,137.494,VAL-50
-89.0106,145.29,GLN-51
-145.947,136.688,LEU-52
-139.762,143.98,TRP-53
-118.282,98.6596,VAL-54
-72.3882,-32.5121,ASP-55
-99.3981,13.2259,SER-56
71.419,145.728,THR-57
-86.4433,153.506,PRO-58
-55.4873,152.346,PRO-59
-64.6939,145.403,PRO-60
71.1064,10.2908,GLY-61
-65.0669,170.335,THR-62
-140.419,161.107,ARG-63
-111.834,133.094,VAL-64
-115.717,144.767,ARG-65
-133.31,143.9,ALA-66
-160.737,171.362,MET-67
-159.999,117.292,ALA-68
-94.211,137.566,ILE-69
-102.42,148.528,TYR-70
-137.72,140.391,LYS-71
-118.495,-177.982,GLN-72
-83.8965,38.4314,SER-73
-167.542,-30.4307,GLN-74
-153.66,159.545,HIS-75
-135.647,-6.01596,MET-76
-74.3627,54.6287,THR-77
-162.515,147.919,GLU-78
-104.425,141.161,VAL-79
-56.1783,140.949,VAL-80
-152.823,160.749,ARG-81
-47.7369,164.369,ARG-82
-66.7406,157.29,CYS-83
-63.1722,-26.727,PRO-84
-77.8217,-7.80792,HIS-85
-121.131,-15.6226,HIS-86
-79.5261,20.3624,GLU-87
-139.672,-30.6511,ARG-88
-70.7386,155.637,CYS-89
-66.4019,-9.656,SER-90
-82.8034,-9.66305,ASP-91
-117.446,-24.8825,SER-92
-77.6829,149.569,ASP-93
168.072,-117.976,GLY-94
-65.0176,-46.4963,LEU-95
-74.329,135.731,ALA-96
-54.0356,140.733,PRO-97
-68.4861,-20.9506,PRO-98
-56.252,-33.8598,GLN-99
-80.1791,125.793,HIS-100
-82.8954,-43.4495,LEU-101
-69.6063,127.236,ILE-102
-154.134,150.464,ARG-103
-128.846,152.085,VAL-104
-150.877,-175.939,GLU-105
83.7095,-42.2681,GLY-106
-71.9901,149.746,ASN-107
-90.6494,-13.1273,LEU-108
-123.62,87.7213,ARG-109
-123.542,134.751,VAL-110
-173.65,174.908,GLU-111
-111.631,154.515,TYR-112
-151.341,138.178,LEU-113
-51.7678,134.585,ASP-114
-105.195,101.391,ASP-115
-64.6177,-33.2127,ARG-116
-80.4959,-34.6119,ASN-117
-119.289,-11.4306,THR-118
65.7909,33.1373,PHE-119
-112.696,97.9351,ARG-120
-61.9332,122.519,HIS-121
-164.425,150.053,SER-122
-68.6267,133.605,VAL-123
-122.852,142.561,VAL-124
-145.933,145.941,VAL-125
-68.4928,160.426,PRO-126
-93.2382,101.146,TYR-127
-108.178,170.389,GLU-128
-83.1005,160.383,PRO-129
-82.6545,162.571,PRO-130
-76.9266,157.578,GLU-131
-61.0879,123.825,VAL-132
89.9341,-6.00412,GLY-133
-91.0974,144.144,SER-134
-85.1452,-29.6902,ASP-135
-105.988,142.814,CYS-136
-62.2356,152.219,THR-137
-138.841,135.967,THR-138
-117.201,132.738,ILE-139
-106.533,94.2654,HIS-140
-72.051,167.145,TYR-141
-165.287,149.541,ASN-142
-148.43,144.313,TYR-143
-145.382,118.485,MET-144
-145.775,159.748,CYS-145
-63.5611,154.742,ASN-146
-127.497,-17.334,SER-147
-76.1668,-22.1422,SER-148
-67.1174,171.864,CYS-149
-124.334,-8.75279,MET-150
74.7036,-150.376,GLY-151
-64.1227,173.863,GLY-152
-50.6734,-28.1609,ILE-153
-139.021,147.666,ASN-154
-86.1791,69.1065,ARG-155
-85.491,154.143,ARG-156
-81.5331,163.361,PRO-157
-133.698,154.144,ILE-158
-150.032,133.015,LEU-159
-111.959,140.432,THR-160
-118.805,115.755,ILE-161
-112.636,140.734,ILE-162
-147.243,143.475,THR-163
-87.9848,132.258,LEU-164
-133.181,165.791,GLU-165
-83.5383,178.401,ASP-166
-60.4239,-36.6412,SER-167
-77.3218,6.6104,SER-168
86.1221,-2.32479,GLY-169
-66.1172,130.543,ASN-170
-63.1617,126.212,LEU-171
-115.19,-45.6668,LEU-172
-146.144,159.973,GLY-173
-133.585,147.288,ARG-174
-156.466,145.167,ASN-175
-139.985,154.49,SER-176
-149.818,154.965,PHE-177
-79.9624,147.033,GLU-178
-128.331,150.087,VAL-179
-149.233,133.646,ARG-180
-102.205,137.377,VAL-181
-145.681,148.979,CYS-182
-73.2318,-37.6496,ALA-183
-137.665,73.5138,CYS-184
-57.089,-24.1029,PRO-185
-70.7064,-54.4758,GLY-186
-48.5678,-51.8619,ARG-187
-70.0913,-28.3794,ASP-188
-54.3729,-61.2609,ARG-189
-43.1038,-38.8454,ARG-190
-75.1482,-37.1181,THR-191
-93.845,-27.634,GLU-192
-80.1508,-22.1758,GLU-193
-72.5851,-18.7254,GLU-194
-71.2172,-23.1722,ASN-195
-62.3497,167.007,LEU-196
-91.7832,-44.5841,ARG-197
-58.1713,137.532,LYS-198
-56.1806,145.106,LYS-199
-117.417,172.872,GLY-200
-63.851,129.38,GLU-201
-70.4389,-178.906,PRO-202
-155.525,-166.206,HIS-203
-75.4774,116.841,HIS-204
-71.1653,-45.1735,GLU-205
-64.509,-43.5369,LEU-206
-62.999,155.603,PRO-207
-58.9138,-164.086,PRO-208
-132.253,-119.597,GLY-209
-159.419,175.967,SER-210
-69.4731,116.444,THR-211
-50.0278,146.241,LYS-212
70.4902,161.994,ARG-213
-87.7472,178.298,ALA-214
-81.0546,-27.5389,LEU-215
-78.9107,146.506,PRO-216
-82.0626,31.8228,ASN-217
-59.4039,117.284,ASN-218
-121.406,38.8178,SER-2
-84.3424,153.453,SER-3
-65.4523,123.518,VAL-4
-64.6226,158.629,PRO-5
-95.1695,150.965,SER-6
-107.77,-8.73093,GLN-7
-55.8594,126.127,LYS-8
-84.6491,131.98,THR-9
-154.562,156.216,TYR-10
-91.7454,-34.1782,GLN-11
76.7046,-178.469,GLY-12
-64.7455,3.74905,SER-13
-88.389,-46.0471,TYR-14
82.4605,25.9661,GLY-15
-68.4996,123.592,PHE-16
-157.852,161.765,ARG-17
-113.118,139.485,LEU-18
-135.73,157.681,GLY-19
-134.776,139.224,PHE-20
-88.387,177.86,LEU-21
-144.735,142.382,HIS-22
-151.165,1.89896,SER-23
111.776,-157.567,GLY-24
-118.066,8.77336,THR-25
-73.7651,158.939,ALA-26
-59.9587,-26.7016,LYS-27
-56.4867,-26.4056,SER-28
-54.3808,129.991,VAL-29
-103.12,-23.7626,THR-30
-158.709,156.345,CYS-31
-144.849,157.88,THR-32
-131.621,119.867,TYR-33
-85.536,108.561,SER-34
-66.0801,-38.0632,PRO-35
-65.8856,-15.185,ALA-36
-100.646,-14.4771,LEU-37
31.7732,72.5075,ASN-38
-145.186,118.818,LYS-39
-92.327,128.425,MET-40
-99.3215,128.534,PHE-41
-133.432,126.982,CYS-42
-75.1065,135.242,GLN-43
-60.6771,138.095,LEU-44
56.2208,-5.8039,ALA-45
-66.5658,148.336,LYS-46
-69.6702,118.452,THR-47
-106.612,100.446,CYS-48
-67.9284,132.548,PRO-49
-132.494,133.716,VAL-50
-71.9329,137.586,GLN-51
-129.208,125.312,LEU-52
-103.198,151.18,TRP-53
-130.353,79.2616,VAL-54
-66.9915,-62.6083,ASP-55
-67.9725,-10.623,SER-56
91.393,134.655,THR-57
-83.4157,-178.761,PRO-58
-45.9191,175.092,PRO-59
-93.3252,152.819,PRO-60
77.0127,26.0841,GLY-61
-68.8995,156.179,THR-62
-117.747,149.738,ARG-63
-92.7779,129.992,VAL-64
-113.656,159.605,ARG-65
-150.967,137.277,ALA-66
-151.716,175.555,MET-67
-155.397,125.241,ALA-68
-99.4909,152.925,ILE-69
-119.14,133.021,TYR-70
-130.292,155.522,LYS-71
-133.874,171.996,GLN-72
-65.9546,38.6442,SER-73
-158.583,-20.3309,GLN-74
-155.728,161.92,HIS-75
-133.481,12.3118,MET-76
-116.768,81.4648,THR-77
-158.361,177.219,GLU-78
-130.739,144.583,VAL-79
-65.8558,118.169,VAL-80
-138.889,169.951,ARG-81
-62.106,163.395,ARG-82
-53.2487,142.602,CYS-83
-41.9102,-38.6032,PRO-84
-75.5719,-21.3591,HIS-85
-98.2359,-14.8931,HIS-86
-92.6409,14.5714,GLU-87
-148.495,-25.8841,ARG-88
-59.9057,153.569,CYS-89
-62.53,-14.0158,SER-90
-72.838,-4.2105,ASP-91
-129.37,-26.7937,SER-92
-86.7442,136.992,ASP-93
168.121,-88.67,GLY-94
-79.2705,-35.362,LEU-95
-96.1295,153.885,ALA-96
-58.8955,146.194,PRO-97
-75.4609,-27.4828,PRO-98
-56.2661,-45.4418,GLN-99
-74.9851,138.154,HIS-100
-79.6175,-36.6657,LEU-101
-77.1911,119.14,ILE-102
-154.874,133.521,ARG-103
-132.523,139.896,VAL-104
-131.616,-161.056,GLU-105
87.3474,-52.5493,GLY-106
-68.7362,149.326,ASN-107
-74.7293,-14.5022,LEU-108
-134.31,93.6546,ARG-109
-121.445,142.676,VAL-110
-164.888,162.63,GLU-111
-96.7779,137.881,TYR-112
-142.098,144.628,LEU-113
-57.6925,142.865,ASP-114
-105.973,122.436,ASP-115
-92.6171,-5.88299,ARG-116
-115.358,-24.9111,ASN-117
-105.148,-25.312,THR-118
69.7411,30.3361,PHE-119
-124.262,78.2109,ARG-120
-60.1817,125.908,HIS-121
-148.507,153.275,SER-122
-57.1654,134.723,VAL-123
-128.555,147.894,VAL-124
-138.459,144.309,VAL-125
-70.6856,155.679,PRO-126
-82.5646,124.156,TYR-127
-108.769,154.758,GLU-128
-81.6966,163.536,PRO-129
-62.892,132.211,PRO-130
-66.615,157.039,GLU-131
-54.2819,136.934,VAL-132
72.5793,4.89484,GLY-133
-123.36,166.763,SER-134
-109.478,-32.6297,ASP-135
-96.934,163.699,CYS-136
-79.2041,151.963,THR-137
-105.409,141.444,THR-138
-115.632,133.368,ILE-139
-104.589,94.2994,HIS-140
-81.2532,167.742,TYR-141
-161.693,143.046,ASN-142
-145.999,141.625,TYR-143
-139.025,109.77,MET-144
-154.735,158.764,CYS-145
-71.1102,155.875,ASN-146
-126.092,-1.08457,SER-147
-108.611,-31.1385,SER-148
-67.6415,164.924,CYS-149
-83.5479,-5.49928,MET-150
76.9316,-150.348,GLY-151
-82.8923,-177.286,GLY-152
-62.026,-28.7027,ILE-153
-143.749,114.256,ASN-154
-53.0962,120.95,ARG-155
-148.196,154.097,ARG-156
-65.238,135.678,PRO-157
-121.406,135.225,ILE-158
-118.005,134.577,LEU-159
-107.287,144.213,THR-160
-117.859,111.156,ILE-161
-108.52,123.692,ILE-162
-132.758,155.867,THR-163
-103.24,149.002,LEU-164
-155.808,167.111,GLU-165
-78.2241,173.921,ASP-166
-63.0014,-30.6094,SER-167
-68.9094,-19.7207,SER-168
89.6604,4.32798,GLY-169
-63.4181,113.398,ASN-170
-56.0417,123.877,LEU-171
-96.3329,-79.8722,LEU-172
-108.51,171.261,GLY-173
-154.894,144.236,ARG-174
-145.763,153.267,ASN-175
-137.357,165.325,SER-176
-159.625,156.118,PHE-177
-90.9311,138.063,GLU-178
-102.607,151.964,VAL-179
-142.111,120.583,ARG-180
-67.0956,134.367,VAL-181
-138.433,160.932,CYS-182
-71.0595,-55.8757,ALA-183
-116.718,84.0516,CYS-184
-59.2881,-22.6853,PRO-185
-97.6412,-28.7681,GLY-186
-62.1338,-48.6261,ARG-187
-55.0299,-41.5997,ASP-188
-58.2105,-45.9261,ARG-189
-73.2207,-33.0314,ARG-190
-54.7743,-43.9022,THR-191
-91.9966,-40.0328,GLU-192
-66.4182,-36.415,GLU-193
-61.2194,-29.3115,GLU-194
-71.8153,-5.76243,ASN-195
-79.5475,158.594,LEU-196
-77.2279,-19.2772,ARG-197
-78.4738,151.539,LYS-198
-49.4375,136.75,LYS-199
-113.542,-165.309,GLY-200
-89.6385,148.314,GLU-201
-83.7889,164.017,PRO-202
-158.143,165.704,HIS-203
-60.7764,131.133,HIS-204
-82.7082,-10.3148,GLU-205
-109.027,-57.7064,LEU-206
-53.1281,178.787,PRO-207
-51.7758,146.395,PRO-208
-103.874,-136.116,GLY-209
-164.868,-174.402,SER-210
-95.9501,167.074,THR-211
-107.704,150.813,LYS-212
67.553,171.65,ARG-213
-94.3915,160.128,ALA-214
-69.5148,-26.1468,LEU-215
-53.4936,143.733,PRO-216
-88.4591,15.3433,ASN-217
-56.7753,159.59,ASN-218
-124.514,26.0347,SER-2
-74.3535,131.214,SER-3
-50.8473,133.742,VAL-4
-66.0973,150.509,PRO-5
-92.5811,151.07,SER-6
-102.151,0.470338,GLN-7
-66.533,132.301,LYS-8
-89.342,98.2555,THR-9
-148.676,139.873,TYR-10
-106.699,-30.3655,GLN-11
71.4864,-132.784,GLY-12
-95.1479,-30.5296,SER-13
-69.9008,-31.0708,TYR-14
90.9752,18.7667,GLY-15
-70.1715,102.365,PHE-16
-138.528,149.275,ARG-17
-89.9575,168.823,LEU-18
-158.309,-179.249,GLY-19
-150.565,166.849,PHE-20
-103.699,-178.809,LEU-21
-155.889,158.5,HIS-22
-153.068,18.8795,SER-23
84.1734,-157.826,GLY-24
-135.604,15.941,THR-25
-73.3201,166.896,ALA-26
-70.2964,-19.6871,LYS-27
-85.8696,-1.42485,SER-28
-55.8438,122.792,VAL-29
-86.3253,-36.7802,THR-30
-165.195,169.628,CYS-31
-163.975,136.864,THR-32
-111.271,132.104,TYR-33
-107.177,99.5541,SER-34
-45.5828,-33.7969,PRO-35
-82.7956,-16.0436,ALA-36
-112.79,-15.818,LEU-37
50.8328,37.3644,ASN-38
-128.812,135.646,LYS-39
-110.498,139.199,MET-40
-118.986,124.996,PHE-41
-125.317,135.207,CYS-42
-83.9975,131.044,GLN-43
-55.7986,120.803,LEU-44
100.578,-40.172,ALA-45
-58.4307,150.938,LYS-46
-74.1303,141.126,THR-47
-129.298,82.155,CYS-48
-67.6139,122.705,PRO-49
-121.272,144.653,VAL-50
-97.2028,142.998,GLN-51
-136.415,133.93,LEU-52
-130.161,142.564,TRP-53
-133.209,73.3272,VAL-54
-62.2204,-24.2069,ASP-55
-91.2007,8.66296,SER-56
63.2301,103.272,THR-57
-70.0223,162.675,PRO-58
-58.3065,171.357,PRO-59
-87.3893,133.441,PRO-60
93.6798,1.6711,GLY-61
-71.7552,141.251,THR-62
-109.86,134.89,ARG-63
-83.1997,137.022,VAL-64
-127.044,156.015,ARG-65
-143.989,104.848,ALA-66
-102.655,173.093,MET-67
-160.452,111.014,ALA-68
-98.0132,157.458,ILE-69
-132.789,136.837,TYR-70
-120.105,152.702,LYS-71
-127.999,170.524,GLN-72
-64.011,2.96533,SER-73
-130.45,-9.92704,GLN-74
-163.688,150.215,HIS-75
-125.151,-0.662348,MET-76
-85.8797,55.1993,THR-77
-139.248,153.792,GLU-78
-101.812,155.637,VAL-79
-66.4293,129.359,VAL-80
-142.304,148.07,ARG-81
-57.253,162.119,ARG-82
-50.4789,152.334,CYS-83
-59.1728,-32.1844,PRO-84
-80.2522,-9.21112,HIS-85
-124.015,-10.0253,HIS-86
-67.2355,4.86131,GLU-87
-151.41,-15.1513,ARG-88
-70.8916,159.165,CYS-89
-52.867,-21.3488,SER-90
-80.6714,-7.17693,ASP-91
-123.45,-22.305,SER-92
-90.1554,149.732,ASP-93
166.796,-130.981,GLY-94
-46.2347,-60.7512,LEU-95
-90.7306,143.773,ALA-96
-63.0573,151.339,PRO-97
-70.3105,-12.5624,PRO-98
-82.6704,-31.0194,GLN-99
-75.742,118.929,HIS-100
-74.0666,-29.9998,LEU-101
-90.0822,123.076,ILE-102
-138.794,161.192,ARG-103
-134.892,157.413,VAL-104
-156.414,-159.65,GLU-105
80.0345,-47.5058,GLY-106
-74.2509,129.446,ASN-107
-51.4336,-41.3778,LEU-108
-103.01,115.997,ARG-109
-149.84,134.084,VAL-110
-162.611,170.114,GLU-111
-109.076,137.64,TYR-112
-143.924,144.737,LEU-113
-59.2932,160.576,ASP-114
-120.172,131.198,ASP-115
-68.427,-24.0167,ARG-116
-81.2953,-42.1963,ASN-117
-117.658,-17.6485,THR-118
68.681,-0.368816,PHE-119
-67.6364,100.947,ARG-120
-75.8858,116.843,HIS-121
-143.841,157.196,SER-122
-61.4543,122.437,VAL-123
-123.759,128.017,VAL-124
-107.576,156.27,VAL-125
-64.1262,158.051,PRO-126
-70.1814,109.453,TYR-127
-93.4812,157.176,GLU-128
-84.8694,178.122,PRO-129
-58.1165,170.867,PRO-130
-130.942,161.127,GLU-131
-60.3434,122.147,VAL-132
72.0002,32.4128,GLY-133
-144.718,126.908,SER-134
-83.0763,-19.4499,ASP-135
-86.7627,170.784,CYS-136
-83.8054,126.059,THR-137
-97.188,115.099,THR-138
-79.5399,136.981,ILE-139
-97.0879,80.6888,HIS-140
-77.0347,159.343,TYR-141
-159.985,144.728,ASN-142
-139.171,152.046,TYR-143
-154.29,93.9725,MET-144
-150.683,152.558,CYS-145
-66.8996,159.989,ASN-146
-124.067,-16.645,SER-147
-77.7759,-31.2424,SER-148
-57.8687,157.787,CYS-149
-74.3756,-18.3094,MET-150
92.0892,-146.335,GLY-151
-64.7808,179.37,GLY-152
-58.4936,-30.3667,ILE-153
-153.753,127.867,ASN-154
-48.6503,114.265,ARG-155
-144.333,151.542,ARG-156
-67.2368,150.87,PRO-157
-123.741,154.052,ILE-158
-136.02,135.102,LEU-159
-98.9736,144.165,THR-160
-115.273,107.374,ILE-161
-97.3192,143.004,ILE-162
-143.664,159.155,THR-163
-115.254,134.441,LEU-164
-131.584,166.023,GLU-165
-74.0939,163.695,ASP-166
-56.3368,-44.1075,SER-167
-69.5112,9.03393,SER-168
77.4146,-8.83913,GLY-169
-59.6132,128.019,ASN-170
-58.8087,124.313,LEU-171
-104.771,-38.6499,LEU-172
-153.826,159.737,GLY-173
-142.988,147.213,ARG-174
-145.583,151.368,ASN-175
-139.987,142.399,SER-176
-138.173,142.519,PHE-177
-68.0481,143.681,GLU-178
-119.566,141.71,VAL-179
-127.275,129.946,ARG-180
-91.3715,127.963,VAL-181
-122.798,155.763,CYS-182
-84.8852,-40.9261,ALA-183
-121.77,72.9778,CYS-184
-54.3377,-35.4764,PRO-185
-77.8536,-22.527,GLY-186
-84.3137,-38.9526,ARG-187
-59.1522,-43.446,ASP-188
-50.4829,-58.9255,ARG-189
-54.7243,-39.0314,ARG-190
-61.9643,-50.8543,THR-191
-83.7033,-19.7582,GLU-192
-84.8907,-34.566,GLU-193
-70.9086,-11.5374,GLU-194
-69.8912,-23.2449,ASN-195
-87.2408,174.413,LEU-196
-105.286,-26.8006,ARG-197
-63.9178,148.386,LYS-198
-58.3574,140.008,LYS-199
-116.85,174.501,GLY-200
-108.446,136.716,GLU-201
-74.9882,175.258,PRO-202
-140.202,-163.585,HIS-203
-67.3796,139.127,HIS-204
-110.203,-10.0164,GLU-205
-72.5952,-29.1285,LEU-206
-86.6872,153.663,PRO-207
-58.4161,160.798,PRO-208
-81.7692,-102.786,GLY-209
-175.878,-160.44,SER-210
-81.2899,133.91,THR-211
-64.8054,137.702,LYS-212
76.9883,152.568,ARG-213
-75.7299,160.458,ALA-214
-63.0536,-33.3985,LEU-215
-51.5141,156.301,PRO-216
-85.5816,15.8595,ASN-217
-58.4671,149.757,ASN-218
-126.773,22.3749,SER-2
-59.1095,146.906,SER-3
-55.7409,108.378,VAL-4
-46.3114,133.327,PRO-5
-92.5049,138.228,SER-6
-93.9696,11.9445,GLN-7
-91.8427,108.524,LYS-8
-61.8842,138.266,THR-9
-166.375,131.242,TYR-10
-74.0359,-38.8826,GLN-11
72.6374,166.176,GLY-12
-52.2913,-24.1655,SER-13
-73.8871,-21.0065,TYR-14
72.1705,49.2741,GLY-15
-92.9253,137.217,PHE-16
-164.89,133.945,ARG-17
-96.6668,143.794,LEU-18
-108.061,121.764,GLY-19
-103.461,144.758,PHE-20
-109.981,171.332,LEU-21
-148.426,164.745,HIS-22
-165.868,-1.36821,SER-23
130.508,-166.091,GLY-24
-147.496,-11.659,THR-25
-71.9849,158.21,ALA-26
-60.9503,-12.5789,LYS-27
-58.9908,-43.0826,SER-28
-47.4727,121.009,VAL-29
-69.7449,-33.287,THR-30
-170.575,160.074,CYS-31
-156.478,173.052,THR-32
-146.961,129.326,TYR-33
-99.8837,98.6685,SER-34
-69.8413,-19.408,PRO-35
-64.1099,-12.3412,ALA-36
-128.16,-12.5773,LEU-37
56.8667,43.3452,ASN-38
-127.853,129.507,LYS-39
-103.076,124.18,MET-40
-107.239,114.51,PHE-41
-115.177,147.816,CYS-42
-84.0437,150.143,GLN-43
-83.4099,140.12,LEU-44
75.0133,3.5375,ALA-45
-98.4126,145.18,LYS-46
-62.3085,124.11,THR-47
-112.203,92.1297,CYS-48
-72.8724,163.37,PRO-49
-162.069,137.647,VAL-50
-98.9764,162.831,GLN-51
-147.646,123.102,LEU-52
-106.897,150.329,TRP-53
-145.002,83.2607,VAL-54
-53.3614,-52.8103,ASP-55
-70.5988,-14.4352,SER-56
74.9361,128.372,THR-57
-91.8401,159.341,PRO-58
-49.8825,164.778,PRO-59
-64.2693,154.887,PRO-60
76.5608,-19.0394,GLY-61
-47.103,133.842,THR-62
-107.686,146.561,ARG-63
-105.978,111.069,VAL-64
-92.6664,149.086,ARG-65
-129.919,142.664,ALA-66
-144.019,173.182,MET-67
-162.97,114.403,ALA-68
-117.924,135.159,ILE-69
-103.482,122.983,TYR-70
-99.3633,152.923,LYS-71
-141.653,157.895,GLN-72
-73.7125,46.0591,SER-73
-173.095,-13.316,GLN-74
-150.116,150.563,HIS-75
-115.735,-4.26767,MET-76
-99.2527,96.2662,THR-77
-178.67,162.2,GLU-78
-104.888,150.659,VAL-79
-72.0186,138.275,VAL-80
-144.443,154.887,ARG-81
-58.0747,159.2,ARG-82
-52.8699,145.046,CYS-83
-49.8386,-21.6803,PRO-84
-97.0524,8.17255,HIS-85
-152.634,9.45044,HIS-86
-98.5185,6.41269,GLU-87
-145.893,-18.8255,ARG-88
-56.8182,148.958,CYS-89
-57.5968,-20.5531,SER-90
-63.8568,-32.3938,ASP-91
-86.3161,-40.99,SER-92
-64.3381,157.039,ASP-93
162.535,-132.821,GLY-94
-66.8341,-13.4574,LEU-95
-109.347,128.097,ALA-96
-56.834,163.764,PRO-97
-81.2891,-20.4861,PRO-98
-67.9837,-48.424,GLN-99
-68.6301,122.563,HIS-100
-69.53,-47.7207,LEU-101
-74.2653,109.862,ILE-102
-139.293,148.534,ARG-103
-132.551,143.879,VAL-104
-142.45,-160.135,GLU-105
85.2949,-37.1776,GLY-106
-91.3335,134.519,ASN-107
-72.175,-11.3168,LEU-108
-118.025,131.616,ARG-109
-154.452,142.35,VAL-110
-148.803,162.615,GLU-111
-98.4123,119.956,TYR-112
-124.319,157.974,LEU-113
-63.3508,130.488,ASP-114
-96.7775,121.78,ASP-115
-69.8815,-21.8173,ARG-116
-99.7274,-17.39,ASN-117
-126.207,-13.837,THR-118
85.4608,-15.4236,PHE-119
-59.2537,118.175,ARG-120
-75.727,105.863,HIS-121
-151.049,145.306,SER-122
-69.2009,133.844,VAL-123
-117.772,138.841,VAL-124
-115.456,151.971,VAL-125
-66.0164,147.482,PRO-126
-66.5224,148.033,TYR-127
-136.411,144.312,GLU-128
-62.4413,173.965,PRO-129
-75.4066,149.675,PRO-130
-87.8586,136.241,GLU-131
-41.8743,142.171,VAL-132
76.6826,16.916,GLY-133
-149.494,178.98,SER-134
-92.4189,-52.2874,ASP-135
-154.386,158.67,CYS-136
-52.1185,119.894,THR-137
-80.3029,137.867,THR-138
-116.276,142.112,ILE-139
-135.797,126.152,HIS-140
-129.41,173.585,TYR-141
-166.591,152.758,ASN-142
-153.969,153.032,TYR-143
-153.778,109.112,MET-144
-151.895,158.714,CYS-145
-83.2287,140.414,ASN-146
-108.48,6.88193,SER-147
-109.509,-20.9038,SER-148
-63.6702,141.643,CYS-149
-65.2031,-19.5739,MET-150
81.7008,-168.465,GLY-151
-64.9947,168.197,GLY-152
-56.0043,-32.3537,ILE-153
-135.81,109.603,ASN-154
-56.2538,136.742,ARG-155
-155.766,161.675,ARG-156
-76.6677,156.122,PRO-157
-125.458,136.67,ILE-158
-124.815,152.685,LEU-159
-115.77,132.609,THR-160
-94.5118,128.828,ILE-161
-120.486,144.241,ILE-162
-158.154,150.635,THR-163
-102.687,139.515,LEU-164
-136.398,150.136,GLU-165
-56.422,167.714,ASP-166
-66.3585,-28.7752,SER-167
-67.549,-5.53993,SER-168
78.1422,-5.65188,GLY-169
-59.9327,141.247,ASN-170
-79.75,118.053,LEU-171
-105.735,-36.0945,LEU-172
-148.563,164.784,GLY-173
-148.545,143.274,ARG-174
-160.956,124.187,ASN-175
-127.924,121.145,SER-176
-124.813,142.21,PHE-177
-80.4138,140.415,GLU-178
-124.307,139.7,VAL-179
-134.829,114.89,ARG-180
-65.4604,132.482,VAL-181
-139.896,168.915,CYS-182
-101.207,-46.4403,ALA-183
-107.503,76.7401,CYS-184
-56.1348,-27.6716,PRO-185
-95.2024,-23.4281,GLY-186
-69.7863,-44.8684,ARG-187
-65.6468,-37.2584,ASP-188
-56.5014,-64.7959,ARG-189
-51.7419,-47.4624,ARG-190
-54.2599,-44.7825,THR-191
-80.3521,-39.5434,GLU-192
-75.653,-26.0756,GLU-193
-76.8697,-2.59898,GLU-194
-72.89,-15.7363,ASN-195
-88.6875,161.086,LEU-196
-86.7005,-23.5679,ARG-197
-63.6881,145.867,LYS-198
-52.7755,100.536,LYS-199
-95.9736,172.866,GLY-200
-93.6589,141.648,GLU-201
-79.0255,170.421,PRO-202
-161.031,172.217,HIS-203
-72.4842,121.817,HIS-204
-82.4225,-25.8091,GLU-205
-76.6008,-43.8935,LEU-206
-75.8389,150.903,PRO-207
-60.0886,156.749,PRO-208
-82.5974,-126.544,GLY-209
-169.867,-171.358,SER-210
-96.2772,157.061,THR-211
-81.612,164.22,LYS-212
67.5178,164.492,ARG-213
-82.0619,159.513,ALA-214
-70.1065,-34.9518,LEU-215
-63.536,141.453,PRO-216
-64.9254,13.9514,ASN-217
-50.3257,123.805,ASN-218
-142.688,61.9426,SER-2
-85.4011,170.361,SER-3
-84.8917,131.258,VAL-4
-56.4643,109.882,PRO-5
-75.2244,128.749,SER-6
-88.5766,-3.27219,GLN-7
-56.1096,104.792,LYS-8
-62.1732,136.822,THR-9
-167.149,142.641,TYR-10
-83.1471,-20.9143,GLN-11
76.7637,-173.691,GLY-12
-69.9237,-25.6999,SER-13
-64.3337,-31.0229,TYR-14
83.1184,38.88,GLY-15
-59.8445,125.662,PHE-16
-172.153,145.884,ARG-17
-103.441,147.861,LEU-18
-145.265,158.644,GLY-19
-127.339,168.841,PHE-20
-124.831,167.35,LEU-21
-138.114,161.645,HIS-22
-149.89,-4.33721,SER-23
125.166,-159.196,GLY-24
-124.749,-2.56999,THR-25
-77.3985,167.134,ALA-26
-57.39,-29.7856,LYS-27
-61.3469,-23.1382,SER-28
-63.963,132.863,VAL-29
-82.962,-30.2585,THR-30
-173.782,145.698,CYS-31
-139.685,150.809,THR-32
-132.692,132.634,TYR-33
-106.046,102.644,SER-34
-58.262,-28.633,PRO-35
-66.4195,-17.8308,ALA-36
-108.811,-3.20476,LEU-37
35.8817,37.0922,ASN-38
-116.55,127.9,LYS-39
-93.4998,130.083,MET-40
-114.203,123.361,PHE-41
-122.757,125.785,CYS-42
-62.6767,131.707,GLN-43
-59.0095,132.074,LEU-44
73.7531,-6.09442,ALA-45
-70.221,160.135,LYS-46
-87.3573,136.089,THR-47
-122.341,98.9584,CYS-48
-78.004,152.82,PRO-49
-143.63,157.632,VAL-50
-118.875,144.485,GLN-51
-129.042,120.977,LEU-52
-106.496,140.871,TRP-53
-153.19,76.9722,VAL-54
-74.1129,-42.6533,ASP-55
-64.4279,-29.4162,SER-56
77.2884,140.511,THR-57
-79.8131,165.239,PRO-58
-69.9976,157.01,PRO-59
-76.6008,142.193,PRO-60
94.0792,-8.84849,GLY-61
-44.726,153.273,THR-62
-118.323,163.753,ARG-63
-120.349,133.526,VAL-64
-119.802,160.598,ARG-65
-145.976,127.505,ALA-66
-139.866,175.496,MET-67
-165.877,124.595,ALA-68
-113.278,152.794,ILE-69
-118.345,90.8982,TYR-70
-69.9706,144.546,LYS-71
-157.201,157.389,GLN-72
-63.527,9.70302,SER-73
-151.197,11.2424,GLN-74
-168.656,149.833,HIS-75
-105.848,-19.3866,MET-76
-80.9897,17.8937,THR-77
-93.0429,154.05,GLU-78
-97.0831,156.073,VAL-79
-68.6879,126.604,VAL-80
-135.999,153.69,ARG-81
-62.6415,154.893,ARG-82
-41.326,151.311,CYS-83
-61.7778,-41.1523,PRO-84
-58.3478,-18.9809,HIS-85
-119.497,-20.6139,HIS-86
-70.776,20.9552,GLU-87
-154.596,-17.6061,ARG-88
-82.3627,168.891,CYS-89
-73.6327,-17.7268,SER-90
-56.1436,-27.7617,ASP-91
-109.933,-27.1915,SER-92
-59.7466,162.122,ASP-93
146.886,-150.069,GLY-94
-57.7309,-40.6756,LEU-95
-75.8846,138.459,ALA-96
-54.2139,143.479,PRO-97
-60.491,-16.2897,PRO-98
-83.745,-37.1771,GLN-99
-70.758,119.863,HIS-100
-72.3919,-35.0528,LEU-101
-79.3456,101.767,ILE-102
-119.359,147.539,ARG-103
-134.952,140.985,VAL-104
-138.588,-154.721,GLU-105
92.1034,-57.0131,GLY-106
-65.0278,130.042,ASN-107
-64.0334,6.10677,LEU-108
-138.177,138.059,ARG-109
169.796,135.402,VAL-110
-173.317,165.483,GLU-111
-91.1519,146.444,TYR-112
-158.993,152.311,LEU-113
-65.1617,138.254,ASP-114
-83.0037,127.675,ASP-115
-63.6383,-40.4526,ARG-116
-75.7788,-22.5698,ASN-117
-133.348,-23.1516,THR-118
71.1918,31.6857,PHE-119
-95.4856,100.086,ARG-120
-64.8966,136.269,HIS-121
-171.208,150.868,SER-122
-65.8094,128.892,VAL-123
-108.153,135.287,VAL-124
-105.795,148.379,VAL-125
-57.9604,147.751,PRO-126
-74.4832,138.854,TYR-127
-131.323,153.039,GLU-128
-79.5573,174.709,PRO-129
-57.2457,136.385,PRO-130
-74.9197,125.071,GLU-131
-46.6222,121.745,VAL-132
105.745,-14.2824,GLY-133
-89.2244,145.076,SER-134
-77.1506,-26.1218,ASP-135
-159.911,167.208,CYS-136
-97.8467,163.119,THR-137
-116.447,136.508,THR-138
-113.693,154.588,ILE-139
-140.94,91.8046,HIS-140
-95.1061,173.605,TYR-141
-172.357,151.247,ASN-142
-152.966,147.106,TYR-143
-144.081,119.069,MET-144
-169.062,150.789,CYS-145
-87.1124,129.142,ASN-146
-86.2057,-1.59604,SER-147
-104.549,-7.48742,SER-148
-61.6957,138.364,CYS-149
-69.9929,-11.2533,MET-150
99.3703,168.488,GLY-151
-55.7693,171.271,GLY-152
-66.6464,-24.1352,ILE-153
-144.968,111.008,ASN-154
-55.4165,125.715,ARG-155
-142.751,155.451,ARG-156
-56.1479,149.583,PRO-157
-135.199,137.255,ILE-158
-116.981,148.409,LEU-159
-122.843,133.909,THR-160
-107.754,122.482,ILE-161
-114.504,134.467,ILE-162
-135.18,156.966,THR-163
-110.494,131.06,LEU-164
-143.241,153.892,GLU-165
-62.9154,152.455,ASP-166
-38.5684,-34.9564,SER-167
-90.9129,13.801,SER-168
87.0145,-5.6947,GLY-169
-67.0576,120.957,ASN-170
-63.1655,120.074,LEU-171
-103.514,-42.3039,LEU-172
-147.738,166.357,GLY-173
-146.628,149.607,ARG-174
-160.745,142.876,ASN-175
-135.294,159.434,SER-176
-155.515,167.979,PHE-177
-92.7675,150.615,GLU-178
-124.095,159.597,VAL-179
-153.058,151.514,ARG-180
-115.054,123.375,VAL-181
-125.368,153.345,CYS-182
-67.1972,-51.2458,ALA-183
-113.378,99.5672,CYS-184
-70.3203,-26.9291,PRO-185
-69.6383,-31.8624,GLY-186
-82.7299,-53.6894,ARG-187
-55.4935,-44.5869,ASP-188
-39.3253,-65.2066,ARG-189
-55.3548,-36.561,ARG-190
-63.058,-32.4302,THR-191
-98.3917,-28.1744,GLU-192
-94.8494,-28.8878,GLU-193
-61.7699,-17.5243,GLU-194
-67.4843,-11.7414,ASN-195
-95.1806,175.558,LEU-196
-84.4367,-44.3909,ARG-197
-71.2354,154.106,LYS-198
-63.6501,147.466,LYS-199
-133.973,-173.113,GLY-200
-70.6473,149.139,GLU-201
-86.0179,170.452,PRO-202
-156.463,178.435,HIS-203
-55.6531,127.082,HIS-204
-99.1611,-6.67121,GLU-205
-90.9527,-44.7114,LEU-206
-68.383,165.886,PRO-207
-74.187,163.901,PRO-208
-75.3168,179.017,GLY-209
-84.745,-152.227,SER-210
-113.408,146.745,THR-211
-61.4022,159.032,LYS-212
67.3565,146.783,ARG-213
-73.068,163.009,ALA-214
-94.6685,-20.4163,LEU-215
-64.5576,157.485,PRO-216
-83.9843,4.58533,ASN-217
-50.4324,125.388,ASN-218
-136.064,40.0434,SER-2
-88.855,148.713,SER-3
-64.6683,128.752,VAL-4
-48.8162,121.711,PRO-5
-88.5136,135.185,SER-6
-88.8765,-14.9508,GLN-7
-67.4595,121.688,LYS-8
-73.4679,126.821,THR-9
-151.937,145.864,TYR-10
-73.3595,-22.209,GLN-11
61.557,-168.721,GLY-12
-70.0122,-19.5892,SER-13
-88.8175,-21.9759,TYR-14
91.1004,23.6318,GLY-15
-50.3082,119.406,PHE-16
-147.741,133.128,ARG-17
-83.3037,164.527,LEU-18
-154.569,149.562,GLY-19
-124.227,138.507,PHE-20
-70.1478,159.185,LEU-21
-143.8,136.208,HIS-22
-137.179,11.3021,SER-23
94.4344,-156.772,GLY-24
-138.969,21.8067,THR-25
-64.6915,160.97,ALA-26
-61.3232,-21.1551,LYS-27
-59.8826,-18.7568,SER-28
-70.1833,134.971,VAL-29
-78.4252,-45.5362,THR-30
-159.567,172.261,CYS-31
-164.985,152.904,THR-32
-129.033,127.247,TYR-33
-100.74,101.425,SER-34
-43.4183,-44.9811,PRO-35
-71.4008,-25.6735,ALA-36
-103.067,-2.89437,LEU-37
47.6904,48.3947,ASN-38
-129.414,117.753,LYS-39
-95.3062,146.023,MET-40
-125.825,125.106,PHE-41
-123.356,128.524,CYS-42
-69.6824,147.046,GLN-43
-59.6602,139.369,LEU-44
64.9307,-26.4892,ALA-45
-53.3838,139.568,LYS-46
-75.9736,106.178,THR-47
-101.718,96.8667,CYS-48
-70.276,139.086,PRO-49
-124.239,144.536,VAL-50
-103.644,159.21,GLN-51
-148.53,131.925,LEU-52
-127.459,151.936,TRP-53
-147.592,112.649,VAL-54
-63.7027,-44.086,ASP-55
-88.497,-8.51807,SER-56
54.152,159.807,THR-57
-98.6286,167.628,PRO-58
-64.8477,167.121,PRO-59
-71.5223,159.112,PRO-60
70.5595,20.9929,GLY-61
-90.7831,154.055,THR-62
-134.025,156.601,ARG-63
-106.101,130.586,VAL-64
-114.256,144.464,ARG-65
-127.146,144.336,ALA-66
-159.032,169.086,MET-67
-159.171,111.511,ALA-68
-95.4354,150.159,ILE-69
-109.404,113.684,TYR-70
-87.4347,128.925,LYS-71
-122.737,170.689,GLN-72
-73.8562,-5.61542,SER-73
-145.037,14.7327,GLN-74
-164.532,150.236,HIS-75
-127.67,10.3479,MET-76
-79.7971,62.4227,THR-77
-171.339,145.988,GLU-78
-116.297,153.474,VAL-79
-66.4752,123.406,VAL-80
-130.121,153.919,ARG-81
-63.4401,156.314,ARG-82
-48.9717,149.64,CYS-83
-53.5887,-33.5024,PRO-84
-85.7536,-5.47404,HIS-85
-128.133,-16.4334,HIS-86
-62.7475,23.5521,GLU-87
-153.635,-34.4458,ARG-88
-61.4608,161.223,CYS-89
-66.419,-15.7332,SER-90
-74.385,-12.5986,ASP-91
-115.86,-38.7859,SER-92
-72.5096,134.213,ASP-93
-171.864,-150.954,GLY-94
-49.0534,-33.8405,LEU-95
-92.8701,144.115,ALA-96
-59.6863,144.085,PRO-97
-62.7224,-23.7502,PRO-98
-82.9995,-25.6724,GLN-99
-80.7253,115.92,HIS-100
-70.5935,-28.4486,LEU-101
-87.1536,126.279,ILE-102
-146.08,149.653,ARG-103
-133.631,134.101,VAL-104
-134.958,-159.228,GLU-105
76.7671,-48.4522,GLY-106
-72.0732,132.452,ASN-107
-55.1897,-28.984,LEU-108
-100.078,140.206,ARG-109
-176.872,128.128,VAL-110
-165.12,163.107,GLU-111
-100.883,130.805,TYR-112
-121.763,155.632,LEU-113
-61.7446,146.137,ASP-114
-110.477,118.984,ASP-115
-68.9764,-41.1024,ARG-116
-69.4058,-38.3938,ASN-117
-111.373,-20.6513,THR-118
73.3835,4.3371,PHE-119
-84.5928,94.8399,ARG-120
-50.6483,124.426,HIS-121
-164.3,154.881,SER-122
-63.2733,132.557,VAL-123
-121.507,147.021,VAL-124
-125.363,141.14,VAL-125
-76.3521,134.751,PRO-126
-58.2289,112.884,TYR-127
-101.744,149.206,GLU-128
-71.5674,173.956,PRO-129
-60.872,153.451,PRO-130
-98.3537,147.191,GLU-131
-21.228,103.595,VAL-132
92.1994,19.5429,GLY-133
-116.905,171.962,SER-134
-119.491,-15.286,ASP-135
-131.332,151.091,CYS-136
-92.7257,141.677,THR-137
-97.568,136.561,THR-138
-118.097,112.971,ILE-139
-87.0004,92.9746,HIS-140
-73.7442,168.516,TYR-141
-151.061,154.252,ASN-142
-147.206,135.436,TYR-143
-119.914,123.776,MET-144
-170.678,158.307,CYS-145
-86.8151,160.422,ASN-146
-128.242,-30.5881,SER-147
-66.635,-19.3983,SER-148
-52.9078,146.79,CYS-149
-76.5055,-33.7791,MET-150
66.7607,-156.126,GLY-151
-99.7973,-167.356,GLY-152
-65.1841,-22.133,ILE-153
-156.963,104.935,ASN-154
-61.4358,128.257,ARG-155
-146.62,154.93,ARG-156
-81.7825,151.347,PRO-157
-127.446,136.94,ILE-158
-126.991,139.004,LEU-159
-107.676,152.631,THR-160
-129.227,130.163,ILE-161
-128.899,127.088,ILE-162
-141.569,136.532,THR-163
-81.8229,133.367,LEU-164
-139.41,159.905,GLU-165
-72.6771,155.19,ASP-166
-56.1236,-27.9821,SER-167
-90.0689,-6.60911,SER-168
116.636,-13.4807,GLY-169
-56.366,111.607,ASN-170
-69.6384,130.509,LEU-171
-112.426,-16.1942,LEU-172
173.82,165.227,GLY-173
-148.276,153.382,ARG-174
-159.333,150.762,ASN-175
-140.912,142.757,SER-176
-130.959,161.996,PHE-177
-83.9558,140.451,GLU-178
-110.107,136.287,VAL-179
-131.808,122.653,ARG-180
-82.2222,132.718,VAL-181
-140.539,152.69,CYS-182
-77.0164,-40.7608,ALA-183
-126.006,75.7857,CYS-184
-59.2962,-28.7764,PRO-185
-80.1799,-44.9804,GLY-186
-56.3612,-42.4077,ARG-187
-76.2397,-29.0171,ASP-188
-59.6925,-58.0181,ARG-189
-55.1132,-50.2936,ARG-190
-58.4724,-30.5212,THR-191
-92.214,-34.8869,GLU-192
-84.5736,-17.8122,GLU-193
-72.3413,-16.6566,GLU-194
-66.4994,-21.3766,ASN-195
-77.7997,159.121,LEU-196
-81.0718,-36.3812,ARG-197
-55.7725,153.19,LYS-198
-55.523,141.7,LYS-199
-113.511,-174.99,GLY-200
-100.4,151.735,GLU-201
-94.8002,155.092,PRO-202
-146.161,-173.977,HIS-203
-67.2809,150.424,HIS-204
-114.917,-3.89901,GLU-205
-86.7563,-57.9419,LEU-206
-72.7636,149.124,PRO-207
-75.0259,-174.296,PRO-208
-99.7364,173.818,GLY-209
-98.279,-165.264,SER-210
-71.5608,153.865,THR-211
-87.9337,165.89,LYS-212
72.2311,144.201,ARG-213
-70.1434,157.046,ALA-214
-74.3769,-27.6378,LEU-215
-67.2749,149.48,PRO-216
-89.1287,33.2024,ASN-217
-46.1871,151.219,ASN-218
-126.828,29.2794,SER-2
-58.0422,174.881,SER-3
-99.2158,126.18,VAL-4
-64.8108,135.5,PRO-5
-70.8597,142.427,SER-6
-96.7578,-7.542,GLN-7
-58.3115,129.561,LYS-8
-87.5839,135.717,THR-9
-157.896,150.883,TYR-10
-99.0295,-6.09655,GLN-11
72.1031,165.63,GLY-12
-50.9861,-5.28083,SER-13
-97.1283,-30.3121,TYR-14
85.5482,31.4056,GLY-15
-70.9602,111.311,PHE-16
-152.231,153.904,ARG-17
-94.9988,167.729,LEU-18
-144.774,122.654,GLY-19
-107.996,141.108,PHE-20
-95.8549,150.915,LEU-21
-145.123,147.547,HIS-22
-153.852,0.766953,SER-23
153.772,-178.301,GLY-24
-125.447,6.30804,THR-25
-74.4229,164.067,ALA-26
-55.3576,-25.0655,LYS-27
-79.3741,-7.11993,SER-28
-86.4295,136.284,VAL-29
-83.0808,-29.4315,THR-30
-169.766,166.22,CYS-31
-173.007,157.043,THR-32
-145.269,140.882,TYR-33
-109.429,104.037,SER-34
-64.0228,-27.1406,PRO-35
-68.8431,-44.4112,ALA-36
-84.2803,-15.7517,LEU-37
39.3894,68.3538,ASN-38
-153.144,120.446,LYS-39
-104.573,143.734,MET-40
-118.872,121.933,PHE-41
-126.683,144.493,CYS-42
-84.2237,136.929,GLN-43
-53.8535,127.167,LEU-44
76.004,-8.82669,ALA-45
-71.5078,143.382,LYS-46
-96.7962,112.063,THR-47
-84.2799,123.422,CYS-48
-89.4404,131.671,PRO-49
-119.542,154.768,VAL-50
-113.366,159.566,GLN-51
-151.706,137.205,LEU-52
-130.633,160.648,TRP-53
-163.539,88.4522,VAL-54
-74.9656,-33.5817,ASP-55
-74.8055,-5.12217,SER-56
63.6759,133.456,THR-57
-86.8177,174.268,PRO-58
-58.4755,155.392,PRO-59
-62.5029,167.298,PRO-60
80.247,-14.0961,GLY-61
-43.2831,139.472,THR-62
-108.497,142.941,ARG-63
-88.2576,112.442,VAL-64
-99.5352,147.127,ARG-65
-142.171,137.275,ALA-66
-148.964,-177.528,MET-67
-170.861,114.87,ALA-68
-100.2,141.064,ILE-69
-117.462,139.172,TYR-70
-127.306,134.629,LYS-71
-145.546,157.098,GLN-72
-65.9067,27.5501,SER-73
-167.089,-19.5872,GLN-74
-167.281,-179.38,HIS-75
-131.26,14.326,MET-76
-89.6072,26.1038,THR-77
-120.124,149.417,GLU-78
-90.6327,143.772,VAL-79
-61.5713,121.163,VAL-80
-129.999,157.769,ARG-81
-49.8886,153.29,ARG-82
-55.3207,162.824,CYS-83
-61.5971,-51.376,PRO-84
-54.5858,-9.05924,HIS-85
-132.973,-22.9317,HIS-86
-57.5426,7.14776,GLU-87
-156.821,-20.9335,ARG-88
-64.1735,154.956,CYS-89
-63.7618,-9.00532,SER-90
-89.6545,-23.5365,ASP-91
-100.438,-7.83955,SER-92
-91.9774,146.218,ASP-93
158.664,-122.149,GLY-94
-81.872,-37.2108,LEU-95
-81.9877,155.419,ALA-96
-54.41,139.482,PRO-97
-66.8587,-18.6618,PRO-98
-64.0884,-36.2334,GLN-99
-74.4846,140.745,HIS-100
-80.9879,-48.5736,LEU-101
-65.2057,110.321,ILE-102
-145.015,163.154,ARG-103
-143.893,135.778,VAL-104
-131.091,-158.869,GLU-105
86.1708,-78.3776,GLY-106
-45.2575,161.645,ASN-107
-82.2261,-30.1249,LEU-108
-107.333,111.023,ARG-109
-163.478,135.64,VAL-110
-168.27,175.69,GLU-111
-112.839,139.01,TYR-112
-147.914,145.178,LEU-113
-79.1771,131.4,ASP-114
-84.8546,105.654,ASP-115
-67.8443,-20.0457,ARG-116
-79.4173,-26.4528,ASN-117
-124.895,-13.0358,THR-118
70.5083,15.5075,PHE-119
-86.3675,101.375,ARG-120
-51.83,122.505,HIS-121
-159.193,135.5,SER-122
-47.4796,140.102,VAL-123
-144.313,143.828,VAL-124
-124.096,158.627,VAL-125
-73.8612,134.369,PRO-126
-65.2449,117.339,TYR-127
-105.488,101.683,GLU-128
-65.9988,149.034,PRO-129
-77.168,148.89,PRO-130
-70.5615,148.852,GLU-131
-34.3467,136.904,VAL-132
85.6828,-29.8343,GLY-133
-78.9576,150.907,SER-134
-117.872,-11.9909,ASP-135
-156.011,166.86,CYS-136
-87.0092,137.909,THR-137
-93.2406,129.971,THR-138
-104.109,131.124,ILE-139
-112.512,80.2299,HIS-140
-73.7796,165.213,TYR-141
-166.439,132.242,ASN-142
-132.63,151.164,TYR-143
-136.078,123.095,MET-144
-153.913,170.158,CYS-145
-100.582,137.448,ASN-146
-95.632,-11.7827,SER-147
-69.732,-40.4583,SER-148
-44.7401,135.799,CYS-149
-68.6666,-10.2646,MET-150
66.6461,-163.377,GLY-151
-74.1742,170.982,GLY-152
-73.8938,-10.2395,ILE-153
-138.809,107.079,ASN-154
-54.9787,130.303,ARG-155
-150.851,152.631,ARG-156
-61.89,154.487,PRO-157
-118.381,143.113,ILE-158
-136.314,152.779,LEU-159
-122.592,148.381,THR-160
-124.387,112.651,ILE-161
-102.133,138.519,ILE-162
-143.049,156.826,THR-163
-112.076,133.933,LEU-164
-142.167,148.366,GLU-165
-66.3988,162.381,ASP-166
-50.4333,-19.1297,SER-167
-102.587,11.8015,SER-168
80.6584,2.10568,GLY-169
-71.2743,128.513,ASN-170
-60.9385,113.393,LEU-171
-96.0637,-39.8239,LEU-172
-155.611,160.707,GLY-173
-143.028,143.586,ARG-174
-150.504,137.044,ASN-175
-139.319,144.559,SER-176
-141.749,148.501,PHE-177
-84.7487,147.067,GLU-178
-115.783,144.214,VAL-179
-135.342,134.304,ARG-180
-104.184,127.404,VAL-181
-128.971,162.692,CYS-182
-101.882,-31.1959,ALA-183
-119.993,75.0017,CYS-184
-58.742,-31.6894,PRO-185
-74.3066,-41.9412,GLY-186
-54.6178,-47.6755,ARG-187
-72.01,-36.239,ASP-188
-52.7189,-51.4982,ARG-189
-60.4903,-40.3456,ARG-190
-69.3308,-31.0378,THR-191
-86.2082,-30.2941,GLU-192
-82.6287,-30.4816,GLU-193
-49.0272,-42.0959,GLU-194
-69.3289,-12.5907,ASN-195
-77.001,177.112,LEU-196
-95.0567,-24.5354,ARG-197
-80.9764,157,LYS-198
-67.8668,150.774,LYS-199
-121.214,165.14,GLY-200
-77.8937,133.706,GLU-201
-74.5262,166.17,PRO-202
-147.903,179.782,HIS-203
-66.4159,124.102,HIS-204
-78.5293,-16.8937,GLU-205
-82.9277,-53.1633,LEU-206
-69.6052,140.781,PRO-207
-75.6563,169.675,PRO-208
-85.3209,-141.368,GLY-209
-150.602,-157.14,SER-210
-109.636,173.943,THR-211
-100.504,150.447,LYS-212
91.4433,155.17,ARG-213
-61.3864,167.957,ALA-214
-77.824,-45.3009,LEU-215
-75.3801,171.824,PRO-216
-91.1698,46.91,ASN-217
-72.1829,145.372,ASN-218
-166.215,31.8876,SER-2
-57.1575,148.037,SER-3
-46.205,131.711,VAL-4
-68.9325,124.71,PRO-5
-67.1313,146.437,SER-6
-105.418,14.0695,GLN-7
-70.8616,119.926,LYS-8
-88.4625,131.822,THR-9
-148.165,127.655,TYR-10
-57.3377,-34.5187,GLN-11
77.9814,-170.22,GLY-12
-72.3956,-20.49,SER-13
-91.8303,-28.1742,TYR-14
98.3121,31.3683,GLY-15
-72.0534,111.996,PHE-16
-154.838,146.487,ARG-17
-105.543,151.464,LEU-18
-139.075,127.152,GLY-19
-113.46,157.611,PHE-20
-93.1478,165.011,LEU-21
-169.908,118.54,HIS-22
-112.586,-27.0886,SER-23
177.957,-157.624,GLY-24
-133.808,3.40662,THR-25
-83.428,169.245,ALA-26
-56.9029,-12.7365,LYS-27
-67.1007,-32.8526,SER-28
-44.3559,107.487,VAL-29
-87.5513,-38.6446,THR-30
-144.277,151.205,CYS-31
-152.93,137.033,THR-32
-117.234,145.185,TYR-33
-112.298,102.155,SER-34
-52.4156,-30.8397,PRO-35
-64.148,-27.4125,ALA-36
-115.451,-13.7835,LEU-37
50.502,50.9056,ASN-38
-130.966,119.556,LYS-39
-104.455,134.909,MET-40
-111.505,122.947,PHE-41
-135.008,136.922,CYS-42
-79.3893,124.536,GLN-43
-48.0689,139.306,LEU-44
60.0841,-9.97289,ALA-45
-69.153,130.031,LYS-46
-84.1383,128.818,THR-47
-137.295,124.451,CYS-48
-75.5717,152.724,PRO-49
-122.645,150.884,VAL-50
-104.255,160.108,GLN-51
-147.081,145.567,LEU-52
-132.651,154.301,TRP-53
-146.673,80.7309,VAL-54
-67.5205,-45.1531,ASP-55
-68.6879,-26.8553,SER-56
99.0064,133.702,THR-57
-88.3368,167.47,PRO-58
-50.6277,152.98,PRO-59
-62.2162,159.975,PRO-60
85.7845,-4.45106,GLY-61
-64.4528,135.896,THR-62
-115.6,146.269,ARG-63
-90.6136,128.158,VAL-64
-117.148,138.942,ARG-65
-121.005,125.32,ALA-66
-148.228,169.128,MET-67
-153.844,115.623,ALA-68
-97.3394,143.031,ILE-69
-103.805,149.992,TYR-70
-140.439,130.718,LYS-71
-133.762,163.018,GLN-72
-68.5097,17.0454,SER-73
-148.13,8.49654,GLN-74
-173.725,159.982,HIS-75
-122.796,25.8759,MET-76
-83.5768,-22.36,THR-77
-79.7048,167.793,GLU-78
-126.674,158.238,VAL-79
-66.5399,128.694,VAL-80
-143.299,156.563,ARG-81
-63.4175,-177.061,ARG-82
-62.5423,150.511,CYS-83
-50.0377,-46.1069,PRO-84
-66.4649,-3.46893,HIS-85
-139.875,-4.11071,HIS-86
-76.0271,8.31542,GLU-87
-147.728,-28.7981,ARG-88
-58.135,161.112,CYS-89
-71.7609,-8.85508,SER-90
-69.6976,-21.0179,ASP-91
-103.722,-17.4238,SER-92
-100.13,135.245,ASP-93
-161.201,-116.755,GLY-94
-61.8334,-56.1199,LEU-95
-71.4627,152.926,ALA-96
-72.3952,148.927,PRO-97
-66.7941,-15.9519,PRO-98
-71.181,-34.8976,GLN-99
-68.8006,130.856,HIS-100
-84.2604,-43.5609,LEU-101
-79.4061,124.262,ILE-102
-130.538,163.461,ARG-103
-132.12,149.651,VAL-104
-166.634,-174.05,GLU-105
93.6954,-32.0357,GLY-106
-82.5618,135.2,ASN-107
-70.5824,-19.3854,LEU-108
-116.132,118.436,ARG-109
-158.857,121.264,VAL-110
-153.029,154.169,GLU-111
-81.2897,141.762,TYR-112
-151.262,150.756,LEU-113
-66.9689,165.74,ASP-114
-120.825,141.122,ASP-115
-106.836,8.73154,ARG-116
-113.83,-37.5849,ASN-117
-94.306,-29.5197,THR-118
74.1481,16.9884,PHE-119
-94.4709,111.406,ARG-120
-66.1747,141.038,HIS-121
-166.46,154.945,SER-122
-75.0471,135.092,VAL-123
-112.35,134.831,VAL-124
-117.565,145.188,VAL-125
-62.587,142.505,PRO-126
-81.3925,108.783,TYR-127
-86.7777,115.379,GLU-128
-59.4745,146.269,PRO-129
-72.5406,158.569,PRO-130
-90.3596,156.778,GLU-131
-49.1347,121.066,VAL-132
91.2778,-9.35249,GLY-133
-80.6716,163.157,SER-134
-98.1269,-51.3414,ASP-135
-149.521,172.079,CYS-136
-78.0081,154.614,THR-137
-121.795,147.457,THR-138
-122.466,126.078,ILE-139
-108.795,136.225,HIS-140
-113.038,161.012,TYR-141
-142.976,153.652,ASN-142
-135.264,171.499,TYR-143
-152.112,131.209,MET-144
-167.352,157.977,CYS-145
-107.566,117.588,ASN-146
-95.7198,-5.02605,SER-147
-102.253,14.1041,SER-148
-65.3051,160.959,CYS-149
-81.5737,-26.1527,MET-150
65.286,-134.282,GLY-151
-71.1881,154.033,GLY-152
-72.1116,-31.1597,ILE-153
-117.881,83.9996,ASN-154
-41.9277,129.984,ARG-155
-156.902,156.561,ARG-156
-78.7178,152.325,PRO-157
-121.009,149.75,ILE-158
-130.334,156.245,LEU-159
-133.201,145.148,THR-160
-114.983,122.603,ILE-161
-123.145,121.511,ILE-162
-128.295,155.468,THR-163
-111.836,130.778,LEU-164
-144.411,166.789,GLU-165
-84.272,169.177,ASP-166
-59.9821,-20.4391,SER-167
-84.1705,-8.52945,SER-168
85.1044,6.43176,GLY-169
-70.5306,125.204,ASN-170
-70.992,131.68,LEU-171
-116.262,-15.5632,LEU-172
177.361,170.205,GLY-173
-171.653,144.514,ARG-174
-144.473,150.562,ASN-175
-153.732,127.629,SER-176
-150.057,150.227,PHE-177
-84.6622,145.608,GLU-178
-124.029,136.255,VAL-179
-131.658,132.801,ARG-180
-96.6945,127.35,VAL-181
-134.906,160.76,CYS-182
-90.9448,-42.2864,ALA-183
-117.766,81.4079,CYS-184
-57.6782,-30.3359,PRO-185
-70.9932,-43.618,GLY-186
-78.4388,-34.7253,ARG-187
-62.8562,-49.7919,ASP-188
-56.9754,-47.6017,ARG-189
-51.335,-64.006,ARG-190
-54.0913,-31.6047,THR-191
-85.685,-40.0696,GLU-192
-72.4624,-34.9883,GLU-193
-52.772,-32.9983,GLU-194
-67.1966,-21.0653,ASN-195
-69.1632,140.624,LEU-196
-69.4014,-32.7474,ARG-197
-62.5952,173.066,LYS-198
-61.8712,146.794,LYS-199
-121.352,153.117,GLY-200
-61.2463,140.222,GLU-201
-75.7697,170.147,PRO-202
-155.362,147.906,HIS-203
-51.7743,143.555,HIS-204
-80.8388,-17.2436,GLU-205
-80.6553,-54.6421,LEU-206
-63.7146,132.654,PRO-207
-49.6343,158.888,PRO-208
-94.1091,-125.801,GLY-209
-151.461,-136.312,SER-210
-123.953,148.086,THR-211
-76.0958,149.687,LYS-212
81.4328,153.892,ARG-213
-62.8082,155.104,ALA-214
-74.865,-35.2528,LEU-215
-83.0119,166.996,PRO-216
-83.0428,17.6626,ASN-217
-57.2909,116.655,ASN-218
-137.188,50.9369,SER-2
-79.092,151.797,SER-3
-72.0248,122.905,VAL-4
-63.1084,150.889,PRO-5
-85.7944,153.783,SER-6
-107.527,1.65395,GLN-7
-70.2152,115.246,LYS-8
-64.6486,139.147,THR-9
-162.35,139.914,TYR-10
-71.3137,-25.1333,GLN-11
64.0441,-168.224,GLY-12
-68.6362,-10.077,SER-13
-95.7683,-14.9876,TYR-14
78.9418,29.6422,GLY-15
-71.1161,130.937,PHE-16
-169.267,158.069,ARG-17
-108.022,171.349,LEU-18
-154.948,120.499,GLY-19
-97.6701,173.088,PHE-20
-97.4814,123.702,LEU-21
-142.804,128.006,HIS-22
-141.15,-8.57759,SER-23
148.45,-132.179,GLY-24
-147.194,-8.01969,THR-25
-47.3121,156.581,ALA-26
-62.5661,-22.3498,LYS-27
-68.1132,-9.16076,SER-28
-74.8307,133.179,VAL-29
-76.2271,-37.3521,THR-30
-172.323,153.125,CYS-31
-143.668,133.614,THR-32
-110.739,131.853,TYR-33
-88.3244,104.593,SER-34
-51.737,-34.1453,PRO-35
-81.4874,-16.2686,ALA-36
-118.404,3.63024,LEU-37
42.1078,59.2664,ASN-38
-151.713,120.699,LYS-39
-93.9128,135.293,MET-40
-105.956,113.115,PHE-41
-96.3215,154.745,CYS-42
-96.2416,137.25,GLN-43
-67.2319,119.843,LEU-44
85.0531,-8.50198,ALA-45
-69.4023,144.136,LYS-46
-75.6552,123.172,THR-47
-97.2626,106.962,CYS-48
-75.8341,135.555,PRO-49
-128.604,117.054,VAL-50
-59.5862,147.961,GLN-51
-136.884,130.732,LEU-52
-109.487,154.928,TRP-53
-166.986,86.9258,VAL-54
-68.9544,-36.2287,ASP-55
-79.8798,-8.80269,SER-56
71.3821,100.822,THR-57
-72.7445,164.718,PRO-58
-71.3981,166.263,PRO-59
-65.9358,155.954,PRO-60
85.5661,-10.5991,GLY-61
-64.8735,145.902,THR-62
-144.128,147.589,ARG-63
-95.716,135.612,VAL-64
-115.832,115.18,ARG-65
-110.001,117.586,ALA-66
-151.615,178.286,MET-67
-165.984,128.365,ALA-68
-99.3866,124.862,ILE-69
-79.4835,125.07,TYR-70
-99.888,153.811,LYS-71
-149.76,158.109,GLN-72
-67.7398,14.4385,SER-73
-144.396,-2.33292,GLN-74
-169.255,171.935,HIS-75
-132.831,22.8283,MET-76
-77.1575,51.9266,THR-77
-165.601,150.645,GLU-78
-104.535,155.421,VAL-79
-74.9446,112.032,VAL-80
-105.057,155.389,ARG-81
-53.7117,163.429,ARG-82
-43.3678,162.572,CYS-83
-72.6911,-17.6019,PRO-84
-97.8922,10.9309,HIS-85
-137.894,-6.63384,HIS-86
-93.2237,-3.32338,GLU-87
-128.405,-21.4702,ARG-88
-67.6476,156.297,CYS-89
-70.0042,-17.1803,SER-90
-60.6617,-42.2933,ASP-91
-91.468,0.470204,SER-92
-98.1275,163.235,ASP-93
139.911,-149.578,GLY-94
-50.7719,-39.4572,LEU-95
-83.9851,142.167,ALA-96
-65.5533,150.547,PRO-97
-57.5895,-31.6485,PRO-98
-70.7423,-34.024,GLN-99
-58.6359,124.732,HIS-100
-82.0563,-41.4571,LEU-101
-81.6446,114.836,ILE-102
-144.771,151.037,ARG-103
-124.622,148.652,VAL-104
-136.661,-171.321,GLU-105
88.4816,-10.0629,GLY-106
-99.1189,144.911,ASN-107
-66.8075,-50.7582,LEU-108
-92.0474,110.997,ARG-109
-162.016,143.655,VAL-110
-172.84,159.422,GLU-111
-95.2971,135.613,TYR-112
-148.183,154.95,LEU-113
-74.63,145.771,ASP-114
-101.211,120.899,ASP-115
-78.9597,-11.1466,ARG-116
-107.338,-24.3102,ASN-117
-116.248,-18.9648,THR-118
69.7508,-2.28234,PHE-119
-73.1249,69.8633,ARG-120
-32.1375,138.814,HIS-121
174.369,160.068,SER-122
-65.6797,133.666,VAL-123
-128.672,148.756,VAL-124
-133.518,138.141,VAL-125
-62.2955,139.209,PRO-126
-67.7341,137.22,TYR-127
-121.933,131.222,GLU-128
-74.7104,160.284,PRO-129
-69.8819,143.82,PRO-130
-81.0712,158.455,GLU-131
-45.8013,129.059,VAL-132
71.6005,0.224785,GLY-133
-77.1138,143.197,SER-134
-80.0239,-31.4875,ASP-135
-171.992,178.027,CYS-136
-93.5974,154.278,THR-137
-122.136,127.631,THR-138
-95.7779,153.207,ILE-139
-122.131,121.756,HIS-140
-109.477,162.677,TYR-141
-153.769,154.006,ASN-142
-155.156,146.604,TYR-143
-150.133,116.319,MET-144
-149.382,159.026,CYS-145
-74.7981,125.078,ASN-146
-77.3328,-13.6658,SER-147
-94.5006,5.70527,SER-148
-79.8656,164.958,CYS-149
-73.0043,-26.2744,MET-150
73.5489,-147.785,GLY-151
-80.1293,167.111,GLY-152
-63.5861,-20.5183,ILE-153
-140.893,115.3,ASN-154
-54.1803,126.531,ARG-155
-144.216,165.31,ARG-156
-73.9477,149.072,PRO-157
-108.431,155.207,ILE-158
-148.626,142.911,LEU-159
-108.684,134.749,THR-160
-102.904,112.17,ILE-161
-104.482,123.5,ILE-162
-121.701,157.721,THR-163
-101.688,139.448,LEU-164
-139.176,167.761,GLU-165
-105.643,146.679,ASP-166
-47.0993,-36.488,SER-167
-70.8007,-14.4873,SER-168
112.096,0.0730557,GLY-169
-69.4463,151.403,ASN-170
-94.7677,134.528,LEU-171
-124.465,-30.1595,LEU-172
-147.625,165.909,GLY-173
-154.635,155.15,ARG-174
-169.427,121.195,ASN-175
-120.656,149.994,SER-176
-151.448,125.656,PHE-177
-58.7313,150.849,GLU-178
-127.229,144.009,VAL-179
-132.745,124.662,ARG-180
-97.6045,124.407,VAL-181
-131.491,152.79,CYS-182
-83.6062,-31.6037,ALA-183
-131.305,72.0894,CYS-184
-67.9245,-24.0698,PRO-185
-73.5379,-50.0104,GLY-186
-49.5134,-61.1272,ARG-187
-54.3523,-34.5562,ASP-188
-68.6699,-44.3411,ARG-189
-63.6964,-31.1267,ARG-190
-77.3782,-36.8184,THR-191
-76.737,-36.8563,GLU-192
-83.4965,-31.3246,GLU-193
-59.8057,-14.1188,GLU-194
-74.9797,-9.82579,ASN-195
-89.8978,163.112,LEU-196
-81.7686,-33.1198,ARG-197
-59.6851,158.217,LYS-198
-71.619,136.268,LYS-199
-95.3484,158.578,GLY-200
-67.8478,143.587,GLU-201
-66.398,166.462,PRO-202
-166.984,137.967,HIS-203
-35.8655,126.68,HIS-204
-89.8734,-7.71445,GLU-205
-77.1798,-48.3029,LEU-206
-61.4741,142.171,PRO-207
-86.2224,164.563,PRO-208
-63.6393,-179.285,GLY-209
-123.782,-138.45,SER-210
-125.325,126.938,THR-211
-63.1741,149.214,LYS-212
85.3271,144.639,ARG-213
-72.9669,154.503,ALA-214
-75.4648,-37.9384,LEU-215
-72.4195,144.698,PRO-216
-59.1421,14.3394,ASN-217
-68.1444,112.983,ASN-218
-68.6516,12.4253,SER-2
-66.2399,158.055,SER-3
-69.0513,129.306,VAL-4
-60.6168,112.057,PRO-5
-70.8279,148.792,SER-6
-113.699,5.2859,GLN-7
-68.1276,139.528,LYS-8
-89.477,137.409,THR-9
-154.466,144.254,TYR-10
-72.7406,-47.0428,GLN-11
80.4271,-164.095,GLY-12
-61.797,-36.5905,SER-13
-89.5389,-20.5052,TYR-14
93.5702,31.8181,GLY-15
-61.6036,120.909,PHE-16
-160.141,141.37,ARG-17
-98.5584,146.939,LEU-18
-131.72,131.101,GLY-19
-110.614,151.776,PHE-20
-81.3784,139.365,LEU-21
-152.338,117.325,HIS-22
-121.046,-7.65038,SER-23
167.692,-165.049,GLY-24
-147.99,16.6512,THR-25
-73.209,161.514,ALA-26
-52.8749,-19.2131,LYS-27
-109.126,6.98807,SER-28
-64.264,127.729,VAL-29
-74.8405,-34.3791,THR-30
-163.63,179.711,CYS-31
-161.661,134.692,THR-32
-100.63,145.637,TYR-33
-112.951,106.194,SER-34
-67.7045,-36.1495,PRO-35
-68.2822,-10.8624,ALA-36
-116.156,-14.4796,LEU-37
60.5852,24.3998,ASN-38
-130.122,134.729,LYS-39
-107.661,130.67,MET-40
-108.72,121.764,PHE-41
-126.639,130.377,CYS-42
-65.8683,144.162,GLN-43
-65.493,132.677,LEU-44
66.8178,-19.1024,ALA-45
-71.0701,150.323,LYS-46
-59.2284,117.527,THR-47
-105.046,106.627,CYS-48
-81.1554,141.52,PRO-49
-136.941,127.206,VAL-50
-83.5114,156.341,GLN-51
-149.859,130.341,LEU-52
-126.04,148.413,TRP-53
-149.274,87.9563,VAL-54
-66.099,-41.941,ASP-55
-90.9313,7.96991,SER-56
68.1477,129.924,THR-57
-78.6872,152.55,PRO-58
-55.5256,162.989,PRO-59
-78.1916,154.368,PRO-60
74.9936,10.0845,GLY-61
-69.6029,157.955,THR-62
-134.455,158.361,ARG-63
-109.367,146.3,VAL-64
-115.653,154.634,ARG-65
-128.656,129.725,ALA-66
-129.413,-172.38,MET-67
-175.794,111.289,ALA-68
-88.0609,144.737,ILE-69
-107.287,123.089,TYR-70
-101.375,142.248,LYS-71
-131.62,167.993,GLN-72
-70.0522,15.7064,SER-73
-143.315,-10.0966,GLN-74
-163.776,158.128,HIS-75
-121.009,3.25789,MET-76
-63.7705,-27.5777,THR-77
-73.848,157.146,GLU-78
-108.875,159.075,VAL-79
-59.0416,131.526,VAL-80
-148.564,145.04,ARG-81
-42.223,154.362,ARG-82
-61.8575,162.955,CYS-83
-60.6732,-36.5364,PRO-84
-75.402,-14.089,HIS-85
-111.476,-24.593,HIS-86
-75.6312,3.04257,GLU-87
-135.761,-5.74877,ARG-88
-88.0221,154.534,CYS-89
-66.3643,-21.4734,SER-90
-65.2818,-35.1702,ASP-91
-89.5054,-26.7642,SER-92
-67.0375,164.992,ASP-93
142.218,-136.245,GLY-94
-62.7236,-24.5102,LEU-95
-97.7266,155.169,ALA-96
-57.718,134.379,PRO-97
-58.3498,-19.8089,PRO-98
-75.9183,-34.5377,GLN-99
-72.3498,131.451,HIS-100
-81.3101,-44.407,LEU-101
-71.5594,116.511,ILE-102
-142.281,159.318,ARG-103
-129.077,164.207,VAL-104
-146.165,155.787,GLU-105
100.248,-24.7224,GLY-106
-77.8956,132.303,ASN-107
-80.3983,-35.406,LEU-108
-87.7724,118.509,ARG-109
-168.916,133.897,VAL-110
-162.867,168.307,GLU-111
-103.578,134.537,TYR-112
-141.073,147.272,LEU-113
-70.0549,140.946,ASP-114
-92.3054,139.822,ASP-115
-100.322,4.79157,ARG-116
-116.158,-14.3346,ASN-117
-139.694,-8.74323,THR-118
67.6823,8.7125,PHE-119
-80.194,118.295,ARG-120
-70.9173,138.454,HIS-121
-171.586,149.806,SER-122
-57.8211,129.356,VAL-123
-115.65,141.444,VAL-124
-120.356,159.609,VAL-125
-62.5647,147.467,PRO-126
-77.5057,102.856,TYR-127
-95.9855,125.323,GLU-128
-84.5863,154.084,PRO-129
-69.4334,137.495,PRO-130
-87.1702,172.184,GLU-131
-54.983,126.222,VAL-132
103.251,-16.1777,GLY-133
-101.968,157.591,SER-134
-95.0107,-44.3343,ASP-135
-156.367,-178.047,CYS-136
-96.8473,156.644,THR-137
-136.025,137.147,THR-138
-108.956,138.539,ILE-139
-119.298,102.009,HIS-140
-92.6251,-166.667,TYR-141
-177.131,145.806,ASN-142
-139.966,145.531,TYR-143
-145.28,114.052,MET-144
-148.745,149.105,CYS-145
-59.1796,127.986,ASN-146
-105.418,-11.3465,SER-147
-81.7981,-21.6665,SER-148
-38.7964,138.665,CYS-149
-73.8308,-10.7775,MET-150
61.8705,-155.615,GLY-151
-85.0839,168.089,GLY-152
-45.1542,-49.6214,ILE-153
-126.26,101.566,ASN-154
-62.4813,122.703,ARG-155
-148.582,165.667,ARG-156
-69.3478,158.776,PRO-157
-143.199,145.969,ILE-158
-147.153,146.159,LEU-159
-114.818,142.826,THR-160
-110.158,115.256,ILE-161
-110.974,137.252,ILE-162
-133.718,142.29,THR-163
-90.4258,135.265,LEU-164
-138.182,153.212,GLU-165
-71.7463,159.346,ASP-166
-60.4647,-16.4269,SER-167
-83.9066,-6.67538,SER-168
105.214,-9.78281,GLY-169
-63.3817,123.134,ASN-170
-73.3169,123.974,LEU-171
-103.004,-35.2463,LEU-172
-153.723,158.597,GLY-173
-147.922,131.853,ARG-174
-138.236,154.86,ASN-175
-145.758,151.146,SER-176
-163.592,133.734,PHE-177
-63.5778,149.617,GLU-178
-145.072,148.031,VAL-179
-153.986,121.524,ARG-180
-77.9021,137.626,VAL-181
-139.705,163.216,CYS-182
-75.1473,-63.0636,ALA-183
-108.317,80.0663,CYS-184
-52.9953,-34.9169,PRO-185
-68.0156,-41.0604,GLY-186
-71.6178,-42.613,ARG-187
-68.5825,-34.1158,ASP-188
-49.1067,-61.6941,ARG-189
-60.4801,-32.4185,ARG-190
-77.164,-20.1834,THR-191
-85.0159,-34.3192,GLU-192
-79.0591,-23.2673,GLU-193
-64.8004,-16.3195,GLU-194
-75.1544,-20.5056,ASN-195
-81.0232,160.224,LEU-196
-87.1411,-27.7061,ARG-197
-47.4887,140.587,LYS-198
-57.5454,147.587,LYS-199
-123.354,167.456,GLY-200
-77.5433,157.416,GLU-201
-86.8635,163.78,PRO-202
-151.808,149.305,HIS-203
-44.9635,118.233,HIS-204
-91.8741,-18.1792,GLU-205
-51.5246,-50.2111,LEU-206
-79.7425,148.54,PRO-207
-53.1563,153.423,PRO-208
-101.875,168.975,GLY-209
-93.588,-122.273,SER-210
-152.723,166.254,THR-211
-81.2702,139.338,LYS-212
75.3986,143.073,ARG-213
-63.4741,152.874,ALA-214
-62.1079,-56.2687,LEU-215
-61.3842,151.981,PRO-216
-88.7102,46.6409,ASN-217
-63.8112,129.545,ASN-218
-140.472,31.3912,SER-2
-49.4883,150.272,SER-3
-92.5075,137.872,VAL-4
-63.9777,144.044,PRO-5
-85.88,158.914,SER-6
-126.392,-3.28874,GLN-7
-51.2164,111.24,LYS-8
-61.7344,136.622,THR-9
-158.021,149.879,TYR-10
-92.5484,-19.8273,GLN-11
59.061,-155.133,GLY-12
-87.213,0.853546,SER-13
-102.539,-32.0259,TYR-14
98.4448,35.8308,GLY-15
-66.221,113.481,PHE-16
-144.199,128.922,ARG-17
-81.8328,179.209,LEU-18
-156.952,145.413,GLY-19
-126.987,147.067,PHE-20
-80.3704,137.054,LEU-21
-136.476,111.691,HIS-22
-146.753,15.2064,SER-23
137.312,-159.757,GLY-24
-150.727,8.42795,THR-25
-89.6059,166.531,ALA-26
-43.7079,-31.9263,LYS-27
-68.0561,-8.63494,SER-28
-83.7804,117.547,VAL-29
-79.8994,-31.26,THR-30
-158.783,167.092,CYS-31
-159.419,133.924,THR-32
-117.49,132.771,TYR-33
-102.457,109.485,SER-34
-61.4183,-41.199,PRO-35
-66.5567,-26.2698,ALA-36
-98.8487,-16.9673,LEU-37
53.2398,45.8465,ASN-38
-127.161,132.081,LYS-39
-100.204,113.874,MET-40
-87.2748,116.831,PHE-41
-105.366,155.102,CYS-42
-92.9903,134.041,GLN-43
-51.1696,122.524,LEU-44
62.3864,-1.8227,ALA-45
-82.1141,154.869,LYS-46
-73.7574,125.829,THR-47
-99.1973,108.469,CYS-48
-78.6029,136.408,PRO-49
-131.723,130.651,VAL-50
-88.3956,158.718,GLN-51
-143.167,138.616,LEU-52
-126.692,153.619,TRP-53
-143.355,98.6445,VAL-54
-62.7111,-48.8381,ASP-55
-75.0442,-11.9003,SER-56
70.0368,148.008,THR-57
-98.0412,179.46,PRO-58
-64.1494,160.16,PRO-59
-61.8105,169.159,PRO-60
72.5009,-5.60027,GLY-61
-64.9791,155.447,THR-62
-133.758,147.272,ARG-63
-98.8408,125.013,VAL-64
-103.59,149.325,ARG-65
-129.813,163.206,ALA-66
-163.323,174.696,MET-67
-150.866,120.815,ALA-68
-99.2609,153.289,ILE-69
-101.683,145.861,TYR-70
-126.494,146.027,LYS-71
-141.807,173.76,GLN-72
-70.0901,-35.6439,SER-73
-70.7676,-36.6471,GLN-74
-147.784,-175.458,HIS-75
-142.19,26.0218,MET-76
-100.109,-7.8879,THR-77
-87.0403,169.978,GLU-78
-114.204,157.196,VAL-79
-69.0131,121.5,VAL-80
-128.705,156.048,ARG-81
-67.0681,171.125,ARG-82
-54.8718,148.036,CYS-83
-58.4488,-30.7814,PRO-84
-83.8911,0.559929,HIS-85
-132.977,-20.775,HIS-86
-69.8092,1.809,GLU-87
-127.825,-35.5383,ARG-88
-58.3493,157.973,CYS-89
-57.1156,-11.2609,SER-90
-86.7341,-15.2454,ASP-91
-105.107,-34.4986,SER-92
-68.5892,137.212,ASP-93
-169.291,-116.455,GLY-94
-58.5429,-51.4599,LEU-95
-77.73,137.089,ALA-96
-51.6514,146.762,PRO-97
-79.2809,-4.62142,PRO-98
-70.7415,-43.0159,GLN-99
-56.1578,140.405,HIS-100
-90.2691,-36.5117,LEU-101
-81.1011,124.667,ILE-102
-139.424,157.657,ARG-103
-138.939,170.547,VAL-104
-174.219,179.373,GLU-105
66.5361,1.32131,GLY-106
-128.675,131.86,ASN-107
-57.0494,-40.5678,LEU-108
-100.627,123.77,ARG-109
-170.384,141.76,VAL-110
-166.5,140.578,GLU-111
-65.5674,135.323,TYR-112
-147.459,152.374,LEU-113
-67.9338,128.997,ASP-114
-79.0661,95.3206,ASP-115
-60.5887,-29.6718,ARG-116
-74.7626,-41.6162,ASN-117
-117.888,-5.393,THR-118
64.2231,17.7807,PHE-119
-83.9628,73.8445,ARG-120
-67.5669,124.083,HIS-121
-163.351,162.433,SER-122
-77.5865,132.766,VAL-123
-129.433,150.09,VAL-124
-127.177,150.523,VAL-125
-76.4936,158.644,PRO-126
-91.2538,120.506,TYR-127
-97.7047,135.233,GLU-128
-72.0227,162.137,PRO-129
-56.1095,143.85,PRO-130
-124.442,163.68,GLU-131
-59.1526,140.269,VAL-132
83.8186,-19.178,GLY-133
-102.866,148.379,SER-134
-82.2192,-41.5988,ASP-135
-140.991,-178.439,CYS-136
-96.6509,140.83,THR-137
-121.324,142.816,THR-138
-123.894,156.881,ILE-139
-134.811,112.021,HIS-140
-111.007,153.247,TYR-141
-143.977,161.123,ASN-142
-149.756,121.421,TYR-143
-132.294,131.388,MET-144
-179.847,136.472,CYS-145
-89.9118,126.151,ASN-146
-76.9253,-6.20975,SER-147
-105.532,-2.83425,SER-148
-74.2516,150.708,CYS-149
-70.5422,-46.9388,MET-150
95.7837,169.947,GLY-151
-74.3995,-159.349,GLY-152
-59.3546,-31.7791,ILE-153
-155.907,106.951,ASN-154
-59.1271,125.585,ARG-155
-157.403,159.475,ARG-156
-80.3295,162.058,PRO-157
-143.211,146.483,ILE-158
-134.54,136.741,LEU-159
-101.502,152.066,THR-160
-118.513,110.474,ILE-161
-98.2024,142.112,ILE-162
-143.196,143.021,THR-163
-98.7196,128.43,LEU-164
-130.315,161.426,GLU-165
-75.6166,167.508,ASP-166
-67.6048,-26.9342,SER-167
-90.3167,-3.07176,SER-168
96.0995,10.899,GLY-169
-72.9614,147.907,ASN-170
-88.7289,134.491,LEU-171
-114.152,-36.1345,LEU-172
-170.279,160.913,GLY-173
-153.874,155.083,ARG-174
-152.469,141.04,ASN-175
-135.151,139.715,SER-176
-163.616,154.793,PHE-177
-81.5253,141.22,GLU-178
-112.879,145.054,VAL-179
-143.385,119.311,ARG-180
-85.4525,122.939,VAL-181
-123.298,161.771,CYS-182
-82.4207,-40.6045,ALA-183
-130.884,76.5757,CYS-184
-58.9101,-24.6036,PRO-185
-77.3901,-27.005,GLY-186
-75.1673,-37.7247,ARG-187
-64.2212,-28.3321,ASP-188
-62.2679,-76.5761,ARG-189
-47.6427,-49.3114,ARG-190
-45.9217,-42.7193,THR-191
-91.351,-22.7647,GLU-192
-73.2204,-26.9266,GLU-193
-57.9298,-21.4823,GLU-194
-67.5576,-19.4649,ASN-195
-72.3926,159.459,LEU-196
-95.7884,-27.6151,ARG-197
-48.3761,169.491,LYS-198
-77.7627,138.038,LYS-199
-103.54,178.486,GLY-200
-85.1772,165.345,GLU-201
-82.0585,163.516,PRO-202
-170.619,163.256,HIS-203
-63.2214,133.654,HIS-204
-101.938,-0.109555,GLU-205
-76.9651,-67.6912,LEU-206
-59.7383,167.017,PRO-207
-78.9376,163.122,PRO-208
-78.2137,163.035,GLY-209
-101.505,-126.081,SER-210
-132.415,155.046,THR-211
-85.8649,146.526,LYS-212
77.7326,159.312,ARG-213
-78.8091,153.043,ALA-214
-70.3661,-41.2362,LEU-215
-43.1053,134.22,PRO-216
-82.6247,45.1235,ASN-217
-85.5492,122.981,ASN-218
-115.929,28.5159,SER-2
-64.0172,152.011,SER-3
-78.8923,130.78,VAL-4
-59.3132,149.526,PRO-5
-123.085,155.883,SER-6
-104.937,-8.2626,GLN-7
-42.1595,96.5988,LYS-8
-41.8429,137.231,THR-9
-157.22,144.942,TYR-10
-89.5299,-45.1512,GLN-11
72.0388,-158.512,GLY-12
-48.0951,-42.4843,SER-13
-68.6373,-27.8011,TYR-14
74.6367,22.5432,GLY-15
-56.9753,129.64,PHE-16
-165.973,155.78,ARG-17
-112.61,165.438,LEU-18
-137.792,147.698,GLY-19
-127.975,159.381,PHE-20
-77.2058,140.384,LEU-21
-140.787,124.381,HIS-22
-140.952,20.6816,SER-23
99.9526,-143.873,GLY-24
-136.961,17.8658,THR-25
-68.5122,153.95,ALA-26
-47.9894,-27.6923,LYS-27
-81.6772,-14.1644,SER-28
-35.3104,123.779,VAL-29
-69.931,-40.3987,THR-30
-174.255,146.766,CYS-31
-136.226,153.229,THR-32
-133.848,152.875,TYR-33
-133.92,105.133,SER-34
-61.175,-39.2637,PRO-35
-60.9097,-13.5189,ALA-36
-105.709,-28.7764,LEU-37
63.5771,35.271,ASN-38
-126.28,122.12,LYS-39
-100.283,131.972,MET-40
-100.796,131.142,PHE-41
-119.416,127.788,CYS-42
-72.9681,128.204,GLN-43
-54.5155,131.338,LEU-44
69.6393,-6.41811,ALA-45
-73.5546,154.723,LYS-46
-84.5347,95.9557,THR-47
-86.2376,105.05,CYS-48
-83.8847,122.594,PRO-49
-110.18,139.665,VAL-50
-94.2525,155.605,GLN-51
-135.144,129.557,LEU-52
-110.472,150.588,TRP-53
-139.154,75.7609,VAL-54
-53.9758,-45.8821,ASP-55
-73.6475,-3.39277,SER-56
68.3399,140.624,THR-57
-87.6418,173.355,PRO-58
-59.2062,157.256,PRO-59
-63.2878,161.717,PRO-60
82.4966,-10.6953,GLY-61
-61.44,156.333,THR-62
-130.245,159.792,ARG-63
-118.797,131.896,VAL-64
-125.959,148.675,ARG-65
-120.907,144.636,ALA-66
-150.037,177.418,MET-67
-160.166,118.778,ALA-68
-105.835,151.435,ILE-69
-112.02,114.498,TYR-70
-93.9643,139.989,LYS-71
-140.34,154.947,GLN-72
-51.7804,5.15685,SER-73
-146.986,-13.3997,GLN-74
-165.401,174.188,HIS-75
-132.17,0.963857,MET-76
-75.5315,-29.1853,THR-77
-78.5758,155.935,GLU-78
-102.395,148.187,VAL-79
-64.5292,135.863,VAL-80
-153.613,174.128,ARG-81
-81.6238,158.097,ARG-82
-49.7429,150.375,CYS-83
-68.5303,-32.8531,PRO-84
-72.3147,-9.63407,HIS-85
-123.848,-1.92136,HIS-86
-77.9846,-3.05612,GLU-87
-147.687,-17.2572,ARG-88
-72.9204,154.389,CYS-89
-61.4439,-12.3722,SER-90
-67.7059,-32.0561,ASP-91
-93.7742,-23.2072,SER-92
-79.1978,162.312,ASP-93
147.67,-144.452,GLY-94
-56.9978,-40.4639,LEU-95
-79.4758,149.661,ALA-96
-61.3333,143.553,PRO-97
-72.5268,-1.28259,PRO-98
-80.2266,-50.9536,GLN-99
-46.2425,116.54,HIS-100
-83.7842,-35.4463,LEU-101
-80.9356,116.055,ILE-102
-134.098,155.077,ARG-103
-133.156,156.774,VAL-104
-146.3,-173.417,GLU-105
95.4097,-60.2253,GLY-106
-63.6521,129.22,ASN-107
-54.0166,-36.1499,LEU-108
-101.227,133.674,ARG-109
179.791,133.007,VAL-110
-165.547,158.331,GLU-111
-76.8346,141.966,TYR-112
-149.027,149.389,LEU-113
-67.1503,152.101,ASP-114
-108.229,109.036,ASP-115
-48.2211,-21.6169,ARG-116
-89.3592,-45.1862,ASN-117
-115.18,-20.0568,THR-118
66.3334,7.60638,PHE-119
-81.4566,79.7409,ARG-120
-40.3634,116.115,HIS-121
-158.33,165.032,SER-122
-69.0542,135.709,VAL-123
-128.366,131.403,VAL-124
-120.402,142.793,VAL-125
-67.9687,148.748,PRO-126
-69.3267,132.699,TYR-127
-102.784,111.038,GLU-128
-47.6175,141.745,PRO-129
-62.8703,144.413,PRO-130
-66.2176,153.262,GLU-131
-56.4205,125.737,VAL-132
93.4948,-18.9704,GLY-133
-91.1344,160.283,SER-134
-95.9864,-43.2329,ASP-135
-141.459,148.501,CYS-136
-65.703,157.337,THR-137
-132.721,151.472,THR-138
-138.601,137.227,ILE-139
-113.575,89.4151,HIS-140
-79.2021,168.47,TYR-141
-157.163,142.24,ASN-142
-139.749,147.222,TYR-143
-150.569,108.327,MET-144
-152.543,141.224,CYS-145
-62.5133,123.107,ASN-146
-85.166,-13.6808,SER-147
-73.7213,-1.75808,SER-148
-74.5525,155.224,CYS-149
-55.6319,-29.5386,MET-150
82.7439,174.422,GLY-151
-79.4489,162.634,GLY-152
-49.2549,-34.9407,ILE-153
-140.11,84.6633,ASN-154
-51.3499,117.739,ARG-155
-138.07,167.231,ARG-156
-87.0473,178.893,PRO-157
-147.82,150.395,ILE-158
-152.623,137.445,LEU-159
-109.686,139.347,THR-160
-112.371,120.791,ILE-161
-112.832,138.504,ILE-162
-138.652,141.137,THR-163
-89.4687,154.527,LEU-164
-145.56,157.725,GLU-165
-64.1332,163.086,ASP-166
-50.3055,-31.6611,SER-167
-87.2083,4.7773,SER-168
78.9624,2.36828,GLY-169
-59.2219,130.987,ASN-170
-71.507,121.953,LEU-171
-123.725,-4.4969,LEU-172
179.39,144.953,GLY-173
-140.518,153.477,ARG-174
-156.968,140.707,ASN-175
-146.913,145.392,SER-176
-152.036,137.66,PHE-177
-66.2206,148.712,GLU-178
-118.865,154.468,VAL-179
-139.045,135.076,ARG-180
-97.0246,121.208,VAL-181
-139.267,151.21,CYS-182
-75.4578,-50.1605,ALA-183
-109.326,91.5891,CYS-184
-65.5521,-32.1571,PRO-185
-65.9667,-34.3732,GLY-186
-80.8443,-38.9527,ARG-187
-59.4164,-37.9754,ASP-188
-52.8403,-54.4572,ARG-189
-58.0852,-50.3699,ARG-190
-56.581,-37.5318,THR-191
-90.2063,-32.471,GLU-192
-66.5288,-33.1024,GLU-193
-57.0767,-27.2145,GLU-194
-69.493,-25.6532,ASN-195
-58.5797,140.425,LEU-196
-70.4083,-25.2009,ARG-197
-65.0993,155.332,LYS-198
-80.4371,121.47,LYS-199
-98.2296,-173.321,GLY-200
-74.3409,162.521,GLU-201
-101.665,170.393,PRO-202
-142.895,168.437,HIS-203
-49.7907,130.234,HIS-204
-80.4349,-4.00556,GLU-205
-84.6388,-55.8209,LEU-206
-74.3389,159.638,PRO-207
-65.6805,178.977,PRO-208
-90.4196,-154.995,GLY-209
-151.58,-156.997,SER-210
-90.275,157.742,THR-211
-120.079,136.454,LYS-212
54.4652,163.746,ARG-213
-67.6173,160.947,ALA-214
-81.7784,-45.051,LEU-215
-60.6875,142.717,PRO-216
-83.0724,38.6983,ASN-217
-65.1689,128.961,ASN-218
-121.368,4.15257,SER-2
-53.7438,162.046,SER-3
-70.8443,126.442,VAL-4
-62.8376,119.843,PRO-5
-72.3543,171.286,SER-6
-105.072,-4.54114,GLN-7
-63.96,113.411,LYS-8
-70.9194,138.542,THR-9
-154.486,153.136,TYR-10
-104.005,-32.9791,GLN-11
68.789,-158.296,GLY-12
-71.3572,-8.39836,SER-13
-97.7515,-24.5689,TYR-14
94.5805,9.7419,GLY-15
-60.8298,128.291,PHE-16
-162.742,149.677,ARG-17
-108.145,165.012,LEU-18
-129.914,138.487,GLY-19
-133.353,131.217,PHE-20
-60.1373,138.992,LEU-21
-139.463,102.708,HIS-22
-122.986,-17.706,SER-23
161.899,-171.924,GLY-24
-120.486,5.36882,THR-25
-76.4001,167.754,ALA-26
-61.5059,-27.1997,LYS-27
-52.4608,-46.368,SER-28
-60.7309,135.963,VAL-29
-75.4248,-63.9458,THR-30
-134.666,144.509,CYS-31
-135.558,126.397,THR-32
-108.661,132.744,TYR-33
-100.807,97.2641,SER-34
-55.5046,-34.834,PRO-35
-67.585,-8.99981,ALA-36
-119.167,-25.0379,LEU-37
55.8226,64.0036,ASN-38
-160.159,120.141,LYS-39
-122.885,127.063,MET-40
-110.021,111.052,PHE-41
-116.86,111.708,CYS-42
-63.3406,119.488,GLN-43
-31.4248,122.26,LEU-44
68.0612,-14.9706,ALA-45
-53.8062,144.347,LYS-46
-71.0623,119.18,THR-47
-92.3295,99.5383,CYS-48
-63.2203,120.232,PRO-49
-114.963,132.049,VAL-50
-78.5337,156.844,GLN-51
-155.651,134.612,LEU-52
-130.724,146.112,TRP-53
-120.334,98.0827,VAL-54
-72.2738,-32.078,ASP-55
-79.9027,-19.4177,SER-56
88.0912,136.26,THR-57
-83.7052,166.745,PRO-58
-50.4983,136.363,PRO-59
-58.9641,146.872,PRO-60
97.5214,-11.5576,GLY-61
-44.3512,155.166,THR-62
-122.802,140.482,ARG-63
-86.4954,144.391,VAL-64
-142.834,139.813,ARG-65
-128.028,126.745,ALA-66
-135.438,174.073,MET-67
-168.284,107.798,ALA-68
-94.1342,140.1,ILE-69
-104.723,99.6283,TYR-70
-78.3905,151.457,LYS-71
-144.542,162.4,GLN-72
-67.6283,22.5035,SER-73
-150.868,-20.1185,GLN-74
-165.577,168.535,HIS-75
-120.4,-13.2351,MET-76
-66.4204,-23.9799,THR-77
-67.4938,154.595,GLU-78
-106.61,142.854,VAL-79
-62.7726,125.343,VAL-80
-137.302,164.069,ARG-81
-63.4233,143.377,ARG-82
-51.6471,145.047,CYS-83
-48.5162,-28.8828,PRO-84
-86.6232,-4.53734,HIS-85
-131.071,-5.99413,HIS-86
-71.7792,-6.19806,GLU-87
-141.946,-20.1923,ARG-88
-84.4425,166.049,CYS-89
-67.7593,1.48901,SER-90
-84.5247,-17.6393,ASP-91
-109.177,-13.9938,SER-92
-74.9457,148.743,ASP-93
161.791,-123.43,GLY-94
-53.4004,-47.8162,LEU-95
-87.2431,134.063,ALA-96
-69.4761,141.654,PRO-97
-60.185,-21.6863,PRO-98
-67.7617,-41.0176,GLN-99
-68.9426,126.403,HIS-100
-88.0854,-31.6086,LEU-101
-81.9907,105.799,ILE-102
-128.13,152.55,ARG-103
-144.691,157.446,VAL-104
-152.215,-162.311,GLU-105
67.4646,-29.6967,GLY-106
-90.0687,131.172,ASN-107
-57.2787,-33.3878,LEU-108
-113.622,96.9519,ARG-109
-148.194,154.212,VAL-110
175.174,170.681,GLU-111
-102.015,141.82,TYR-112
-139.613,153.31,LEU-113
-58.1615,126.343,ASP-114
-94.5581,118.797,ASP-115
-77.3009,-18.5132,ARG-116
-101.787,-4.42955,ASN-117
-136.102,-3.97203,THR-118
56.9718,19.3952,PHE-119
-80.0571,82.165,ARG-120
-51.9112,117.568,HIS-121
-159.682,159.33,SER-122
-66.8797,128.487,VAL-123
-123.91,149.185,VAL-124
-146.809,151.145,VAL-125
-64.4383,157.631,PRO-126
-76.4023,106.902,TYR-127
-91.2681,115.007,GLU-128
-61.7694,153.556,PRO-129
-42.2751,119.756,PRO-130
-70.4054,159.536,GLU-131
-58.3444,119.56,VAL-132
98.7478,31.8256,GLY-133
-168.724,171.851,SER-134
-109.261,-47.1942,ASP-135
-131.209,158.392,CYS-136
-87.5813,123.383,THR-137
-94.3294,110.62,THR-138
-84.7137,143.52,ILE-139
-116.338,96.253,HIS-140
-88.2625,173.532,TYR-141
-163.165,143.767,ASN-142
-144.367,139.36,TYR-143
-140.276,119.744,MET-144
-161.167,132.202,CYS-145
-62.4338,138.574,ASN-146
-86.0532,-16.7451,SER-147
-97.1465,15.2226,SER-148
-76.627,165.442,CYS-149
-55.9781,-41.1784,MET-150
91.4797,178.331,GLY-151
-70.5779,153.834,GLY-152
-70.375,-24.4133,ILE-153
-134.511,90.1084,ASN-154
-57.6104,118.698,ARG-155
-134.996,164.394,ARG-156
-79.1009,166.119,PRO-157
-129.203,153.662,ILE-158
-144.026,135.844,LEU-159
-106.978,137.476,THR-160
-98.9936,115.437,ILE-161
-99.6749,124.355,ILE-162
-121.51,163.251,THR-163
-111.45,128.16,LEU-164
-125.272,157.269,GLU-165
-77.5687,158.798,ASP-166
-69.1589,-13.4588,SER-167
-93.9695,-5.35473,SER-168
116.333,-8.35601,GLY-169
-78.1338,138.327,ASN-170
-73.569,133.485,LEU-171
-115.783,-18.9372,LEU-172
178.516,160.218,GLY-173
-158.841,166.523,ARG-174
-163.568,140.944,ASN-175
-136.73,144.488,SER-176
-137.648,156.983,PHE-177
-84.2844,144.063,GLU-178
-121.366,134.01,VAL-179
-144.378,130.132,ARG-180
-82.374,146.346,VAL-181
-141.633,158.152,CYS-182
-90.3062,-39.9471,ALA-183
-135.886,68.1956,CYS-184
-52.1605,-31.0164,PRO-185
-72.1592,-44.2612,GLY-186
-63.4248,-32.2844,ARG-187
-77.7241,-47.4602,ASP-188
-49.8705,-48.8271,ARG-189
-57.3471,-49.6255,ARG-190
-60.7298,-48.0252,THR-191
-64.3899,-42.3011,GLU-192
-75.7998,-32.0067,GLU-193
-72.4421,-11.6799,GLU-194
-78.2354,-16.9435,ASN-195
-77.366,138.193,LEU-196
-64.9816,-13.4897,ARG-197
-84.7984,167.617,LYS-198
-77.6961,134.595,LYS-199
-116.71,-175.249,GLY-200
-88.2314,158.141,GLU-201
-84.3772,175.411,PRO-202
-131.959,-93.1374,HIS-203
-163.098,148.944,HIS-204
-86.8906,-37.3494,GLU-205
-48.5938,-62.7162,LEU-206
-72.5806,155.632,PRO-207
-54.6803,167.832,PRO-208
-66.6456,-170.888,GLY-209
-132.158,-136.547,SER-210
-136.729,153.888,THR-211
-100.838,156.579,LYS-212
65.5737,142.528,ARG-213
-55.916,155.777,ALA-214
-67.0465,-41.8915,LEU-215
-66.203,158.238,PRO-216
-89.835,37.6365,ASN-217
-51.9816,147.452,ASN-218
-123.88,17.1129,SER-2
-56.4445,154.415,SER-3
-56.3432,122.192,VAL-4
-62.0906,110.616,PRO-5
-72.0559,138.761,SER-6
-80.449,-43.0324,GLN-7
-53.9686,122.837,LYS-8
-77.6849,138.573,THR-9
-161.993,127.992,TYR-10
-80.7654,-8.56075,GLN-11
78.3452,-169.519,GLY-12
-79.0444,-29.9169,SER-13
-75.9344,-26.9896,TYR-14
99.6381,20.7763,GLY-15
-57.3227,122.156,PHE-16
-152.354,156.676,ARG-17
-119.189,171.264,LEU-18
-155.211,122.283,GLY-19
-95.6362,156.158,PHE-20
-63.8156,134.776,LEU-21
-159.646,132.252,HIS-22
-156.778,-29.5839,SER-23
-174.693,-169.239,GLY-24
-135.884,10.6611,THR-25
-75.0878,146.23,ALA-26
-47.2839,-21.4054,LYS-27
-82.6542,-8.79223,SER-28
-74.6085,121.728,VAL-29
-62.487,-48.5499,THR-30
-143.856,155.501,CYS-31
-148.853,133.799,THR-32
-120.926,127.285,TYR-33
-85.6378,103.453,SER-34
-53.8038,-28.4848,PRO-35
-81.9704,-32.4431,ALA-36
-93.62,-23.2203,LEU-37
60.4145,48.1551,ASN-38
-139.495,135.969,LYS-39
-117.019,145.503,MET-40
-122.3,121.235,PHE-41
-116.234,120.146,CYS-42
-64.8492,138.828,GLN-43
-54.1859,119.424,LEU-44
75.5334,-10.9255,ALA-45
-85.2479,162.372,LYS-46
-75.7188,125.769,THR-47
-122.006,96.0724,CYS-48
-77.1737,132.914,PRO-49
-127.287,137.622,VAL-50
-71.6697,160.495,GLN-51
-142.048,137.546,LEU-52
-134.028,153.441,TRP-53
-134.661,83.3571,VAL-54
-76.3264,-23.9025,ASP-55
-82.904,-11.7675,SER-56
76.2706,152.197,THR-57
-91.5991,161.775,PRO-58
-73.2009,170.937,PRO-59
-69.8171,129.919,PRO-60
84.1341,50.5358,GLY-61
-78.6921,150.497,THR-62
-114.012,134.287,ARG-63
-96.3069,128.056,VAL-64
-121.704,156.33,ARG-65
-143.161,127.803,ALA-66
-143.626,173.202,MET-67
-173.274,123.731,ALA-68
-115.98,149.406,ILE-69
-123.288,144.591,TYR-70
-135.617,146.319,LYS-71
-126.794,167.304,GLN-72
-58.1453,18.9394,SER-73
-145.696,-6.68661,GLN-74
-160.66,163.563,HIS-75
-142.434,3.30872,MET-76
-78.0154,75.2494,THR-77
-163.108,146.341,GLU-78
-84.5644,150.135,VAL-79
-73.5046,105.908,VAL-80
-103.161,163.399,ARG-81
-66.9899,162.137,ARG-82
-53.3731,155.14,CYS-83
-44.5635,-50.1865,PRO-84
-74.6878,8.46473,HIS-85
-145.444,-10.7187,HIS-86
-69.9255,-5.13534,GLU-87
-141.066,-20.6913,ARG-88
-68.4006,164.362,CYS-89
-73.8945,-5.21441,SER-90
-82.349,-30.3483,ASP-91
-92.7145,-19.1044,SER-92
-79.8557,172.256,ASP-93
123.197,-121.896,GLY-94
-47.9863,-37.8418,LEU-95
-124.082,145.706,ALA-96
-48.0672,133.52,PRO-97
-59.8268,-15.6106,PRO-98
-75.4845,-37.7809,GLN-99
-77.5739,133.045,HIS-100
-85.5318,-34.8374,LEU-101
-95.0427,116.549,ILE-102
-132.218,164.904,ARG-103
-147.559,148.892,VAL-104
-142.487,-165.052,GLU-105
85.8473,-58.9598,GLY-106
-64.9787,125.519,ASN-107
-68.6952,-12.4476,LEU-108
-128.569,46.3428,ARG-109
-73.2359,153.408,VAL-110
-174.273,144.723,GLU-111
-86.4421,152.567,TYR-112
-152.231,157.868,LEU-113
-86.4242,155.198,ASP-114
-96.7754,110.031,ASP-115
-49.3964,-43.1419,ARG-116
-88.9292,-24.6118,ASN-117
-124.141,-2.81282,THR-118
49.9112,54.2993,PHE-119
-113.662,90.6019,ARG-120
-59.9125,112.644,HIS-121
-160.76,155.196,SER-122
-68.1566,135.853,VAL-123
-125.076,158.071,VAL-124
-127.303,163.309,VAL-125
-75.6437,143.115,PRO-126
-56.4721,132.632,TYR-127
-121.373,132.414,GLU-128
-68.0108,162.568,PRO-129
-61.1197,140.104,PRO-130
-81.6955,168.35,GLU-131
-53.3872,126.248,VAL-132
93.8418,-23.1121,GLY-133
-75.2402,147.433,SER-134
-89.8013,-13.96,ASP-135
-163.104,169.653,CYS-136
-89.3634,167.705,THR-137
-130.878,130.704,THR-138
-105.496,141.502,ILE-139
-120.944,100.36,HIS-140
-79.5513,171.47,TYR-141
-166.38,169.616,ASN-142
-153.22,159.103,TYR-143
-145.748,116.417,MET-144
-159.826,152.819,CYS-145
-86.1305,148.793,ASN-146
-107.257,-21.9442,SER-147
-70.0501,2.7663,SER-148
-63.915,161.962,CYS-149
-82.3393,-45.1779,MET-150
75.5084,-168.618,GLY-151
-68.6139,163.828,GLY-152
-59.0765,-30.1245,ILE-153
-130.637,82.2716,ASN-154
-39.6786,122.49,ARG-155
-156.661,167.838,ARG-156
-58.4032,143.781,PRO-157
-125.257,140.911,ILE-158
-122.031,150.695,LEU-159
-110.987,161.496,THR-160
-133,110.984,ILE-161
-101.187,133.28,ILE-162
-144.577,125.855,THR-163
-82.8966,133.166,LEU-164
-121.375,157.144,GLU-165
-52.6343,159.13,ASP-166
-63.2114,-34.5744,SER-167
-74.6182,-2.40722,SER-168
89.7635,14.1387,GLY-169
-77.8693,116.157,ASN-170
-38.0199,122.616,LEU-171
-106.235,-10.8317,LEU-172
170.31,142.746,GLY-173
-136.479,152.531,ARG-174
-149.159,115.981,ASN-175
-130.365,152.316,SER-176
-175.096,161.719,PHE-177
-85.8528,150.335,GLU-178
-125.706,155.607,VAL-179
-142.329,133.801,ARG-180
-87.0749,122.497,VAL-181
-124.363,143.599,CYS-182
-86.0941,-35.7034,ALA-183
-122.153,94.65,CYS-184
-73.6147,-16.218,PRO-185
-82.0144,-41.1924,GLY-186
-47.4554,-66.7924,ARG-187
-42.2844,-48.8886,ASP-188
-63.3913,-38.1053,ARG-189
-61.676,-46.5118,ARG-190
-73.33,-19.9216,THR-191
-74.7992,-49.5689,GLU-192
-79.9641,-39.6623,GLU-193
-60.2239,-5.77063,GLU-194
-107.544,-9.86782,ASN-195
-70.2922,170.171,LEU-196
-90.4231,-35.2611,ARG-197
-58.9309,162.43,LYS-198
-63.414,150.347,LYS-199
-118.667,153.616,GLY-200
-64.6649,152.986,GLU-201
-68.306,161.38,PRO-202
-159.692,154.788,HIS-203
-52.8451,130.718,HIS-204
-98.7231,-8.56088,GLU-205
-88.3235,-42.8503,LEU-206
-81.6724,164.095,PRO-207
-64.4297,168.206,PRO-208
-80.2806,-167.44,GLY-209
-125.374,-102.428,SER-210
-142.747,154.204,THR-211
-87.5478,144.525,LYS-212
80.7056,169.8,ARG-213
-99.0901,165.555,ALA-214
-80.5252,-28.0639,LEU-215
-59.3597,147.724,PRO-216
-88.9096,41.8926,ASN-217
-64.9254,132.771,ASN-218
-127.811,36.516,SER-2
-65.3537,139.098,SER-3
-55.9757,130.011,VAL-4
-67.1691,142.482,PRO-5
-77.968,166.741,SER-6
-140.852,-12.5595,GLN-7
-56.1975,123.445,LYS-8
-54.1234,123.21,THR-9
-163.621,131.819,TYR-10
-74.2841,-28.477,GLN-11
64.2708,-168.831,GLY-12
-69.3761,-30.1382,SER-13
-68.6192,-22.4762,TYR-14
90.6264,20.1062,GLY-15
-47.2546,125.524,PHE-16
-161.722,149.559,ARG-17
-111.777,158.876,LEU-18
-146.768,122.144,GLY-19
-91.8517,169.61,PHE-20
-79.7845,129.74,LEU-21
-130.066,144.147,HIS-22
-161.897,-37.633,SER-23
-160.54,-165.497,GLY-24
-104.873,-14.8652,THR-25
-44.9981,154.064,ALA-26
-51.2867,-27.9101,LYS-27
-72.4459,-9.07448,SER-28
-68.432,113.319,VAL-29
-60.2054,-43.7759,THR-30
-165.181,142.913,CYS-31
-146.492,138.369,THR-32
-115.008,142.322,TYR-33
-117.997,106.952,SER-34
-54.2673,-39.8477,PRO-35
-64.1016,-17.4585,ALA-36
-120.074,-7.07368,LEU-37
36.9957,65.8152,ASN-38
-153.752,128.009,LYS-39
-103.716,124.925,MET-40
-97.0571,127.561,PHE-41
-117.575,117.375,CYS-42
-59.3598,128.634,GLN-43
-60.4788,137.932,LEU-44
84.5713,-34.6261,ALA-45
-72.9296,142.562,LYS-46
-45.6562,114.116,THR-47
-108.855,102.417,CYS-48
-86.6341,147.148,PRO-49
-143.207,136.443,VAL-50
-89.9498,135.964,GLN-51
-121.724,113.839,LEU-52
-103.12,145.922,TRP-53
-128.513,81.2415,VAL-54
-36.4333,-46.1184,ASP-55
-102.099,3.04388,SER-56
78.9041,118.89,THR-57
-79.6527,-178.48,PRO-58
-79.886,159.195,PRO-59
-64.7026,159.668,PRO-60
79.769,-0.00275383,GLY-61
-70.3614,159.322,THR-62
-138.588,137.91,ARG-63
-95.3876,124.661,VAL-64
-127.982,152.039,ARG-65
-147.131,147.003,ALA-66
-159.69,-177.762,MET-67
-153.602,119.326,ALA-68
-92.6814,160.942,ILE-69
-124.129,126.671,TYR-70
-108.866,142.816,LYS-71
-127.279,170.858,GLN-72
-79.8464,33.4268,SER-73
-155.208,-34.9516,GLN-74
-141.382,172.503,HIS-75
-136.795,23.189,MET-76
-117.058,-0.474684,THR-77
-87.1574,174.884,GLU-78
-127.022,151.905,VAL-79
-75.6082,122.573,VAL-80
-134.693,152.191,ARG-81
-65.7069,146.558,ARG-82
-52.4771,156.147,CYS-83
-70.6349,-3.93573,PRO-84
-83.8167,-16.4342,HIS-85
-130.565,10.2666,HIS-86
-81.3626,-10.2877,GLU-87
-145.469,-30.7787,ARG-88
-68.8559,158.536,CYS-89
-62.3449,-24.9731,SER-90
-59.2436,-28.3299,ASP-91
-106.92,-28.4391,SER-92
-72.5354,110.013,ASP-93
-146.908,-143.647,GLY-94
-48.6631,-47.7392,LEU-95
-71.2818,128.225,ALA-96
-43.2415,136.414,PRO-97
-65.3069,-11.5214,PRO-98
-71.2143,-35.0914,GLN-99
-60.7674,119.508,HIS-100
-86.645,-51.3395,LEU-101
-64.5211,130.415,ILE-102
-151.741,157.503,ARG-103
-129.521,159.395,VAL-104
-137.641,-176.591,GLU-105
99.7518,-49.3743,GLY-106
-84.3177,123.208,ASN-107
-45.6774,-45.6766,LEU-108
-93.5286,19.9145,ARG-109
-47.9277,136.549,VAL-110
-138.813,162.823,GLU-111
-88.1683,123.39,TYR-112
-131.365,142.63,LEU-113
-78.5444,121.168,ASP-114
-78.6122,124.765,ASP-115
-68.2404,-14.5398,ARG-116
-83.9843,-42.0108,ASN-117
-123.135,-3.81352,THR-118
52.3958,28.4694,PHE-119
-99.4206,114.246,ARG-120
-77.7371,107.703,HIS-121
-148.052,155.263,SER-122
-71.3685,139.68,VAL-123
-132.372,139.402,VAL-124
-119.999,144.09,VAL-125
-54.7929,134.231,PRO-126
-67.5147,119.171,TYR-127
-97.4822,119.424,GLU-128
-78.4884,138.245,PRO-129
-40.8864,133.465,PRO-130
-65.3823,164.496,GLU-131
-55.0416,115.478,VAL-132
84.5285,12.0931,GLY-133
-98.2047,141.985,SER-134
-75.992,-35.6197,ASP-135
-175.044,161.985,CYS-136
-86.6396,139.28,THR-137
-100.553,116.895,THR-138
-92.6344,121.473,ILE-139
-105.732,113.048,HIS-140
-95.3433,177.033,TYR-141
-166.122,167.026,ASN-142
-144.971,147.995,TYR-143
-133.022,123.036,MET-144
-165.703,135.739,CYS-145
-81.6471,130.362,ASN-146
-88.397,6.53046,SER-147
-91.4908,8.29476,SER-148
-81.7843,162.012,CYS-149
-86.0007,-21.1358,MET-150
68.1123,-173.845,GLY-151
-73.9141,171.336,GLY-152
-57.1712,-17.5693,ILE-153
-154.252,97.7023,ASN-154
-58.7995,139.378,ARG-155
-159.213,155.6,ARG-156
-53.479,156.131,PRO-157
-131.194,137.529,ILE-158
-97.5801,148.906,LEU-159
-123.776,143.586,THR-160
-105.892,103.436,ILE-161
-101.567,130.332,ILE-162
-135.583,161.07,THR-163
-116.094,140.856,LEU-164
-142.215,142.467,GLU-165
-54.4918,160.7,ASP-166
-59.9301,-16.7615,SER-167
-92.5033,-5.91984,SER-168
92.229,2.08898,GLY-169
-56.1217,123.053,ASN-170
-70.9293,119.68,LEU-171
-93.0253,-33.6499,LEU-172
177.037,-173.663,GLY-173
-163.518,140.098,ARG-174
-117.766,141.592,ASN-175
-118.546,140.278,SER-176
-140.313,151.583,PHE-177
-87.2235,144.035,GLU-178
-103.752,153.839,VAL-179
-143.807,121.57,ARG-180
-84.8268,132.787,VAL-181
-139.684,164.985,CYS-182
-91.2515,-34.9832,ALA-183
-119.522,69.8898,CYS-184
-49.5067,-39.2127,PRO-185
-79.9556,-27.515,GLY-186
-63.4505,-47.8309,ARG-187
-71.0128,-30.4945,ASP-188
-52.8433,-62.4149,ARG-189
-52.1954,-47.3922,ARG-190
-54.7647,-42.8854,THR-191
-97.8804,-13.027,GLU-192
-94.7336,-27.1198,GLU-193
-69.9677,-16.632,GLU-194
-72.1943,4.7105,ASN-195
-97.5995,168.399,LEU-196
-93.7103,-25.4838,ARG-197
-79.0568,147.339,LYS-198
-78.3074,146.599,LYS-199
-126.387,-159.561,GLY-200
-80.8216,144.115,GLU-201
-80.2624,164.286,PRO-202
-121.295,174.43,HIS-203
-60.3932,128.691,HIS-204
-81.4191,-12.9852,GLU-205
-78.5651,-44.793,LEU-206
-88.4471,149.858,PRO-207
-65.7079,159.678,PRO-208
-62.9904,-150.264,GLY-209
-160.052,-149.27,SER-210
-110.707,158.772,THR-211
-98.6355,171.29,LYS-212
68.3024,123.849,ARG-213
-57.9729,148.02,ALA-214
-65.7011,-37.6805,LEU-215
-48.2535,138.976,PRO-216
-75.0083,17.6621,ASN-217
-58.6127,129.983,ASN-218
-129.257,35.3035,SER-2
-73.3883,147.024,SER-3
-45.5339,124.926,VAL-4
-72.8045,140.975,PRO-5
-98.3016,142.798,SER-6
-112.927,5.53707,GLN-7
-63.2421,134.536,LYS-8
-78.5797,131.245,THR-9
-152.759,157.184,TYR-10
-105.893,-48.8543,GLN-11
88.481,-177.576,GLY-12
-64.3949,-20.0732,SER-13
-69.8106,-43.9038,TYR-14
89.7775,34.2224,GLY-15
-68.0018,122.56,PHE-16
-150.259,153.118,ARG-17
-114.795,169.787,LEU-18
-145.264,137.841,GLY-19
-117.964,141.676,PHE-20
-68.3544,134.846,LEU-21
-135.828,129.809,HIS-22
-112.726,-28.7458,SER-23
155.745,-163.454,GLY-24
-131.875,6.03604,THR-25
-81.5642,166.317,ALA-26
-78.1422,-11.8348,LYS-27
-57.516,-23.3336,SER-28
-74.1688,146.164,VAL-29
-94.7303,-50.7856,THR-30
-147.821,144.838,CYS-31
-138.539,122.664,THR-32
-100.435,127.021,TYR-33
-93.419,111.009,SER-34
-68.7947,-31.4404,PRO-35
-62.5293,-12.494,ALA-36
-128.321,5.94477,LEU-37
40.6451,44.0176,ASN-38
-131.61,142.095,LYS-39
-113.843,127.016,MET-40
-96.976,120.725,PHE-41
-110.744,155.313,CYS-42
-96.2218,138.137,GLN-43
-54.6588,138.54,LEU-44
61.4878,-7.58444,ALA-45
-75.4943,153.916,LYS-46
-87.2667,109.381,THR-47
-112.475,91.9879,CYS-48
-88.6707,143.347,PRO-49
-132.693,129.05,VAL-50
-83.587,166.536,GLN-51
-154.701,121.377,LEU-52
-125.702,139.45,TRP-53
-126.362,110.713,VAL-54
-83.1452,-20.7835,ASP-55
-88.2196,-23.192,SER-56
87.202,155.412,THR-57
-100.404,159.868,PRO-58
-64.7183,168.632,PRO-59
-71.4265,163.766,PRO-60
75.3959,-11.7514,GLY-61
-72.6229,147.91,THR-62
-127.446,158.105,ARG-63
-105.628,120.383,VAL-64
-105.085,155.677,ARG-65
-146.848,116.84,ALA-66
-133.548,166.555,MET-67
-150.022,106.323,ALA-68
-98.3015,139.029,ILE-69
-100.746,156.466,TYR-70
-137.192,124.093,LYS-71
-118.016,161.034,GLN-72
-68.0947,46.8067,SER-73
-176.161,-35.8995,GLN-74
-148.45,169.377,HIS-75
-126.711,28.2387,MET-76
-89.3829,-26.5318,THR-77
-82.395,162.609,GLU-78
-134.932,159.036,VAL-79
-70.4248,132.259,VAL-80
-155.4,154.9,ARG-81
-55.6362,165.63,ARG-82
-52.9234,155.276,CYS-83
-60.7778,-44.3544,PRO-84
-71.9266,-3.27642,HIS-85
-134.361,-7.29721,HIS-86
-83.6844,16.4589,GLU-87
-150.628,-30.9006,ARG-88
-68.8835,162.303,CYS-89
-68.2947,-19.083,SER-90
-62.4218,-31.3931,ASP-91
-94.1529,-26.4962,SER-92
-72.7018,162.8,ASP-93
143.282,-146.195,GLY-94
-64.8402,-38.3958,LEU-95
-86.7552,128.469,ALA-96
-48.8687,146.41,PRO-97
-65.0187,-14.8667,PRO-98
-68.8721,-40.4701,GLN-99
-67.2603,125.317,HIS-100
-78.4024,-50.3224,LEU-101
-59.219,122.368,ILE-102
-141.31,166.522,ARG-103
-159.128,162.554,VAL-104
-156.007,-171.633,GLU-105
94.3995,-75.0911,GLY-106
-72.0227,132.799,ASN-107
-72.9536,-47.622,LEU-108
-77.8059,32.6166,ARG-109
-77.4694,135.18,VAL-110
-159.765,172.567,GLU-111
-111.312,131.707,TYR-112
-133.847,154.499,LEU-113
-56.3069,137.289,ASP-114
-96.6936,124.214,ASP-115
-70.3418,-29.8927,ARG-116
-83.8683,-43.0709,ASN-117
-124.771,4.04254,THR-118
55.9181,-1.01361,PHE-119
-69.5977,86.511,ARG-120
-41.8746,131.267,HIS-121
-168.962,161.659,SER-122
-75.5199,134.402,VAL-123
-128.861,147.035,VAL-124
-134.724,139.265,VAL-125
-53.8169,139.901,PRO-126
-72.7962,123.314,TYR-127
-105.951,90.5956,GLU-128
-59.7246,151.915,PRO-129
-41.7121,137.57,PRO-130
-87.6774,160.969,GLU-131
-52.5388,126.764,VAL-132
89.0829,-15.077,GLY-133
-88.1027,152.562,SER-134
-102.64,-41.3562,ASP-135
-145.138,163.644,CYS-136
-91.8284,137.053,THR-137
-123.429,138.97,THR-138
-104.702,128.105,ILE-139
-98.2206,98.5781,HIS-140
-86.289,169.084,TYR-141
-158.087,149.899,ASN-142
-142.541,138.03,TYR-143
-128.846,133.575,MET-144
178.728,141.62,CYS-145
-85.554,117.186,ASN-146
-77.685,-10.4274,SER-147
-81.2413,-4.20756,SER-148
-80.5845,173.669,CYS-149
-91.8291,-28.6617,MET-150
67.5409,-154.789,GLY-151
-94.5517,167.752,GLY-152
-63.5435,-24.4381,ILE-153
-139.157,95.8904,ASN-154
-61.4486,109.6,ARG-155
-144.539,166.38,ARG-156
-69.6402,158.649,PRO-157
-120.839,154.352,ILE-158
-115.325,-177.426,LEU-159
-147.348,150.523,THR-160
-114.52,114.77,ILE-161
-106.893,125.01,ILE-162
-129.309,113.987,THR-163
-50.5221,137.133,LEU-164
-149.479,169.321,GLU-165
-85.3718,162.657,ASP-166
-55.6106,-24.8538,SER-167
-78.866,-1.69616,SER-168
84.0548,2.4521,GLY-169
-68.3075,124.593,ASN-170
-59.011,119.791,LEU-171
-106.892,-4.56307,LEU-172
-177.604,163.646,GLY-173
-141.429,135.129,ARG-174
-153.84,135.373,ASN-175
-144.303,144.676,SER-176
-150.5,159.038,PHE-177
-83.4089,149.524,GLU-178
-128.222,152.206,VAL-179
-147.972,129.567,ARG-180
-99.2429,124.423,VAL-181
-138.752,164.497,CYS-182
-76.9986,-44.7927,ALA-183
-134.188,73.2611,CYS-184
-59.257,-27.0163,PRO-185
-75.7982,-27.55,GLY-186
-61.3655,-49.3767,ARG-187
-76.2057,-38.9732,ASP-188
-39.9049,-54.7049,ARG-189
-68.2381,-50.2296,ARG-190
-42.8981,-40.2401,THR-191
-97.39,-20.9714,GLU-192
-88.0355,-13.7189,GLU-193
-77.1897,-5.65249,GLU-194
-90.6681,-7.26472,ASN-195
-96.7979,134.77,LEU-196
-60.0518,-50.7977,ARG-197
-55.3974,121.156,LYS-198
-65.9041,165.398,LYS-199
-136.231,178.983,GLY-200
-65.5721,144.633,GLU-201
-73.6945,-174.143,PRO-202
-167.497,165.887,HIS-203
-63.1903,144.7,HIS-204
-93.055,-12.2656,GLU-205
-68.2191,-66.9535,LEU-206
-70.879,160.217,PRO-207
-75.8837,174.655,PRO-208
-99.2746,-123.121,GLY-209
-148.444,-141.562,SER-210
-105.368,163.487,THR-211
-94.2533,157.867,LYS-212
65.9629,149.708,ARG-213
-70.2412,169.002,ALA-214
-85.7915,-30.7542,LEU-215
-57.8307,143.277,PRO-216
-75.6151,15.6257,ASN-217
-51.4721,131.27,ASN-218
-139.162,48.3562,SER-2
-56.6112,143.755,SER-3
-60.9524,125.539,VAL-4
-61.8929,137.911,PRO-5
-66.2053,145.865,SER-6
-116.315,0.270849,GLN-7
-71.8578,109.392,LYS-8
-61.1559,146.756,THR-9
-158.448,154.006,TYR-10
-94.3195,-21.966,GLN-11
80.4834,164.978,GLY-12
-56.8198,-10.0618,SER-13
-86.2641,-18.1348,TYR-14
74.807,24.8337,GLY-15
-55.3034,98.2712,PHE-16
-128.355,148.089,ARG-17
-104.021,148.063,LEU-18
-123.959,137.246,GLY-19
-116.021,132.535,PHE-20
-74.0821,144.299,LEU-21
-144.928,118.828,HIS-22
-115.199,-7.0776,SER-23
129.966,-164.899,GLY-24
-132.223,8.38391,THR-25
-65.4853,154.053,ALA-26
-60.581,-25.7542,LYS-27
-76.9723,-7.23425,SER-28
-62.5969,130.414,VAL-29
-78.2794,-54.2319,THR-30
-145.039,163.149,CYS-31
-152.559,125.629,THR-32
-108.626,128.821,TYR-33
-88.4232,110.856,SER-34
-61.1994,-36.7812,PRO-35
-78.3243,7.8574,ALA-36
-132.074,-14.6416,LEU-37
55.6135,37.6583,ASN-38
-123.062,130.678,LYS-39
-95.6786,136.566,MET-40
-110.167,123.305,PHE-41
-126.209,129.448,CYS-42
-79.8484,131.217,GLN-43
-55.8837,126.874,LEU-44
76.3007,-17.1391,ALA-45
-72.2531,159.356,LYS-46
-77.1485,132.616,THR-47
-116.24,92.5622,CYS-48
-68.9657,124.798,PRO-49
-119.077,128.474,VAL-50
-86.829,153.929,GLN-51
-128.037,135.292,LEU-52
-116.228,142.378,TRP-53
-123.432,70.4984,VAL-54
-53.1,-41.7581,ASP-55
-76.6839,7.88384,SER-56
66.7242,139.901,THR-57
-79.2738,166.213,PRO-58
-64.2149,169.853,PRO-59
-77.8219,152.912,PRO-60
66.7463,18.9904,GLY-61
-57.0792,155.058,THR-62
-122.804,153.502,ARG-63
-107.293,122.277,VAL-64
-113.809,135.795,ARG-65
-119.019,144.411,ALA-66
-159.127,174.222,MET-67
-164.2,116.003,ALA-68
-112.632,132.186,ILE-69
-103.822,131.928,TYR-70
-116.371,166.624,LYS-71
-154.603,166.369,GLN-72
-76.3674,48.433,SER-73
179.48,-6.00156,GLN-74
-168.143,163.333,HIS-75
-134.435,8.28818,MET-76
-84.856,-23.9178,THR-77
-56.061,156.089,GLU-78
-108.241,153.639,VAL-79
-67.4951,119.177,VAL-80
-133.271,156.044,ARG-81
-59.4408,158.426,ARG-82
-65.8342,158.111,CYS-83
-67.6404,-0.59147,PRO-84
-102.224,-8.42025,HIS-85
-142.615,8.42824,HIS-86
-81.7245,0.524546,GLU-87
-144.316,-33.9474,ARG-88
-54.185,173.251,CYS-89
-81.154,-6.57001,SER-90
-87.76,-16.4234,ASP-91
-103.255,-36.5708,SER-92
-72.0766,155.532,ASP-93
163.157,-140.671,GLY-94
-55.9306,-59.1892,LEU-95
-67.8549,139.646,ALA-96
-62.6517,147.098,PRO-97
-61.6467,-18.3017,PRO-98
-76.0283,-35.3563,GLN-99
-74.869,123.92,HIS-100
-59.364,-42.818,LEU-101
-73.8836,134.126,ILE-102
-151.279,150.693,ARG-103
-148.287,146.917,VAL-104
-123.011,-158.14,GLU-105
81.8391,-81.0958,GLY-106
-53.6249,142.054,ASN-107
-64.1925,-36.0111,LEU-108
-110.222,134.822,ARG-109
-176.786,122.008,VAL-110
-164.874,154.368,GLU-111
-90.2482,126.576,TYR-112
-133.687,154.795,LEU-113
-75.2247,167.237,ASP-114
-133.92,118.622,ASP-115
-85.8549,-15.6916,ARG-116
-87.3884,-33.07,ASN-117
-123.899,-17.0288,THR-118
70.2946,5.10143,PHE-119
-78.3146,92.0603,ARG-120
-56.8194,125.006,HIS-121
-165.547,143.567,SER-122
-68.5311,126.887,VAL-123
-108.367,161.858,VAL-124
-137.749,155.03,VAL-125
-57.3813,144.437,PRO-126
-67.6182,100.156,TYR-127
-79.5655,121.129,GLU-128
-66.7893,143.526,PRO-129
-54.9608,150.754,PRO-130
-72.3183,168.747,GLU-131
-59.6907,138.139,VAL-132
75.2638,-10.9677,GLY-133
-75.7254,148.684,SER-134
-91.5951,-25.01,ASP-135
-162.995,165.532,CYS-136
-88.437,150.682,THR-137
-118.246,137.304,THR-138
-119.178,129.077,ILE-139
-107.279,68.5503,HIS-140
-75.2213,161.244,TYR-141
-148.354,153.15,ASN-142
-148.474,145.396,TYR-143
-148.422,108.413,MET-144
-146.751,165.382,CYS-145
-88.8139,117.052,ASN-146
-63.7196,-21.7111,SER-147
-89.8657,6.66942,SER-148
-69.0185,160.229,CYS-149
-77.5919,-37.8243,MET-150
83.8444,-150.083,GLY-151
-85.1679,178.697,GLY-152
-70.3571,-19.4912,ILE-153
-141.326,73.153,ASN-154
-34.0483,109.89,ARG-155
-138.308,160.165,ARG-156
-74.789,149.119,PRO-157
-134.784,123.985,ILE-158
-92.606,147.528,LEU-159
-112.589,137.124,THR-160
-108.211,107.478,ILE-161
-93.4522,154.546,ILE-162
-156.758,147.503,THR-163
-109.168,129.127,LEU-164
-134.764,137.435,GLU-165
-47.1541,157.604,ASP-166
-68.3297,-19.5342,SER-167
-81.0276,-3.40976,SER-168
103.539,-22.0907,GLY-169
-52.8852,115.265,ASN-170
-74.2896,118.976,LEU-171
-110.635,-24.7754,LEU-172
-161.858,158.97,GLY-173
-144.554,153.879,ARG-174
-160.076,120.435,ASN-175
-127.555,146.48,SER-176
-146.597,154.952,PHE-177
-76.1021,139.184,GLU-178
-116.664,153.248,VAL-179
-151.148,110.182,ARG-180
-78.2407,134.973,VAL-181
-138.854,-169.606,CYS-182
-120.468,-42.4308,ALA-183
-112.365,88.3918,CYS-184
-71.7506,-16.7655,PRO-185
-92.8132,-33.1578,GLY-186
-52.8776,-59.7431,ARG-187
-65.7901,-23.2094,ASP-188
-63.7841,-56.5783,ARG-189
-55.5719,-40.566,ARG-190
-64.1533,-21.3431,THR-191
-109.253,-30.0873,GLU-192
-73.8326,-34.3188,GLU-193
-68.1327,-9.6137,GLU-194
-94.3374,12.2232,ASN-195
-79.4999,166.751,LEU-196
-79.4869,-38.1414,ARG-197
-76.1022,154.528,LYS-198
-71.0116,150.631,LYS-199
-121.243,164.148,GLY-200
-63.312,139.84,GLU-201
-78.388,140.357,PRO-202
-127.758,155.265,HIS-203
-62.477,115.435,HIS-204
-81.8518,-8.92554,GLU-205
-81.787,-38.9224,LEU-206
-69.1348,166.769,PRO-207
-58.8917,169.08,PRO-208
-89.4513,-154.127,GLY-209
-162.518,-135.897,SER-210
-139.081,158.054,THR-211
-98.1914,165.433,LYS-212
79.9679,160.915,ARG-213
-90.1881,162.326,ALA-214
-75.8901,-28.1292,LEU-215
-74.5537,161.195,PRO-216
-81.187,9.18914,ASN-217
-55.4272,135.588,ASN-218
-126.497,23.1638,SER-2
-49.4993,155.853,SER-3
-73.9892,131.972,VAL-4
-53.9409,152.786,PRO-5
-96.1182,150.862,SER-6
-98.5994,-29.197,GLN-7
-55.0409,119.359,LYS-8
-62.1151,134.522,THR-9
-161.813,129.103,TYR-10
-71.1026,-39.5574,GLN-11
73.0375,-150.055,GLY-12
-80.9347,-1.9749,SER-13
-109.176,-28.3642,TYR-14
94.7495,19.3028,GLY-15
-71.1307,115.007,PHE-16
-151.041,134.86,ARG-17
-117.058,137.497,LEU-18
-116.93,110.237,GLY-19
-72.1836,169.015,PHE-20
-88.8659,141.658,LEU-21
-138.408,124.536,HIS-22
-141.329,-5.90158,SER-23
167.168,179.038,GLY-24
-115.965,-20.9154,THR-25
-54.5574,163.159,ALA-26
-49.0018,-25.563,LYS-27
-88.2042,0.955096,SER-28
-68.8645,128.114,VAL-29
-70.3915,-71.417,THR-30
-138.598,170.124,CYS-31
-168.006,152.425,THR-32
-132.395,125.366,TYR-33
-102.131,100.57,SER-34
-52.1081,-50.3859,PRO-35
-59.5156,-41.567,ALA-36
-76.1079,-15.6017,LEU-37
48.6061,43.8035,ASN-38
-127.366,109.713,LYS-39
-91.364,121.196,MET-40
-96.2201,148.136,PHE-41
-135.114,140.391,CYS-42
-82.9678,135.682,GLN-43
-56.8413,119.738,LEU-44
77.4316,4.70931,ALA-45
-81.9647,157.172,LYS-46
-79.2859,132.102,THR-47
-137.284,80.068,CYS-48
-100.516,152.666,PRO-49
-125.208,132.441,VAL-50
-80.7626,150.092,GLN-51
-136.964,134.2,LEU-52
-135.533,129.577,TRP-53
-107.049,91.834,VAL-54
-56.3595,-47.5205,ASP-55
-79.8803,-12.6433,SER-56
87.331,142.862,THR-57
-89.6902,169.685,PRO-58
-73.0673,177.877,PRO-59
-71.3934,169.664,PRO-60
70.5597,7.85783,GLY-61
-72.7698,155.966,THR-62
-126.34,145.48,ARG-63
-87.4942,137.665,VAL-64
-129.725,147.938,ARG-65
-134.816,127.642,ALA-66
-136.734,174.175,MET-67
-165.831,112.263,ALA-68
-93.0668,147.582,ILE-69
-112.73,119.314,TYR-70
-103.67,145.425,LYS-71
-143.614,171.488,GLN-72
-89.7888,52.9059,SER-73
178.991,-24.4544,GLN-74
-164.677,166.36,HIS-75
-134.295,8.72305,MET-76
-105.936,-14.2412,THR-77
-67.5723,165.535,GLU-78
-121.08,153.46,VAL-79
-67.2461,123.043,VAL-80
-142.951,161.054,ARG-81
-65.0219,164.313,ARG-82
-70.5057,158.73,CYS-83
-57.2404,-24.4953,PRO-84
-73.2837,-20.151,HIS-85
-125.366,3.47884,HIS-86
-81.9221,-4.81413,GLU-87
-137.446,-3.74452,ARG-88
-87.5837,154.69,CYS-89
-63.5487,-16.2773,SER-90
-70.9177,-7.43825,ASP-91
-120.013,-36.4262,SER-92
-67.6887,135.172,ASP-93
176.397,-128.501,GLY-94
-62.8623,-28.4087,LEU-95
-97.3897,143.135,ALA-96
-65.3986,155.022,PRO-97
-70.2817,-22.9903,PRO-98
-64.8951,-57.8311,GLN-99
-61.0138,150.892,HIS-100
-93.3132,-43.6588,LEU-101
-72.4635,118.857,ILE-102
-142.917,155.152,ARG-103
-141.148,140.632,VAL-104
-104.38,-152.614,GLU-105
92.5071,-73.4452,GLY-106
-73.896,139.296,ASN-107
-69.3665,-30.778,LEU-108
-97.3815,113.008,ARG-109
-157.018,146.052,VAL-110
-163.095,160.806,GLU-111
-99.7742,126.283,TYR-112
-118.533,161.026,LEU-113
-66.6819,167.079,ASP-114
-132.843,129.1,ASP-115
-75.8213,-35.1602,ARG-116
-78.4599,-31.1269,ASN-117
-123.427,-17.506,THR-118
70.9093,-2.27484,PHE-119
-81.3554,105.873,ARG-120
-68.9606,127.958,HIS-121
-173.418,134.557,SER-122
-50.0353,128.177,VAL-123
-123.043,150.356,VAL-124
-137.182,152.091,VAL-125
-66.9874,151.328,PRO-126
-78.1478,109.075,TYR-127
-95.3675,105.576,GLU-128
-57.7335,156.668,PRO-129
-65.9811,149.662,PRO-130
-96.5562,163.98,GLU-131
-53.5906,108.894,VAL-132
76.6511,12.7639,GLY-133
-88.5264,151.207,SER-134
-81.0688,-20.9292,ASP-135
-166.162,179.144,CYS-136
-102.094,149.963,THR-137
-119.53,123.769,THR-138
-109.804,126.469,ILE-139
-106.777,75.3152,HIS-140
-66.8119,166.363,TYR-141
-162.865,143.302,ASN-142
-135.576,131.743,TYR-143
-121.709,94.1652,MET-144
-130.591,140.424,CYS-145
-76.6496,137.562,ASN-146
-103.505,3.46474,SER-147
-100.05,3.03931,SER-148
-70.7461,153.278,CYS-149
-69.445,-18.0336,MET-150
84.2646,179.698,GLY-151
-76.3835,169.132,GLY-152
-64.6472,-21.8641,ILE-153
-139.534,123.99,ASN-154
-83.0724,113.632,ARG-155
-144.141,159.934,ARG-156
-71.5176,158.787,PRO-157
-139.457,134.361,ILE-158
-111.372,152.204,LEU-159
-114.803,144.685,THR-160
-119.414,114.056,ILE-161
-95.3032,131.922,ILE-162
-126.878,155.459,THR-163
-105.879,129.441,LEU-164
-141.631,172.166,GLU-165
-97.9555,173.465,ASP-166
-59.7624,-28.1042,SER-167
-82.6455,-5.07654,SER-168
84.3021,-7.39216,GLY-169
-47.2838,122.353,ASN-170
-88.8887,114.876,LEU-171
-97.9194,-34.9768,LEU-172
-157.837,168.142,GLY-173
-160.431,157.716,ARG-174
-170.646,145.277,ASN-175
-152.819,126.987,SER-176
-132.019,155.923,PHE-177
-78.0915,150.737,GLU-178
-116.723,146.199,VAL-179
-154.905,119.448,ARG-180
-99.0488,139.14,VAL-181
-150.189,163.505,CYS-182
-83.4487,-38.0504,ALA-183
-123.957,76.8954,CYS-184
-62.8654,-22.517,PRO-185
-92.1336,-23.4854,GLY-186
-68.9573,-40.4519,ARG-187
-66.9533,-38.3176,ASP-188
-54.1959,-60.0027,ARG-189
-56.3513,-40.4252,ARG-190
-46.2887,-56.4223,THR-191
-83.9644,-21.6105,GLU-192
-91.9755,-22.7529,GLU-193
-76.2322,-15.2545,GLU-194
-69.0492,-13.0269,ASN-195
-80.2929,176.46,LEU-196
-87.1646,-47.3437,ARG-197
-60.6906,140.406,LYS-198
-51.1067,149.445,LYS-199
-150.249,-152.396,GLY-200
-83.6036,125.08,GLU-201
-61.0457,173.022,PRO-202
-156.241,178.718,HIS-203
-51.0198,119.694,HIS-204
-85.2334,-24.3044,GLU-205
-85.5439,-49.501,LEU-206
-75.0631,170.367,PRO-207
-67.2975,170.649,PRO-208
-84.278,-144.135,GLY-209
-152.237,-159.021,SER-210
-107.316,142.31,THR-211
-81.7536,162.812,LYS-212
70.0406,162.396,ARG-213
-84.598,161.47,ALA-214
-70.8891,-40.0167,LEU-215
-49.2534,153.677,PRO-216
-89.6421,8.91613,ASN-217
-65.733,145.169,ASN-218
-121.204,35.4887,SER-2
-70.7095,153.887,SER-3
-57.9897,129.439,VAL-4
-68.087,118.316,PRO-5
-60.6611,140.032,SER-6
-66.3145,-18.9579,GLN-7
-56.3651,112.163,LYS-8
-68.2948,138.076,THR-9
-170.059,140.097,TYR-10
-91.6422,-10.5781,GLN-11
52.7475,-164.691,GLY-12
-65.0903,-9.52188,SER-13
-108.729,-24.4716,TYR-14
96.801,21.9698,GLY-15
-75.0229,124.063,PHE-16
-165.635,157.897,ARG-17
-119.966,163.067,LEU-18
-137.26,149.712,GLY-19
-132.606,127.975,PHE-20
-58.9276,118.284,LEU-21
-115.439,138.03,HIS-22
-151.721,-32.6859,SER-23
-177.071,-163.778,GLY-24
-135.539,0.330075,THR-25
-67.5851,153.194,ALA-26
-55.8973,-21.0759,LYS-27
-71.3073,-25.1812,SER-28
-72.2693,139.601,VAL-29
-69.3191,-49.1885,THR-30
-145.507,169.749,CYS-31
-175.139,89.863,THR-32
-74.1643,138.928,TYR-33
-100.222,108.954,SER-34
-63.4698,-41.4629,PRO-35
-69.3248,-28.9104,ALA-36
-89.2047,-10.0385,LEU-37
47.8604,54.1195,ASN-38
-132.651,123.95,LYS-39
-94.4798,116.404,MET-40
-96.4289,129.635,PHE-41
-146.165,168.044,CYS-42
-96.2971,133.164,GLN-43
-57.5201,130.133,LEU-44
89.4669,-26.8066,ALA-45
-81.6967,151.635,LYS-46
-75.7795,145.727,THR-47
-121.195,123.294,CYS-48
-78.4222,143.604,PRO-49
-135.917,117.131,VAL-50
-75.9405,149.765,GLN-51
-134.57,120.521,LEU-52
-105.776,149.232,TRP-53
-158.385,62.4366,VAL-54
-56.3574,-26.3375,ASP-55
-108.449,3.78052,SER-56
97.5853,136.334,THR-57
-94.6635,160.705,PRO-58
-75.8478,156.98,PRO-59
-41.2526,133.258,PRO-60
84.0098,-8.3749,GLY-61
-49.7602,145.355,THR-62
-131.588,150.256,ARG-63
-114.609,121.475,VAL-64
-111.993,164.545,ARG-65
-148.541,139.782,ALA-66
-154.94,178.174,MET-67
-160.509,123.331,ALA-68
-101.732,160.571,ILE-69
-136.759,118.426,TYR-70
-110.116,158.194,LYS-71
-148.177,170.957,GLN-72
-66.1903,16.5141,SER-73
-139.178,-19.3152,GLN-74
-170.309,170.874,HIS-75
-125.889,7.17334,MET-76
-99.11,0.691621,THR-77
-103.633,163.337,GLU-78
-109.551,160.841,VAL-79
-74.6895,134.235,VAL-80
-152.325,165.995,ARG-81
-62.4436,179.786,ARG-82
-62.1261,160.796,CYS-83
-61.3811,-49.1752,PRO-84
-63.9978,-2.5742,HIS-85
-127.139,7.32408,HIS-86
-101.476,8.65254,GLU-87
-145.712,-40.4126,ARG-88
-49.5126,151.416,CYS-89
-59.7498,-22.0997,SER-90
-70.0656,-13.3832,ASP-91
-109.862,-18.465,SER-92
-76.517,155.208,ASP-93
158.939,-158.688,GLY-94
-58.7132,-41.7397,LEU-95
-80.1728,137.252,ALA-96
-63.1896,131.227,PRO-97
-53.6612,-27.7618,PRO-98
-60.6443,-53.5584,GLN-99
-52.6476,124.72,HIS-100
-59.1705,-38.9661,LEU-101
-82.8359,115.083,ILE-102
-129.289,162.481,ARG-103
-132.07,164.518,VAL-104
-164.441,161.536,GLU-105
87.6743,-20.1417,GLY-106
-89.7689,123.27,ASN-107
-72.7941,-43.7645,LEU-108
-85.0485,97.7072,ARG-109
-146.382,154.252,VAL-110
-163.997,167.019,GLU-111
-106.172,139.103,TYR-112
-151.281,142.422,LEU-113
-67.7217,155.952,ASP-114
-117.446,116.925,ASP-115
-66.8681,-21.1264,ARG-116
-86.8206,-36.3348,ASN-117
-127.115,-12.8847,THR-118
71.4692,-1.83024,PHE-119
-72.5635,94.1128,ARG-120
-60.3002,140.638,HIS-121
-164.656,153.9,SER-122
-71.9868,132.192,VAL-123
-109.461,133.355,VAL-124
-112.054,160.629,VAL-125
-66.2216,163.688,PRO-126
-69.7612,120.44,TYR-127
-111.04,138.249,GLU-128
-78.0093,164.271,PRO-129
-56.63,148.995,PRO-130
-79.1849,163.475,GLU-131
-46.568,122.887,VAL-132
82.1344,-6.20542,GLY-133
-101.894,139.383,SER-134
-85.2638,-30.4327,ASP-135
-135.981,173.428,CYS-136
-95.868,165.765,THR-137
-125.206,145.504,THR-138
-114.76,141.092,ILE-139
-111.682,114.984,HIS-140
-99.7373,170.714,TYR-141
-152.863,161.272,ASN-142
-155.166,157.74,TYR-143
-160.2,117.074,MET-144
-151.009,157.995,CYS-145
-90.4612,127.471,ASN-146
-80.5806,-19.4561,SER-147
-76.3068,-4.99646,SER-148
-86.2814,161.002,CYS-149
-57.8547,-56.1971,MET-150
89.0849,161.548,GLY-151
-71.5556,-172.719,GLY-152
-66.5937,-36.4201,ILE-153
-117.519,112.123,ASN-154
-73.4535,124.424,ARG-155
-147.28,168.532,ARG-156
-80.6126,157.396,PRO-157
-118.364,124.303,ILE-158
-90.6837,145.073,LEU-159
-106.921,153.914,THR-160
-117.857,131.887,ILE-161
-118.797,129.61,ILE-162
-128.435,147.461,THR-163
-96.9138,134.737,LEU-164
-138.929,151.36,GLU-165
-58.0185,167.341,ASP-166
-64.3494,-26.6992,SER-167
-76.8287,-23.1842,SER-168
108.024,6.43735,GLY-169
-64.2519,134.858,ASN-170
-75.8415,146.596,LEU-171
-133.854,-48.506,LEU-172
-136.189,160.116,GLY-173
-151.572,145.185,ARG-174
-155.382,152.929,ASN-175
-144.474,138.66,SER-176
-153.874,158.592,PHE-177
-86.3006,136.301,GLU-178
-111.771,139.624,VAL-179
-142.551,130.69,ARG-180
-108.018,118.526,VAL-181
-118.349,155.719,CYS-182
-71.6609,-57.1291,ALA-183
-112.046,64.7779,CYS-184
-45.6681,-32.1944,PRO-185
-76.4523,-21.5692,GLY-186
-78.4683,-43.5902,ARG-187
-65.2301,-33.8042,ASP-188
-42.0708,-71.7937,ARG-189
-59.298,-32.3647,ARG-190
-75.2969,-17.4482,THR-191
-99.6584,-33.2928,GLU-192
-75.2575,-28.6206,GLU-193
-81.5653,-14.4053,GLU-194
-68.7416,-11.0834,ASN-195
-84.2127,146.645,LEU-196
-50.1975,-46.0758,ARG-197
-61.89,155.42,LYS-198
-76.5036,139.095,LYS-199
-119.553,167.827,GLY-200
-65.449,146.488,GLU-201
-82.4882,165.929,PRO-202
-164.184,150.754,HIS-203
-49.569,113.922,HIS-204
-87.0422,-11.9061,GLU-205
-72.5597,-30.0606,LEU-206
-89.0439,144.639,PRO-207
-73.8121,166.911,PRO-208
-72.3783,175.695,GLY-209
-90.2812,-94.8141,SER-210
-148.883,167.287,THR-211
-113.598,149.397,LYS-212
53.3622,160.21,ARG-213
-91.897,160.194,ALA-214
-67.1022,-35.5703,LEU-215
-57.4716,148.034,PRO-216
-89.9667,26.4098,ASN-217
-71.2781,141.237,ASN-218
-123.514,22.1827,SER-2
-60.2409,155.461,SER-3
-71.0225,131.942,VAL-4
-64.776,171.824,PRO-5
-120.918,138.41,SER-6
-93.3036,-9.64284,GLN-7
-62.6658,125.958,LYS-8
-77.6644,134.11,THR-9
-155.238,148.066,TYR-10
-95.4865,-17.0138,GLN-11
80.895,-162.343,GLY-12
-77.0988,-13.4327,SER-13
-104.402,-14.389,TYR-14
76.1538,33.2699,GLY-15
-64.7602,121.288,PHE-16
-157.35,155.046,ARG-17
-120.625,176.428,LEU-18
-158.339,146.346,GLY-19
-127.967,123.922,PHE-20
-65.8978,143.414,LEU-21
-147.726,107.837,HIS-22
-101.046,-1.15165,SER-23
133.597,-157.115,GLY-24
-138.631,-3.45357,THR-25
-63.511,168.952,ALA-26
-62.6794,-28.455,LYS-27
-61.051,-25.8563,SER-28
-63.9279,138.69,VAL-29
-93.0593,-22.5448,THR-30
-172.911,152.47,CYS-31
-162.999,152.565,THR-32
-143.673,134.56,TYR-33
-96.4238,105.52,SER-34
-62.2818,-21.1876,PRO-35
-85.4193,-0.952873,ALA-36
-125.79,-5.51365,LEU-37
53.6992,41.1346,ASN-38
-124.455,141.32,LYS-39
-115.928,126.886,MET-40
-106.785,102.296,PHE-41
-110.757,151.649,CYS-42
-81.6496,137.239,GLN-43
-54.9025,139.46,LEU-44
75.3956,0.335016,ALA-45
-92.0398,145.026,LYS-46
-57.8167,114.381,THR-47
-101.8,114.068,CYS-48
-80.432,140.315,PRO-49
-137.549,144.124,VAL-50
-103.002,157.715,GLN-51
-150.031,112.024,LEU-52
-104.125,131.739,TRP-53
-121.087,92.9573,VAL-54
-58.169,-34.3956,ASP-55
-93.2922,-7.54509,SER-56
68.3998,143.232,THR-57
-79.8041,169.992,PRO-58
-50.9261,169.539,PRO-59
-69.0102,159.382,PRO-60
64.2479,3.72884,GLY-61
-65.1695,152.332,THR-62
-132.311,146.989,ARG-63
-90.6301,126.861,VAL-64
-109.703,161.491,ARG-65
-138.492,142.897,ALA-66
-147.887,177.199,MET-67
-169.281,128.911,ALA-68
-110.682,147.357,ILE-69
-99.5377,152.847,TYR-70
-148.596,148.081,LYS-71
-136.661,172.509,GLN-72
-60.7122,-4.44607,SER-73
-132.994,-2.88647,GLN-74
-150.869,157.468,HIS-75
-123.145,-1.81875,MET-76
-90.5189,50.6893,THR-77
-143.628,162.12,GLU-78
-104.175,151.766,VAL-79
-65.8351,119.915,VAL-80
-133.228,165.589,ARG-81
-65.4359,173.096,ARG-82
-57.4253,150.718,CYS-83
-60.0585,-19.6859,PRO-84
-83.8825,-8.72525,HIS-85
-124.361,-9.73364,HIS-86
-70.8644,10.5957,GLU-87
-145.696,-29.7081,ARG-88
-80.4886,174.201,CYS-89
-73.5949,-2.32728,SER-90
-79.8885,-29.5047,ASP-91
-104.664,-19.1538,SER-92
-89.0272,149.662,ASP-93
165.047,-138.425,GLY-94
-71.6549,-32.8287,LEU-95
-81.5319,141.733,ALA-96
-60.6089,148.881,PRO-97
-72.7852,-27.9795,PRO-98
-59.7955,-38.3066,GLN-99
-70.6443,139.032,HIS-100
-85.5902,-43.1124,LEU-101
-68.9038,102.834,ILE-102
-109.333,154.143,ARG-103
-136.455,158.772,VAL-104
-151.027,-177.531,GLU-105
102.707,-64.3029,GLY-106
-69.3618,126.365,ASN-107
-62.1904,-29.7118,LEU-108
-108.825,93.4273,ARG-109
-122.398,134.396,VAL-110
-156.307,157.241,GLU-111
-99.1752,132.3,TYR-112
-138.6,142.981,LEU-113
-52.0031,145.642,ASP-114
-102.808,123.3,ASP-115
-58.6985,-37.3571,ARG-116
-84.9629,-34.6727,ASN-117
-114.904,-10.7957,THR-118
57.932,12.0122,PHE-119
-72.1124,80.0144,ARG-120
-42.0775,107.315,HIS-121
-146.798,158.382,SER-122
-60.6084,125.242,VAL-123
-122.365,147.748,VAL-124
-134.874,149.295,VAL-125
-69.7829,149.069,PRO-126
-76.0573,125.861,TYR-127
-109.582,119.664,GLU-128
-66.3281,154.307,PRO-129
-59.4903,151.566,PRO-130
-54.1085,156.085,GLU-131
-57.2969,109.753,VAL-132
90.4897,5.21486,GLY-133
-99.6108,163.272,SER-134
-106.798,-30.5477,ASP-135
-150.404,158.467,CYS-136
-95.9603,137.3,THR-137
-99.0035,149.031,THR-138
-137.532,118.882,ILE-139
-88.6985,97.4143,HIS-140
-86.9509,173.152,TYR-141
-162.05,151.978,ASN-142
-140.098,171.741,TYR-143
-161.746,85.7016,MET-144
-134.351,144.052,CYS-145
-90.4583,125.914,ASN-146
-71.8355,-0.903157,SER-147
-114.926,-2.77502,SER-148
-64.8849,164.992,CYS-149
-73.9382,-35.2597,MET-150
68.5442,-153.768,GLY-151
-86.7959,173.22,GLY-152
-62.0916,-21.0809,ILE-153
-150.95,104.001,ASN-154
-65.7144,132.149,ARG-155
-152.2,163.235,ARG-156
-81.7623,156.648,PRO-157
-137.46,139.335,ILE-158
-128.93,115.072,LEU-159
-84.6354,140.244,THR-160
-112.148,129.258,ILE-161
-119.079,119.35,ILE-162
-123.277,138.868,THR-163
-79.9534,144.065,LEU-164
-147.534,155.936,GLU-165
-68.7307,156.475,ASP-166
-52.0831,-22.1766,SER-167
-89.1461,-2.96322,SER-168
91.5486,16.9028,GLY-169
-79.7851,120.01,ASN-170
-68.6508,116.177,LEU-171
-101.857,-22.3086,LEU-172
-178.192,178.014,GLY-173
-173.194,145.316,ARG-174
-155.885,129.813,ASN-175
-129.774,160.025,SER-176
-158.311,154.624,PHE-177
-86.5767,135.655,GLU-178
-110.123,142.518,VAL-179
-137.215,122.373,ARG-180
-95.3529,139.088,VAL-181
-139.087,166.384,CYS-182
-99.5877,-61.5524,ALA-183
-96.1138,82.4121,CYS-184
-57.1292,-29.8077,PRO-185
-89.5002,-17.2348,GLY-186
-74.7519,-47.0055,ARG-187
-65.48,-26.848,ASP-188
-63.3197,-61.2305,ARG-189
-58.0106,-33.5619,ARG-190
-78.1547,-8.47125,THR-191
-98.8341,-55.3883,GLU-192
-72.2483,-22.5311,GLU-193
-67.6061,-17.9007,GLU-194
-75.3944,-20.5473,ASN-195
-59.6162,145.768,LEU-196
-71.9494,-36.754,ARG-197
-58.6305,161.786,LYS-198
-71.2918,129.001,LYS-199
-102.913,151.924,GLY-200
-65.051,153.103,GLU-201
-81.7426,162.526,PRO-202
-157.986,141.765,HIS-203
-53.8507,136.9,HIS-204
-93.8281,-35.0814,GLU-205
-61.6369,-58.3767,LEU-206
-64.3573,139.614,PRO-207
-69.8954,170.589,PRO-208
-71.7124,-172.983,GLY-209
-105.796,-129.032,SER-210
-128.084,166.355,THR-211
-94.2404,159.566,LYS-212
57.1932,166.298,ARG-213
-77.0042,160.099,ALA-214
-57.4023,-44.3698,LEU-215
-78.5547,156.694,PRO-216
-88.2599,6.93326,ASN-217
-51.7635,130.301,ASN-218
-146.077,17.0908,SER-2
-69.0854,161.339,SER-3
-65.4437,133.646,VAL-4
-64.9901,144.377,PRO-5
-76.1716,137.607,SER-6
-104.845,-3.20659,GLN-7
-52.6219,129.213,LYS-8
-84.0251,150.015,THR-9
-166.459,161.372,TYR-10
-85.0566,-41.4982,GLN-11
82.1966,-151.18,GLY-12
-74.4671,-0.764045,SER-13
-128.871,-23.6723,TYR-14
101.554,38.4921,GLY-15
-74.1508,134.462,PHE-16
-153.949,164.77,ARG-17
-126.978,155.304,LEU-18
-137.302,82.2711,GLY-19
-62.5591,145.131,PHE-20
-64.111,151.687,LEU-21
-153.595,150.14,HIS-22
-142.309,-10.3234,SER-23
146.433,-136.456,GLY-24
-162.578,13.8289,THR-25
-79.8938,171.7,ALA-26
-72.2781,-20.1128,LYS-27
-57.7321,-20.1368,SER-28
-81.1309,121.244,VAL-29
-68.9579,-35.2788,THR-30
179.72,167.986,CYS-31
-175.179,137.089,THR-32
-112.06,125.545,TYR-33
-91.3834,112.116,SER-34
-64.4542,-42.2283,PRO-35
-85.4711,-0.106348,ALA-36
-106.856,-11.1355,LEU-37
44.2261,44.3335,ASN-38
-129.938,119.065,LYS-39
-78.8762,143.569,MET-40
-120.142,117.59,PHE-41
-113.81,170.79,CYS-42
-110.564,146.975,GLN-43
-78.4177,129.058,LEU-44
78.2274,-20.8717,ALA-45
-65.5234,136.333,LYS-46
-55.9033,127.381,THR-47
-119.976,102.731,CYS-48
-84.2687,131.162,PRO-49
-128.777,117.544,VAL-50
-60.4192,151.52,GLN-51
-141.68,123.822,LEU-52
-120.809,142.189,TRP-53
-136.321,85.767,VAL-54
-58.4651,-36.1854,ASP-55
-93.8778,-6.86574,SER-56
92.5778,147.13,THR-57
-90.8822,-179.151,PRO-58
-67.3394,156.635,PRO-59
-66.7923,163.936,PRO-60
90.0022,5.78332,GLY-61
-89.8679,159.802,THR-62
-134.125,157.823,ARG-63
-100.424,135.879,VAL-64
-118.878,154.272,ARG-65
-134.52,132.417,ALA-66
-145.437,164.26,MET-67
-170.462,111.614,ALA-68
-106.299,131.522,ILE-69
-100.007,123.525,TYR-70
-103.372,148.429,LYS-71
-137.592,173.021,GLN-72
-58.6775,-17.0541,SER-73
-112.062,-10.6488,GLN-74
-137.728,149.544,HIS-75
-119.404,1.64257,MET-76
-90.4799,40.6665,THR-77
-129.393,157.694,GLU-78
-103.996,145.032,VAL-79
-69.1705,124.892,VAL-80
-148.441,158.531,ARG-81
-66.878,165.535,ARG-82
-53.4817,144.613,CYS-83
-32.3068,-39.8391,PRO-84
-88.7511,-4.40542,HIS-85
-122.402,-20.6849,HIS-86
-78.4359,-4.1416,GLU-87
-135.682,0.223063,ARG-88
-91.7641,145.458,CYS-89
-72.3089,4.45057,SER-90
-66.0716,-34.9199,ASP-91
-96.5536,-35.155,SER-92
-79.466,147.872,ASP-93
171.083,-131.123,GLY-94
-63.1468,-44.7095,LEU-95
-80.1175,142.783,ALA-96
-57.0841,133.816,PRO-97
-55.8794,-31.2491,PRO-98
-62.4063,-34.0846,GLN-99
-84.5674,131.362,HIS-100
-91.532,-23.5165,LEU-101
-74.5712,119.32,ILE-102
-122.806,163.835,ARG-103
-159.224,137.279,VAL-104
-139.514,175.478,GLU-105
85.5365,-33.846,GLY-106
-74.6901,133.528,ASN-107
-62.9855,-39.6015,LEU-108
-105.132,121.525,ARG-109
-150.883,131.103,VAL-110
-148.542,151.222,GLU-111
-83.5893,138.133,TYR-112
-147.082,151.808,LEU-113
-62.9196,161.04,ASP-114
-122.398,110.46,ASP-115
-61.6372,-22.2775,ARG-116
-87.2902,-35.3666,ASN-117
-111.121,-21.7162,THR-118
63.2597,41.1535,PHE-119
-112.77,96.2298,ARG-120
-45.0969,116.882,HIS-121
-155.287,154.279,SER-122
-61.6938,143.637,VAL-123
-140.058,148.211,VAL-124
-148.504,153.009,VAL-125
-64.9411,148.2,PRO-126
-76.547,126.517,TYR-127
-112.372,123.717,GLU-128
-62.5319,162.773,PRO-129
-75.6495,146.411,PRO-130
-59.9438,160.898,GLU-131
-46.6413,120.955,VAL-132
79.7861,-2.37849,GLY-133
-81.0204,162.991,SER-134
-105.983,-14.3785,ASP-135
-169.821,161.047,CYS-136
-96.5727,152.237,THR-137
-120.759,126.162,THR-138
-105.286,140.616,ILE-139
-112.733,92.5502,HIS-140
-82.2558,169.57,TYR-141
-149.902,158.246,ASN-142
-145.836,162.216,TYR-143
-159.177,92.1042,MET-144
-148.826,147.764,CYS-145
-100.062,134.932,ASN-146
-87.0091,0.166234,SER-147
-71.8684,-15.4067,SER-148
-77.882,151.851,CYS-149
-58.4979,-42.0301,MET-150
70.9095,-143.77,GLY-151
-65.956,144.808,GLY-152
-57.6822,-23.5123,ILE-153
-137.88,106.793,ASN-154
-56.7924,139.821,ARG-155
-156.586,152.11,ARG-156
-62.2876,160.352,PRO-157
-119.824,141.596,ILE-158
-135.844,137.809,LEU-159
-122.715,155.543,THR-160
-125.133,113.497,ILE-161
-101.519,131.531,ILE-162
-138.766,154.924,THR-163
-97.0063,136.727,LEU-164
-149.658,159.647,GLU-165
-83.3604,168.099,ASP-166
-60.2066,-32.2049,SER-167
-75.443,-8.90689,SER-168
82.791,26.1956,GLY-169
-86.667,128.278,ASN-170
-68.2825,121.228,LEU-171
-116.636,-21.7085,LEU-172
-179.437,143.529,GLY-173
-146.635,148.614,ARG-174
-158.844,139.331,ASN-175
-148.571,146.947,SER-176
-153.445,150.453,PHE-177
-73.3699,135.149,GLU-178
-113.781,133.57,VAL-179
-129.472,126.276,ARG-180
-79.5335,116.533,VAL-181
-118.77,175.614,CYS-182
-97.4059,-41.8577,ALA-183
-125.653,91.1281,CYS-184
-65.7478,-16.1619,PRO-185
-92.6508,-29.4043,GLY-186
-77.298,-41.5169,ARG-187
-73.3688,-32.042,ASP-188
-56.7986,-43.3292,ARG-189
-60.0447,-49.3568,ARG-190
-56.7023,-26.2182,THR-191
-103.21,-32.8669,GLU-192
-80.3873,-40.0809,GLU-193
-53.0817,-21.574,GLU-194
-68.5901,-14.7238,ASN-195
-87.8344,150.83,LEU-196
-63.8077,-27.1181,ARG-197
-87.2218,140.245,LYS-198
-56.3542,145.145,LYS-199
-139.099,-169.726,GLY-200
-78.7216,142.173,GLU-201
-77.9218,161.674,PRO-202
-163.304,154.421,HIS-203
-40.3257,125.784,HIS-204
-98.8927,-2.35476,GLU-205
-71.8546,-52.9874,LEU-206
-89.7754,174.061,PRO-207
-84.3705,173.667,PRO-208
-79.7861,-156.907,GLY-209
-108.704,-137.859,SER-210
-123.472,156.103,THR-211
-96.1624,149.787,LYS-212
74.8805,163.99,ARG-213
-69.5988,165.504,ALA-214
-87.9075,-34.6353,LEU-215
-70.1373,157.087,PRO-216
-79.8743,10.3465,ASN-217
-49.6201,128.708,ASN-218
-108.146,33.6984,SER-2
-55.1446,154.655,SER-3
-79.9014,126.948,VAL-4
-51.6807,123.011,PRO-5
-62.3337,129.568,SER-6
-85.7943,-4.69156,GLN-7
-62.2674,117.664,LYS-8
-66.9407,152.658,THR-9
-177.815,136.405,TYR-10
-70.5511,-36.4949,GLN-11
92.9293,178.351,GLY-12
-55.4213,-17.0639,SER-13
-108.285,-44.8238,TYR-14
108.405,34.5108,GLY-15
-66.982,111.613,PHE-16
-135.785,168.726,ARG-17
-123.118,163.245,LEU-18
-152.54,160.737,GLY-19
-129.165,143.198,PHE-20
-62.4055,122.494,LEU-21
-123.441,144.28,HIS-22
-170.484,4.43014,SER-23
139.211,-158.183,GLY-24
-138.839,14.3765,THR-25
-73.3094,160.949,ALA-26
-45.4463,-36.0606,LYS-27
-67.5881,-18.5103,SER-28
-66.9958,132.107,VAL-29
-81.5602,-31.4909,THR-30
-163.174,154.556,CYS-31
-156.873,161.469,THR-32
-154.863,136.775,TYR-33
-102.783,115.643,SER-34
-51.744,-45.2753,PRO-35
-74.5433,11.5871,ALA-36
-143.283,-24.0257,LEU-37
55.294,64.5432,ASN-38
-140.197,126.91,LYS-39
-91.3389,137.847,MET-40
-106.904,110.302,PHE-41
-98.5051,158.543,CYS-42
-82.5513,133.404,GLN-43
-59.3378,144.21,LEU-44
68.5481,-11.3322,ALA-45
-90.6084,154.336,LYS-46
-80.3037,134.995,THR-47
-114.205,95.2924,CYS-48
-57.4989,127.407,PRO-49
-120.517,113.749,VAL-50
-73.8839,139.618,GLN-51
-131.99,142.051,LEU-52
-147.198,130.146,TRP-53
-127.458,105.081,VAL-54
-67.3972,-34.033,ASP-55
-100.019,-8.74708,SER-56
86.8525,139.259,THR-57
-82.9382,171.086,PRO-58
-63.6351,161.951,PRO-59
-54.4784,146.736,PRO-60
90.0105,0.172255,GLY-61
-74.1992,144.94,THR-62
-122.773,152.057,ARG-63
-112.423,112.758,VAL-64
-83.3175,144.913,ARG-65
-135.424,138.757,ALA-66
-151.871,174.244,MET-67
-166.134,121.676,ALA-68
-107.95,134.747,ILE-69
-87.387,150.032,TYR-70
-146.481,151.052,LYS-71
-144.806,169.86,GLN-72
-63.3866,-30.6095,SER-73
-90.7363,-29.8253,GLN-74
-141.343,167.996,HIS-75
-147.447,-5.18189,MET-76
-74.0905,-21.0593,THR-77
-67.8885,165.758,GLU-78
-115.766,152.125,VAL-79
-66.5112,129.298,VAL-80
-147.115,160.667,ARG-81
-71.9003,177.082,ARG-82
-71.1735,165.111,CYS-83
-56.3534,-43.7662,PRO-84
-75.5752,-4.79537,HIS-85
-127.465,-1.80878,HIS-86
-77.627,-12.7915,GLU-87
-122.675,-41.1553,ARG-88
-64.1592,155.988,CYS-89
-48.999,-35.6289,SER-90
-54.7813,-29.0741,ASP-91
-97.7992,-11.4124,SER-92
-82.8916,162.019,ASP-93
133.878,-140.34,GLY-94
-61.4406,-42.9754,LEU-95
-85.5613,150.181,ALA-96
-41.2416,141.157,PRO-97
-68.2755,-25.614,PRO-98
-72.0866,-26.7224,GLN-99
-78.7978,134.367,HIS-100
-81.5326,-46.2344,LEU-101
-60.6869,104.159,ILE-102
-123.537,162.345,ARG-103
-165.554,143.718,VAL-104
-133.245,-170.09,GLU-105
88.0158,-70.9987,GLY-106
-51.7984,125.566,ASN-107
-57.3061,-31.8511,LEU-108
-115.879,134.396,ARG-109
-174.193,134.179,VAL-110
-171.098,149.429,GLU-111
-100.444,112.313,TYR-112
-108.63,131.404,LEU-113
-62.5619,134.827,ASP-114
-98.2628,123.701,ASP-115
-67.3963,-14.655,ARG-116
-91.9639,-26.8956,ASN-117
-132.145,-8.134,THR-118
56.2726,18.9155,PHE-119
-94.5198,107.195,ARG-120
-65.111,123.208,HIS-121
-161.823,152.851,SER-122
-68.3878,134.096,VAL-123
-109.594,128.698,VAL-124
-100.75,147.944,VAL-125
-64.7471,140.388,PRO-126
-67.3656,146.896,TYR-127
-132.854,138.363,GLU-128
-79.9219,166.526,PRO-129
-59.8166,157.866,PRO-130
-63.6396,148.85,GLU-131
-42.3974,134.793,VAL-132
73.4681,-13.4759,GLY-133
-90.8573,162.144,SER-134
-92.8522,-43.4513,ASP-135
-129.287,172.378,CYS-136
-103.269,161.363,THR-137
-140.678,119.802,THR-138
-96.347,137.159,ILE-139
-108.823,81.5747,HIS-140
-65.5969,170.561,TYR-141
-163.944,157.661,ASN-142
-148.308,159.136,TYR-143
-158.422,112.82,MET-144
-167.282,147.468,CYS-145
-83.4464,142.409,ASN-146
-90.2931,-22.6861,SER-147
-86.0657,24.9627,SER-148
-95.2485,174.228,CYS-149
-75.1852,-44.9862,MET-150
65.5254,-170.789,GLY-151
-70.0888,179.985,GLY-152
-55.1667,-21.9796,ILE-153
-151.426,95.126,ASN-154
-46.8379,126.546,ARG-155
-151.395,146.812,ARG-156
-55.6264,154.097,PRO-157
-118.762,144.812,ILE-158
-117.531,170.181,LEU-159
-133.746,158.58,THR-160
-132.291,123.517,ILE-161
-113.539,125.976,ILE-162
-131.718,135.192,THR-163
-86.0794,123.171,LEU-164
-129.254,153.293,GLU-165
-70.5146,170.764,ASP-166
-75.7984,-17.5703,SER-167
-88.1003,7.55433,SER-168
71.3473,10.1887,GLY-169
-73.2583,135.954,ASN-170
-80.3754,112.411,LEU-171
-101.647,-18.165,LEU-172
-170.243,164.58,GLY-173
-149.539,146.176,ARG-174
-152.918,131.781,ASN-175
-147.509,139.868,SER-176
-157.379,164.287,PHE-177
-91.9412,159.523,GLU-178
-142.445,142.725,VAL-179
-141.511,127.922,ARG-180
-95.1675,139.824,VAL-181
-135.894,169.945,CYS-182
-109.055,-31.2575,ALA-183
-127.363,69.3231,CYS-184
-57.1012,-31.7624,PRO-185
-58.7957,-37.5156,GLY-186
-79.321,-33.2403,ARG-187
-80.7667,-19.4225,ASP-188
-72.5241,-51.2846,ARG-189
-58.991,-43.9275,ARG-190
-63.3985,-59.5701,THR-191
-60.4635,-38.7811,GLU-192
-72.2947,-46.9001,GLU-193
-57.9568,-22.6535,GLU-194
-64.1058,-34.9601,ASN-195
-51.2341,159.628,LEU-196
-81.4732,-45.0045,ARG-197
-51.9911,138.74,LYS-198
-65.5326,148.393,LYS-199
-138.349,-155.549,GLY-200
-102.021,158.323,GLU-201
-79.3339,140.103,PRO-202
-138.246,-178.996,HIS-203
-70.9967,127.245,HIS-204
-83.2005,-17.6047,GLU-205
-64.7924,-55.2081,LEU-206
-73.5123,143.364,PRO-207
-65.6348,175.896,PRO-208
-90.1773,169.761,GLY-209
-100.826,-96.4545,SER-210
-156.975,158.507,THR-211
-82.9981,136.339,LYS-212
62.295,149.754,ARG-213
-54.8043,161.664,ALA-214
-77.7623,-41.5791,LEU-215
-54.8045,145.08,PRO-216
-72.928,27.8188,ASN-217
-51.914,110.709,ASN-218
-120.224,37.2906,SER-2
-56.3017,134.893,SER-3
-57.5479,124.694,VAL-4
-58.2578,116.652,PRO-5
-57.5787,139.625,SER-6
-91.8812,0.923405,GLN-7
-72.1418,112.051,LYS-8
-70.4779,120.297,THR-9
-159.509,146.648,TYR-10
-85.2626,-31.5421,GLN-11
64.714,-166.087,GLY-12
-72.9164,-15.5466,SER-13
-95.5799,-27.0697,TYR-14
92.0881,27.9672,GLY-15
-75.8456,124.642,PHE-16
-152.563,160.935,ARG-17
-133.024,160.87,LEU-18
-143.607,167.282,GLY-19
-135.87,148.84,PHE-20
-70.5571,139.882,LEU-21
-110.811,135.909,HIS-22
-146.45,-8.5228,SER-23
169.327,-162.52,GLY-24
-124.357,-5.52445,THR-25
-66.6359,166.193,ALA-26
-64.6021,-11.9061,LYS-27
-73.622,-17.6663,SER-28
-65.6658,132.387,VAL-29
-84.8746,-33.3495,THR-30
-162.617,141.977,CYS-31
-140.541,148.251,THR-32
-139.504,124.944,TYR-33
-98.3297,106.469,SER-34
-48.8931,-42.4778,PRO-35
-58.4326,-13.6623,ALA-36
-116.742,-15.6579,LEU-37
53.4866,36.4628,ASN-38
-125.073,127.753,LYS-39
-87.9185,135.232,MET-40
-122.87,110.75,PHE-41
-128.003,136.255,CYS-42
-67.7595,131.544,GLN-43
-45.5111,113.16,LEU-44
76.1223,-6.50395,ALA-45
-67.9552,130.215,LYS-46
-60.4232,133.954,THR-47
-113.318,99.6645,CYS-48
-76.3739,106.333,PRO-49
-88.4959,120.267,VAL-50
-100.556,148.969,GLN-51
-117.889,125.859,LEU-52
-120.818,141.844,TRP-53
-137.113,93.1676,VAL-54
-68.8379,-41.7368,ASP-55
-75.2159,-12.7281,SER-56
67.7617,145.048,THR-57
-96.9137,177.026,PRO-58
-77.5491,159.922,PRO-59
-70.3703,156.417,PRO-60
80.7337,4.43201,GLY-61
-63.7705,156.991,THR-62
-131.992,138.153,ARG-63
-103.619,139.004,VAL-64
-131.299,143.911,ARG-65
-134.439,133.164,ALA-66
-145.079,165.653,MET-67
-152.281,112.621,ALA-68
-85.8331,159.182,ILE-69
-134.393,115.541,TYR-70
-92.6319,141.821,LYS-71
-119.499,173.835,GLN-72
-66.9425,-11.4395,SER-73
-103.391,-16.6057,GLN-74
-165.756,161.418,HIS-75
-122.597,21.5877,MET-76
-94.3769,-23.6175,THR-77
-75.5907,169.887,GLU-78
-125.69,160.638,VAL-79
-71.5303,136.189,VAL-80
-158.581,164.648,ARG-81
-61.0108,172.977,ARG-82
-53.1141,151.696,CYS-83
-69.0955,-29.4441,PRO-84
-74.0842,-11.6724,HIS-85
-119.607,-8.69211,HIS-86
-80.1031,15.9124,GLU-87
-159.077,-16.4581,ARG-88
-75.683,169.25,CYS-89
-81.6712,2.01003,SER-90
-73.0921,-39.0397,ASP-91
-92.897,-40.1789,SER-92
-65.0182,148.096,ASP-93
169.614,-124.906,GLY-94
-73.576,-35.6198,LEU-95
-79.7768,150.905,ALA-96
-60.0428,138.034,PRO-97
-73.1101,-7.10808,PRO-98
-75.1546,-36.0849,GLN-99
-69.9648,128.975,HIS-100
-74.6754,-31.4543,LEU-101
-68.1806,125.538,ILE-102
-134.486,158.115,ARG-103
-138.392,165.182,VAL-104
-160.877,-168.177,GLU-105
80.2284,40.7875,GLY-106
-167.298,118.248,ASN-107
-51.2969,-30.9362,LEU-108
-113.775,119.253,ARG-109
-162.387,148.809,VAL-110
-168.572,177.102,GLU-111
-113.03,143.199,TYR-112
-137.687,148.584,LEU-113
-68.1978,162.415,ASP-114
-121.115,113.834,ASP-115
-72.8227,-26.8798,ARG-116
-81.4729,-20.5367,ASN-117
-125.835,-24.1837,THR-118
79.8893,-2.37985,PHE-119
-77.4722,74.9176,ARG-120
-51.4986,132.793,HIS-121
-166.255,160.863,SER-122
-72.4178,132.572,VAL-123
-123.636,134.893,VAL-124
-117.995,143.017,VAL-125
-62.9889,143.637,PRO-126
-58.1324,141.295,TYR-127
-138.01,134.797,GLU-128
-70.5891,159.198,PRO-129
-60.9533,154.757,PRO-130
-70.2135,164.953,GLU-131
-55.1336,141.395,VAL-132
81.0573,-11.1,GLY-133
-95.5803,150.268,SER-134
-91.3032,-26.6295,ASP-135
-172.127,176.466,CYS-136
-109.527,146.769,THR-137
-106.462,144.05,THR-138
-124.616,120.544,ILE-139
-106.299,68.2129,HIS-140
-64.7678,160.442,TYR-141
-153.725,146.359,ASN-142
-136.57,153.662,TYR-143
-155.466,114.329,MET-144
-169.987,140.646,CYS-145
-76.4669,122.468,ASN-146
-69.8361,-13.6899,SER-147
-103.436,13.3513,SER-148
-76.6815,165.723,CYS-149
-70.0729,-35.962,MET-150
81.3775,-175.011,GLY-151
-68.4165,175.5,GLY-152
-60.07,-26.353,ILE-153
-133.566,121.537,ASN-154
-64.4483,133.126,ARG-155
-159.338,147.171,ARG-156
-51.0731,143.331,PRO-157
-121.827,141.168,ILE-158
-114.793,154.188,LEU-159
-131.122,149.076,THR-160
-124.834,136.705,ILE-161
-129.105,121.63,ILE-162
-124.721,166.688,THR-163
-115.388,134.301,LEU-164
-136.229,148.336,GLU-165
-61.7614,166.375,ASP-166
-66.6152,-19.7056,SER-167
-66.5324,-30.577,SER-168
101.112,1.74823,GLY-169
-56.53,128.926,ASN-170
-84.0729,131.691,LEU-171
-117.568,-31.0771,LEU-172
-158.258,169.652,GLY-173
-142.861,156.844,ARG-174
-158.749,-171.708,ASN-175
176.571,153.606,SER-176
-160.219,157.644,PHE-177
-77.4393,144.241,GLU-178
-123.024,147.513,VAL-179
-137.172,119.395,ARG-180
-85.2286,133.408,VAL-181
-131.629,167.405,CYS-182
-91.0219,-48.2686,ALA-183
-113.859,85.0383,CYS-184
-59.1469,-37.7352,PRO-185
-73.219,-31.3105,GLY-186
-71.521,-42.5416,ARG-187
-65.387,-29.4055,ASP-188
-61.0645,-53.1026,ARG-189
-64.3617,-44.972,ARG-190
-55.5907,-41.7623,THR-191
-78.9303,-42.7396,GLU-192
-64.0671,-31.8571,GLU-193
-66.7506,0.374463,GLU-194
-91.941,-7.08561,ASN-195
-88.2642,141.773,LEU-196
-72.2296,-22.3654,ARG-197
-81.906,140.091,LYS-198
-69.0184,135.842,LYS-199
-107.755,-163.757,GLY-200
-74.0926,149.227,GLU-201
-80.4418,145.053,PRO-202
-98.8761,-164.544,HIS-203
-64.0264,125.378,HIS-204
-57.9739,-44.4254,GLU-205
-57.9627,-54.5299,LEU-206
-76.7249,146.728,PRO-207
-57.8869,164.541,PRO-208
-65.5565,-179.391,GLY-209
-103.018,-118.323,SER-210
-136.068,138.347,THR-211
-74.6644,136.245,LYS-212
106.447,143.029,ARG-213
-67.2566,166.339,ALA-214
-91.2667,-16.3751,LEU-215
-65.2207,148.116,PRO-216
-85.7835,16.7955,ASN-217
-63.7417,126.07,ASN-218
-98.9297,21.5153,SER-2
-73.3241,141.036,SER-3
-60.9256,126.595,VAL-4
-66.4949,146.837,PRO-5
-93.0741,142.995,SER-6
-98.136,-23.8654,GLN-7
-57.0598,122.15,LYS-8
-56.1353,138.114,THR-9
-164.802,155.04,TYR-10
-104.264,5.29284,GLN-11
61.8856,-161.206,GLY-12
-65.0106,11.7206,SER-13
-143.961,-41.4167,TYR-14
108.142,35.6263,GLY-15
-64.8462,114.59,PHE-16
-153.417,151.385,ARG-17
-95.4642,166.05,LEU-18
-136.255,132.19,GLY-19
-106.804,150.093,PHE-20
-80.7753,145.668,LEU-21
-152.15,152.871,HIS-22
-148.734,-22.7523,SER-23
174.943,178.191,GLY-24
-122.599,10.9157,THR-25
-69.718,152.483,ALA-26
-57.2614,-18.0251,LYS-27
-75.1133,-11.8396,SER-28
-69.0824,131.07,VAL-29
-77.9944,-42.188,THR-30
-158.921,155.025,CYS-31
-142.323,141.066,THR-32
-120.865,126.772,TYR-33
-88.0478,110.441,SER-34
-50.6513,-50.6883,PRO-35
-38.3808,-66.0075,ALA-36
-71.2339,-27.1259,LEU-37
69.3828,42.7442,ASN-38
-137.02,119.333,LYS-39
-90.6737,139.267,MET-40
-108.56,117.212,PHE-41
-117.002,131.387,CYS-42
-73.7559,127.753,GLN-43
-69.6077,132.337,LEU-44
70.1541,-10.9794,ALA-45
-74.8308,142.947,LYS-46
-66.6449,131.74,THR-47
-121.131,96.5541,CYS-48
-77.3691,144.436,PRO-49
-121.289,125.703,VAL-50
-85.7258,167.588,GLN-51
-153.527,116.641,LEU-52
-102.678,140.269,TRP-53
-125.156,112.515,VAL-54
-58.4199,-83.8928,ASP-55
-80.987,7.69202,SER-56
89.225,155.538,THR-57
-95.9933,164.879,PRO-58
-61.052,163.447,PRO-59
-66.6147,165.963,PRO-60
80.864,10.1416,GLY-61
-94.2603,128.962,THR-62
-117.921,135.996,ARG-63
-89.9199,131.101,VAL-64
-132.996,146.367,ARG-65
-126.677,132.796,ALA-66
-135.525,167.321,MET-67
-156.925,128.767,ALA-68
-112.523,143.167,ILE-69
-85.5422,122.556,TYR-70
-106.04,133.454,LYS-71
-132.454,175.001,GLN-72
-74.6011,32.8088,SER-73
-167.329,-2.44488,GLN-74
-166.656,171.212,HIS-75
-150.481,32.8365,MET-76
-97.9375,-22.7306,THR-77
-70.7621,162.781,GLU-78
-124.386,158.612,VAL-79
-71.9796,132.738,VAL-80
-156.674,149.495,ARG-81
-58.9397,149.853,ARG-82
-49.9859,160.59,CYS-83
-65.336,-14.6005,PRO-84
-86.17,-0.787908,HIS-85
-144.39,8.02071,HIS-86
-84.7889,8.91441,GLU-87
-155.783,-32.9266,ARG-88
-71.0072,154.779,CYS-89
-61.3622,-8.4225,SER-90
-78.9123,-24.5793,ASP-91
-109.42,-25.3422,SER-92
-82.0149,103.974,ASP-93
-138.714,-137.623,GLY-94
-58.6925,-45.2656,LEU-95
-72.2275,138.116,ALA-96
-52.2216,129.969,PRO-97
-56.4422,-29.9718,PRO-98
-69.8078,-32.3934,GLN-99
-68.2593,132.464,HIS-100
-92.4495,-36.093,LEU-101
-68.34,117.282,ILE-102
-121.092,157.874,ARG-103
-174.749,151.851,VAL-104
-167.212,-167.047,GLU-105
102.262,16.7934,GLY-106
-171.261,128.939,ASN-107
-57.076,-32.9127,LEU-108
-107.208,133.145,ARG-109
-171.183,118.577,VAL-110
-139.378,171.422,GLU-111
-110.307,128.183,TYR-112
-138.293,157.041,LEU-113
-57.8957,144.859,ASP-114
-105.272,114.8,ASP-115
-53.0942,-50.022,ARG-116
-74.4065,-32.7597,ASN-117
-115.946,-20.5672,THR-118
80.7418,-11.4363,PHE-119
-82.8605,97.0071,ARG-120
-35.5048,120.101,HIS-121
-160.215,153.41,SER-122
-67.4719,131.064,VAL-123
-111.76,140.055,VAL-124
-122.727,158.255,VAL-125
-60.484,134.14,PRO-126
-50.6034,132.264,TYR-127
-122.872,143.975,GLU-128
-70.4422,165.195,PRO-129
-71.0623,146.099,PRO-130
-82.9238,159.475,GLU-131
-55.5339,127.877,VAL-132
81.0603,7.504,GLY-133
-122.945,156.99,SER-134
-81.7035,-38.063,ASP-135
-167.047,-176.684,CYS-136
-96.8935,157.74,THR-137
-128.259,138.316,THR-138
-118.431,134.705,ILE-139
-110.133,71.9489,HIS-140
-59.9386,160.325,TYR-141
-161.56,161.618,ASN-142
-153.542,150.299,TYR-143
-153.934,118.84,MET-144
-173.811,153.204,CYS-145
-75.0753,121.287,ASN-146
-82.3841,-7.20963,SER-147
-93.6556,-5.36508,SER-148
-77.02,172.558,CYS-149
-76.091,-23.3599,MET-150
77.3211,-156.134,GLY-151
-80.5844,141.39,GLY-152
-64.1126,-16.4983,ILE-153
-130.766,87.8905,ASN-154
-45.1025,124.642,ARG-155
-160.024,166.443,ARG-156
-58.0531,153.128,PRO-157
-121.953,147.121,ILE-158
-139.768,138.718,LEU-159
-117.705,158.875,THR-160
-124.596,115.744,ILE-161
-104.52,124.832,ILE-162
-131.139,145.249,THR-163
-91.014,147.771,LEU-164
-163.559,156.297,GLU-165
-77.2625,174.741,ASP-166
-71.6816,-13.0472,SER-167
-86.0718,-10.7944,SER-168
88.8761,3.87152,GLY-169
-76.0929,115.021,ASN-170
-62.2366,119.144,LEU-171
-103.609,-21.8217,LEU-172
176.137,170.128,GLY-173
-160.943,153.126,ARG-174
-165.677,136.343,ASN-175
-152.644,165.275,SER-176
-166.012,164.899,PHE-177
-101.336,144.934,GLU-178
-130.07,150.302,VAL-179
-140.786,131.668,ARG-180
-107.184,125.634,VAL-181
-131.62,147.303,CYS-182
-66.6889,-48.3479,ALA-183
-134.359,82.6834,CYS-184
-71.5295,-26.006,PRO-185
-72.4095,-29.6826,GLY-186
-82.8271,-39.6524,ARG-187
-63.3478,-39.2306,ASP-188
-52.5382,-65.5927,ARG-189
-45.0907,-49.3074,ARG-190
-51.7424,-51.4645,THR-191
-83.8251,-18.5504,GLU-192
-81.7141,-38.4357,GLU-193
-75.7441,-15.7094,GLU-194
-62.9306,-14.3028,ASN-195
-83.6021,137.22,LEU-196
-59.6263,-45.6223,ARG-197
-56.1414,148.088,LYS-198
-62.6444,139.068,LYS-199
-111.163,-126.389,GLY-200
-117.06,153.451,GLU-201
-85.8813,135.269,PRO-202
-133.375,151.174,HIS-203
-31.1083,129.679,HIS-204
-83.7158,-30.214,GLU-205
-70.9427,-47.6708,LEU-206
-74.382,164.158,PRO-207
-88.6236,154.826,PRO-208
-70.3835,159.489,GLY-209
-73.6375,-118.022,SER-210
-143.767,146.583,THR-211
-62.8924,153.046,LYS-212
68.3894,147.471,ARG-213
-47.1579,147.534,ALA-214
-80.1163,-21.4095,LEU-215
-69.7075,155.972,PRO-216
-68.2755,-10.848,ASN-217
-45.7837,125.861,ASN-218
-128.982,39.672,SER-2
-77.7017,160.297,SER-3
-72.4943,136.405,VAL-4
-57.7561,138.721,PRO-5
-91.2987,133.427,SER-6
-77.3058,-13.0165,GLN-7
-64.6192,102.549,LYS-8
-48.1995,114.829,THR-9
-147.137,152.926,TYR-10
-83.8457,-37.029,GLN-11
84.7601,-165.143,GLY-12
-79.5834,-3.31818,SER-13
-115.864,-22.6835,TYR-14
92.8299,32.6047,GLY-15
-59.651,118.46,PHE-16
-154.825,146.009,ARG-17
-100.133,164.801,LEU-18
-143.054,147.069,GLY-19
-126.094,148.701,PHE-20
-86.9738,135.233,LEU-21
-132.954,151.597,HIS-22
-144.342,-19.7706,SER-23
161.297,-175.109,GLY-24
-133.848,7.02709,THR-25
-66.7217,163.085,ALA-26
-68.8319,-15.2946,LYS-27
-66.4908,-21.2099,SER-28
-67.3463,131.623,VAL-29
-81.1934,-28.515,THR-30
-162.614,152.416,CYS-31
-153.046,133.654,THR-32
-115.414,135.719,TYR-33
-91.7574,101.489,SER-34
-56.8802,-45.6033,PRO-35
-69.7979,-24.8529,ALA-36
-88.4557,-26.9759,LEU-37
58.0216,46.2547,ASN-38
-129.969,138.962,LYS-39
-105.748,121.548,MET-40
-103.141,97.4918,PHE-41
-92.5916,144.397,CYS-42
-75.0921,148.524,GLN-43
-69.6181,144.626,LEU-44
68.5141,6.16295,ALA-45
-108.578,146.719,LYS-46
-53.1328,128.174,THR-47
-120.998,102.52,CYS-48
-85.8467,121.882,PRO-49
-123.863,114.625,VAL-50
-85.2956,163.237,GLN-51
-146.243,120.063,LEU-52
-110.414,136.067,TRP-53
-116.323,92.258,VAL-54
-70.701,-27.8578,ASP-55
-99.3877,-1.57415,SER-56
87.2377,141.802,THR-57
-93.4868,157.797,PRO-58
-58.2246,164.304,PRO-59
-61.0359,156.233,PRO-60
74.2324,7.01671,GLY-61
-66.1195,158.662,THR-62
-118.734,156.543,ARG-63
-108.192,142.641,VAL-64
-140.889,149.304,ARG-65
-137.028,116.42,ALA-66
-131.269,158.735,MET-67
-148.747,129.204,ALA-68
-111.778,162.671,ILE-69
-143.074,139.023,TYR-70
-127.685,148.558,LYS-71
-126.567,172.186,GLN-72
-51.8946,-31.2277,SER-73
-108.48,-0.764595,GLN-74
-135.596,162.957,HIS-75
-135.387,10.9565,MET-76
-91.1818,8.22577,THR-77
-109.031,153.07,GLU-78
-103.437,166.532,VAL-79
-75.5456,106.025,VAL-80
-124.212,152.93,ARG-81
-59.1418,159.143,ARG-82
-72.196,165.064,CYS-83
-65.6739,-24.6834,PRO-84
-72.4918,-8.74894,HIS-85
-139.107,-8.92518,HIS-86
-80.801,10.5844,GLU-87
-164.049,-33.2498,ARG-88
-59.1232,160.187,CYS-89
-63.3775,-3.64252,SER-90
-74.0914,-42.5173,ASP-91
-98.8885,-21.0909,SER-92
-96.6554,141.588,ASP-93
176.732,-120.022,GLY-94
-73.1472,-44.4393,LEU-95
-77.9511,150.267,ALA-96
-77.8088,141.943,PRO-97
-71.5127,-13.9349,PRO-98
-72.2666,-41.629,GLN-99
-74.828,136.124,HIS-100
-85.6397,-37.8291,LEU-101
-76.6576,131.576,ILE-102
-119.804,166.951,ARG-103
-143.877,144.4,VAL-104
-130.14,-176.936,GLU-105
98.8879,6.94426,GLY-106
-141.095,136.435,ASN-107
-54.826,-34.742,LEU-108
-113.133,122.635,ARG-109
-177.663,140.809,VAL-110
-171.676,176.516,GLU-111
-105.278,132.002,TYR-112
-151.111,144.441,LEU-113
-50.4073,144.946,ASP-114
-104.954,103.931,ASP-115
-53.477,-33.3425,ARG-116
-89.7945,-21.947,ASN-117
-124.78,-13.6263,THR-118
68.6591,11.6701,PHE-119
-92.8256,92.2852,ARG-120
-40.0567,111.247,HIS-121
-149.162,151.505,SER-122
-53.4727,127.445,VAL-123
-118.699,132.892,VAL-124
-115.278,157.977,VAL-125
-65.7733,143.965,PRO-126
-64.9597,142.074,TYR-127
-130.218,127.127,GLU-128
-65.0749,142.144,PRO-129
-47.9248,165.446,PRO-130
-98.312,165.663,GLU-131
-43.1871,122.082,VAL-132
72.9424,-14.8884,GLY-133
-93.0521,178.78,SER-134
-115.581,-14.6759,ASP-135
-153.169,-171.376,CYS-136
-101.846,125.628,THR-137
-108.589,134.207,THR-138
-115.164,143.511,ILE-139
-126.716,85.9513,HIS-140
-64.5513,164.177,TYR-141
-166.208,155.123,ASN-142
-146.341,145.581,TYR-143
-145.164,106.89,MET-144
-160.57,138.732,CYS-145
-81.2242,130,ASN-146
-83.9646,-11.869,SER-147
-84.381,-6.78168,SER-148
-71.4579,173.913,CYS-149
-76.04,-39.7388,MET-150
75.2057,-167.89,GLY-151
-83.5494,168.567,GLY-152
-62.8818,-15.6374,ILE-153
-139.843,112.965,ASN-154
-78.3316,118.385,ARG-155
-136.243,170.178,ARG-156
-85.6734,169.966,PRO-157
-139.335,135.98,ILE-158
-111.224,164.506,LEU-159
-129.525,155.834,THR-160
-126.809,123.124,ILE-161
-101.374,143.879,ILE-162
-148.98,145.4,THR-163
-93.0418,134.339,LEU-164
-146.206,162.563,GLU-165
-80.0559,156.519,ASP-166
-50.7846,-33.6656,SER-167
-73.5923,-10.4308,SER-168
101.083,-4.80495,GLY-169
-70.7238,114.866,ASN-170
-74.3385,140.382,LEU-171
-132.91,-30.5265,LEU-172
-159.932,168.744,GLY-173
-157.559,153.112,ARG-174
-158.578,147.431,ASN-175
-124.648,157.335,SER-176
-155.695,171.879,PHE-177
-97.5432,141.613,GLU-178
-127.321,138.793,VAL-179
-126.445,120.497,ARG-180
-77.9015,128.562,VAL-181
-126.949,139.02,CYS-182
-73.185,-37.1033,ALA-183
-129.72,86.053,CYS-184
-63.7554,-38.5582,PRO-185
-70.2315,-43.6748,GLY-186
-60.6724,-42.8625,ARG-187
-61.0369,-40.992,ASP-188
-46.2905,-69.5855,ARG-189
-45.0051,-44.6471,ARG-190
-61.0202,-29.2794,THR-191
-93.8597,-39.0971,GLU-192
-81.39,-14.0874,GLU-193
-75.3303,-23.9608,GLU-194
-51.9343,-32.9237,ASN-195
-54.9635,157.336,LEU-196
-81.7497,-37.8761,ARG-197
-67.9673,150.272,LYS-198
-62.081,154.095,LYS-199
-137.126,145.77,GLY-200
-62.6636,148.849,GLU-201
-83.3728,162.107,PRO-202
-117.12,176.477,HIS-203
-69.9224,118.01,HIS-204
-75.2007,7.14645,GLU-205
-91.6818,-61.3785,LEU-206
-71.452,148.661,PRO-207
-61.8302,168.381,PRO-208
-75.2971,163.486,GLY-209
-82.8511,-109.541,SER-210
-147.831,154.719,THR-211
-82.8745,135.78,LYS-212
59.0173,161.315,ARG-213
-60.7437,144.324,ALA-214
-49.1329,-38.5144,LEU-215
-68.7007,153.675,PRO-216
-87.6944,12.1309,ASN-217
-47.668,136.995,ASN-218
-103.275,33.4703,SER-2
-68.7602,172.838,SER-3
-91.2359,128.014,VAL-4
-51.2192,128.79,PRO-5
-77.5765,158.843,SER-6
-122.322,9.31571,GLN-7
-85.9353,143.095,LYS-8
-89.7478,119.21,THR-9
-153.793,148.88,TYR-10
-87.0643,-15.1604,GLN-11
62.9739,-145.252,GLY-12
-81.1886,3.20466,SER-13
-130.331,-15.8362,TYR-14
94.0503,17.4631,GLY-15
-58.9999,95.2996,PHE-16
-140.826,146.52,ARG-17
-102.751,176.839,LEU-18
-153.452,146.627,GLY-19
-125.137,145.787,PHE-20
-73.3741,140.595,LEU-21
-145.741,148.435,HIS-22
-161.157,-28.8294,SER-23
155.84,-175.514,GLY-24
-121.927,13.8316,THR-25
-69.4745,153.73,ALA-26
-48.8842,-23.2904,LYS-27
-85.161,-2.78133,SER-28
-77.0853,139.071,VAL-29
-103.096,-48.7299,THR-30
-139.895,144.465,CYS-31
-141.738,143.153,THR-32
-115.001,122.146,TYR-33
-90.9353,107.571,SER-34
-61.0911,-33.8759,PRO-35
-59.6518,-22.5038,ALA-36
-122.288,-9.90588,LEU-37
51.5202,56.837,ASN-38
-135.009,123.058,LYS-39
-101.03,120.179,MET-40
-93.5037,122.898,PHE-41
-127.814,131.362,CYS-42
-75.4155,133.245,GLN-43
-55.9972,134.787,LEU-44
71.9617,-18.0136,ALA-45
-55.757,156.553,LYS-46
-74.3558,121.458,THR-47
-113.443,102.331,CYS-48
-64.4587,128.652,PRO-49
-115.181,116.562,VAL-50
-85.0659,145.26,GLN-51
-126.15,128.869,LEU-52
-120.143,127.857,TRP-53
-112.128,95.4588,VAL-54
-56.2519,-31.7334,ASP-55
-109.621,-6.88197,SER-56
88.2498,142.993,THR-57
-78.5537,164.608,PRO-58
-65.9952,165.409,PRO-59
-65.3687,146.913,PRO-60
64.2671,13.5995,GLY-61
-70.6833,174.269,THR-62
-142.315,160.089,ARG-63
-115.568,121.479,VAL-64
-93.7742,149.787,ARG-65
-139.45,120.158,ALA-66
-131.722,171.118,MET-67
-154.915,125.111,ALA-68
-100.197,152.615,ILE-69
-119.157,87.935,TYR-70
-68.9954,145.773,LYS-71
-123.56,172.53,GLN-72
-62.1517,-27.9255,SER-73
-113.265,-16.5345,GLN-74
-146.424,168.272,HIS-75
-121.24,11.7859,MET-76
-93.9582,74.2405,THR-77
-162.379,167.983,GLU-78
-129.546,154.322,VAL-79
-62.2253,130.992,VAL-80
-148.886,162.239,ARG-81
-54.8088,155.622,ARG-82
-64.7903,149.825,CYS-83
-52.0634,-31.4109,PRO-84
-81.9396,-7.60357,HIS-85
-127.685,-16.299,HIS-86
-67.7952,-10.186,GLU-87
-119.206,-20.2021,ARG-88
-69.2294,156.841,CYS-89
-42.4386,-38.1176,SER-90
-76.7115,-19.9579,ASP-91
-88.7942,-30.7998,SER-92
-72.0092,174.624,ASP-93
141.016,-125.461,GLY-94
-84.307,-44.2849,LEU-95
-83.6016,154.312,ALA-96
-54.0459,133.407,PRO-97
-60.2231,-24.6645,PRO-98
-74.4908,-26.1106,GLN-99
-84.1032,139.71,HIS-100
-80.7884,-32.8982,LEU-101
-74.2861,121.189,ILE-102
-132.198,156.679,ARG-103
-146.076,149.296,VAL-104
-143.174,175.695,GLU-105
94.7826,1.68653,GLY-106
-131.189,120.991,ASN-107
-48.6168,-65.2023,LEU-108
-80.4382,119.951,ARG-109
-155.064,133.229,VAL-110
-137.556,174.803,GLU-111
-111.547,142.897,TYR-112
-167.258,138.028,LEU-113
-58.5037,135.27,ASP-114
-88.1561,107.032,ASP-115
-55.8231,-17.5988,ARG-116
-102.281,-19.7164,ASN-117
-138.423,-9.65952,THR-118
70.5772,5.68336,PHE-119
-84.7185,107.252,ARG-120
-74.3113,126.274,HIS-121
-158.63,161.204,SER-122
-74.2709,139.679,VAL-123
-121.322,117.207,VAL-124
-89.2367,164.776,VAL-125
-75.666,153.89,PRO-126
-61.4427,110.78,TYR-127
-103.34,125.179,GLU-128
-75.1013,166.415,PRO-129
-66.2323,126.306,PRO-130
-82.0196,166.779,GLU-131
-54.8224,120.43,VAL-132
92.368,-33.0998,GLY-133
-82.8709,179.499,SER-134
-125.525,-31.7772,ASP-135
-134.684,165.464,CYS-136
-78.1901,154.667,THR-137
-119.856,141.595,THR-138
-127.493,135.456,ILE-139
-114.126,88.1766,HIS-140
-84.6268,171.279,TYR-141
-164.809,161.167,ASN-142
-160.328,128.056,TYR-143
-119.57,112.376,MET-144
-154.191,137.978,CYS-145
-86.7522,123.41,ASN-146
-70.1171,-14.2019,SER-147
-77.1887,13.0139,SER-148
-101.618,172.902,CYS-149
-87.4326,-26.5864,MET-150
72.1748,-160.562,GLY-151
-91.8823,173.332,GLY-152
-51.919,-39.4874,ILE-153
-120.727,92.4602,ASN-154
-60.1384,123.375,ARG-155
-142.033,173.13,ARG-156
-85.7005,170.268,PRO-157
-138.235,137.497,ILE-158
-124.887,152.223,LEU-159
-117.727,155.963,THR-160
-125.633,115.496,ILE-161
-102.344,142.819,ILE-162
-147.198,139.248,THR-163
-75.7171,133.439,LEU-164
-136.775,154.45,GLU-165
-60.085,168.114,ASP-166
-59.4733,-22.3676,SER-167
-80.9303,-18.3403,SER-168
105.366,-9.11828,GLY-169
-47.3604,140.032,ASN-170
-82.7562,125.223,LEU-171
-106.725,-11.0262,LEU-172
175.024,155.616,GLY-173
-146.882,154.552,ARG-174
-158.693,139.054,ASN-175
-126.609,167.222,SER-176
-158.677,164.048,PHE-177
-99.5255,148.585,GLU-178
-131.524,147.919,VAL-179
-139.448,111.45,ARG-180
-75.5363,127.061,VAL-181
-128.262,167.043,CYS-182
-93.6212,-41.521,ALA-183
-137.881,76.2152,CYS-184
-53.6764,-23.3606,PRO-185
-82.4322,-48.6056,GLY-186
-58.1454,-50.0411,ARG-187
-64.3082,-36.7046,ASP-188
-49.3002,-67.9195,ARG-189
-53.5113,-48.9947,ARG-190
-36.7668,-42.4081,THR-191
-101.757,-25.598,GLU-192
-76.0141,-38.7641,GLU-193
-61.2488,-23.3381,GLU-194
-73.8841,-29.2951,ASN-195
-69.4113,161.709,LEU-196
-64.4426,18.3433,ARG-197
-149.546,122.432,LYS-198
-35.5985,116.074,LYS-199
-81.7873,-170.071,GLY-200
-80.7426,152.296,GLU-201
-68.4942,178.549,PRO-202
-165.031,147.717,HIS-203
-39.6022,138.785,HIS-204
-92.0966,-30.9165,GLU-205
-67.6676,-35.4875,LEU-206
-98.3129,147.25,PRO-207
-75.905,165.121,PRO-208
-60.6676,-179.939,GLY-209
-94.7586,-125.507,SER-210
-102.566,152.586,THR-211
-84.0254,145.844,LYS-212
63.0823,163.834,ARG-213
-54.7357,173.53,ALA-214
-97.121,-31.9693,LEU-215
-62.9976,166.144,PRO-216
-92.6822,12.1695,ASN-217
-57.012,138.517,ASN-218
-101.048,41.8469,SER-2
-59.1906,141.184,SER-3
-55.2271,133.059,VAL-4
-65.3214,128.707,PRO-5
-74.525,144.206,SER-6
-103.421,-8.31643,GLN-7
-72.2579,103.335,LYS-8
-40.8431,139.097,THR-9
-163.165,138.963,TYR-10
-83.4597,-9.87632,GLN-11
62.9699,-154.209,GLY-12
-79.9746,5.99014,SER-13
-132.839,-25.0856,TYR-14
101.603,17.2399,GLY-15
-64.3327,112.889,PHE-16
-166.04,153.033,ARG-17
-114.561,154.625,LEU-18
-122.833,131.387,GLY-19
-118.718,139.275,PHE-20
-80.27,143.205,LEU-21
-128.368,109.062,HIS-22
-89.028,-22.3959,SER-23
142.034,-170.469,GLY-24
-117.01,10.3547,THR-25
-61.2137,159.066,ALA-26
-69.1433,-15.5278,LYS-27
-70.1513,-13.0448,SER-28
-58.0975,115.597,VAL-29
-68.9007,-35.5755,THR-30
-171.803,145.241,CYS-31
-141.772,145.148,THR-32
-131.741,131.662,TYR-33
-108.993,110.944,SER-34
-66.1186,-34.5047,PRO-35
-69.311,-5.08007,ALA-36
-109.223,-22.7323,LEU-37
62.3345,44.8124,ASN-38
-146.733,139.267,LYS-39
-99.7595,133.062,MET-40
-101.225,127.689,PHE-41
-132.357,154.233,CYS-42
-97.4989,118.062,GLN-43
-38.8385,134.471,LEU-44
72.2227,-27.5941,ALA-45
-78.9538,152.574,LYS-46
-54.6804,112.875,THR-47
-108.895,93.877,CYS-48
-64.1234,142.44,PRO-49
-141.611,121.853,VAL-50
-66.6098,146.7,GLN-51
-136.091,127.524,LEU-52
-102.405,139.062,TRP-53
-134.346,99.1433,VAL-54
-58.552,-42.8672,ASP-55
-94.8166,-4.10808,SER-56
78.2642,142.899,THR-57
-76.0801,158.854,PRO-58
-49.8183,155.216,PRO-59
-62.3066,162.81,PRO-60
73.6609,0.870075,GLY-61
-82.7719,139.796,THR-62
-114.679,140.626,ARG-63
-105.098,139.577,VAL-64
-136.948,141.901,ARG-65
-127.652,123.331,ALA-66
-126.208,174.96,MET-67
-164.58,125.785,ALA-68
-107.453,155.918,ILE-69
-116.334,132.194,TYR-70
-116.414,146.94,LYS-71
-144.317,175.297,GLN-72
-55.933,-6.4937,SER-73
-138.723,-20.5124,GLN-74
-161.873,166.088,HIS-75
-115.372,18.3163,MET-76
-89.0775,57.6631,THR-77
-147.33,155.474,GLU-78
-116.002,152.104,VAL-79
-59.0355,108.614,VAL-80
-129.166,159.562,ARG-81
-57.1212,145.767,ARG-82
-64.2001,158.985,CYS-83
-32.6952,-46.7652,PRO-84
-77.1548,-0.875898,HIS-85
-137.227,3.55319,HIS-86
-98.0756,-5.99135,GLU-87
-134.318,-29.8573,ARG-88
-48.4926,153.859,CYS-89
-61.5219,-7.48286,SER-90
-79.9656,-16.8417,ASP-91
-115.527,-24.5854,SER-92
-84.4959,140.165,ASP-93
176.89,-124.669,GLY-94
-69.7355,-50.7327,LEU-95
-73.9849,139.368,ALA-96
-41.7193,138.501,PRO-97
-75.0902,-13.8892,PRO-98
-82.5196,-24.6665,GLN-99
-72.4855,125.599,HIS-100
-74.2842,-39.1016,LEU-101
-67.3634,108.044,ILE-102
-106.087,150.1,ARG-103
-153.417,158.838,VAL-104
-161.019,-152.824,GLU-105
86.3422,7.10761,GLY-106
-163.76,135.591,ASN-107
-71.7565,-21.216,LEU-108
-120.273,110.917,ARG-109
-143.227,141.176,VAL-110
-171.153,160.031,GLU-111
-103.123,143.573,TYR-112
-160.925,140.787,LEU-113
-67.3778,147.88,ASP-114
-107.01,128.648,ASP-115
-82.0466,-15.4658,ARG-116
-94.226,-32.2179,ASN-117
-138.448,-16.0408,THR-118
63.4411,33.7947,PHE-119
-104.782,92.9105,ARG-120
-43.1122,117.488,HIS-121
-160.784,158.927,SER-122
-54.1348,140.944,VAL-123
-129.657,146.877,VAL-124
-126.886,135.992,VAL-125
-75.7688,139.374,PRO-126
-52.0533,129.993,TYR-127
-112.679,142.975,GLU-128
-80.8645,163.076,PRO-129
-63.8535,131.006,PRO-130
-78.5913,161.493,GLU-131
-33.6186,134.628,VAL-132
61.9621,2.29522,GLY-133
-104.787,132.593,SER-134
-70.9153,-20.2464,ASP-135
-167.898,163.493,CYS-136
-78.3131,151.243,THR-137
-123.793,156.348,THR-138
-143.65,118.249,ILE-139
-103.48,89.0654,HIS-140
-69.1595,162.269,TYR-141
-160.002,153.647,ASN-142
-133.894,147.654,TYR-143
-141.237,112.165,MET-144
-170.04,143.843,CYS-145
-91.7059,138.742,ASN-146
-86.8845,-6.46627,SER-147
-99.5995,0.614756,SER-148
-71.4279,173.96,CYS-149
-81.6741,-54.1056,MET-150
104.454,-162.747,GLY-151
-74.7198,152.164,GLY-152
-60.6046,-20.6887,ILE-153
-141.168,96.9345,ASN-154
-79.7247,127.961,ARG-155
-143.338,150.872,ARG-156
-45.3349,156.583,PRO-157
-134.698,112.471,ILE-158
-114.157,146.762,LEU-159
-105.207,162.937,THR-160
-128.942,110.151,ILE-161
-100.547,131.296,ILE-162
-142.067,156.149,THR-163
-117.395,124.608,LEU-164
-122.826,155.59,GLU-165
-66.3496,169.083,ASP-166
-70.6111,-25.4567,SER-167
-65.9688,-25.8734,SER-168
108.692,6.25503,GLY-169
-66.3937,123.796,ASN-170
-74.4833,127.143,LEU-171
-104.339,-17.1748,LEU-172
171.713,167.17,GLY-173
-160.27,138.415,ARG-174
-137.744,114.843,ASN-175
-119.449,152.676,SER-176
-176.414,156.102,PHE-177
-75.8837,147.146,GLU-178
-131.824,143.279,VAL-179
-127.996,126.541,ARG-180
-84.7572,121.891,VAL-181
-128.628,162.543,CYS-182
-88.4649,-42.1929,ALA-183
-125.987,106.777,CYS-184
-63.1541,-37.0518,PRO-185
-69.3371,-32.0953,GLY-186
-73.6406,-35.7136,ARG-187
-78.8401,-41.3235,ASP-188
-51.1318,-48.1839,ARG-189
-67.8034,-37.8033,ARG-190
-62.9902,-30.0971,THR-191
-84.614,-47.2649,GLU-192
-85.2225,-20.3221,GLU-193
-67.1138,-14.5556,GLU-194
-85.5187,-11.4051,ASN-195
-89.1738,147.87,LEU-196
-63.5555,-55.2082,ARG-197
-61.0972,110.33,LYS-198
-45.9723,147.803,LYS-199
-131.735,-171.834,GLY-200
-97.1201,149.436,GLU-201
-73.8381,141.53,PRO-202
-121.26,178.56,HIS-203
-83.2445,128.726,HIS-204
-86.4788,-23.4602,GLU-205
-73.236,-42.7037,LEU-206
-74.4199,163.586,PRO-207
-77.7728,178.641,PRO-208
-82.5628,156.743,GLY-209
-91.2596,-124.715,SER-210
-134.215,-174.165,THR-211
-104.216,162.702,LYS-212
77.8753,146.921,ARG-213
-63.4383,174.454,ALA-214
-85.822,-38.3968,LEU-215
-62.8884,161.498,PRO-216
-72.8318,8.2989,ASN-217
-51.3463,117.3,ASN-218
-86.4526,37.1287,SER-2
-60.535,133.695,SER-3
-71.4765,132.135,VAL-4
-69.9921,137.764,PRO-5
-92.0703,133.921,SER-6
-65.047,-8.8492,GLN-7
-56.2234,97.7882,LYS-8
-47.1832,131.242,THR-9
-163.372,142.377,TYR-10
-103.916,-23.7078,GLN-11
64.3342,-175.942,GLY-12
-62.5077,15.6291,SER-13
-119.738,-37.7775,TYR-14
90.4287,32.3482,GLY-15
-72.5798,123.146,PHE-16
-156.667,163.37,ARG-17
-123.722,140.681,LEU-18
-117.091,163.549,GLY-19
-137.91,152.464,PHE-20
-68.2936,132.62,LEU-21
-138.277,143.342,HIS-22
-147.186,-49.8455,SER-23
-175.851,-151.48,GLY-24
-138.619,-0.372214,THR-25
-49.9692,163.622,ALA-26
-53.1853,-28.7832,LYS-27
-72.4015,-6.79006,SER-28
-60.3588,121.191,VAL-29
-74.7523,-53.5704,THR-30
-149.341,171.213,CYS-31
-164.929,133.913,THR-32
-116.761,126.591,TYR-33
-97.999,111.92,SER-34
-70.7599,-39.2576,PRO-35
-79.9139,-19.453,ALA-36
-97.1588,-3.43281,LEU-37
52.4608,48.6096,ASN-38
-133.623,132.114,LYS-39
-101.377,138.315,MET-40
-112.792,126.538,PHE-41
-127.674,143.593,CYS-42
-85.6083,155.383,GLN-43
-78.627,138.976,LEU-44
68.2864,-9.5587,ALA-45
-66.3922,155.645,LYS-46
-79.7155,125.854,THR-47
-115.398,85.23,CYS-48
-70.5656,125.519,PRO-49
-105.852,125.415,VAL-50
-86.9841,156.926,GLN-51
-154.008,119.453,LEU-52
-108.788,145.606,TRP-53
-148.153,80.5576,VAL-54
-58.425,-33.6272,ASP-55
-72.7183,-6.94947,SER-56
60.519,127.718,THR-57
-83.1291,163.625,PRO-58
-54.7888,159.497,PRO-59
-61.2461,148.54,PRO-60
60.8715,16.4921,GLY-61
-52.1989,161.26,THR-62
-126.317,157.238,ARG-63
-110.324,141.764,VAL-64
-125.233,162.528,ARG-65
-142.551,135.042,ALA-66
-148.654,163.675,MET-67
-151.071,119.387,ALA-68
-107.117,162.245,ILE-69
-124.169,126.458,TYR-70
-118.823,147.88,LYS-71
-151.327,171.18,GLN-72
-76.173,48.934,SER-73
-159.923,-39.7516,GLN-74
-174.772,174.672,HIS-75
-132.82,-9.61487,MET-76
-72.4347,62.7784,THR-77
-144.46,162.31,GLU-78
-124.503,149.451,VAL-79
-75.6664,117.009,VAL-80
-134.432,160.163,ARG-81
-52.0109,142.787,ARG-82
-46.4177,153.436,CYS-83
-48.5424,-39.9243,PRO-84
-75.353,-5.26855,HIS-85
-144.436,25.3108,HIS-86
-108.263,-1.11512,GLU-87
-127.946,-34.7609,ARG-88
-74.4206,157.35,CYS-89
-59.8011,-11.6431,SER-90
-86.3944,-11.0118,ASP-91
-114.096,-33.0508,SER-92
-68.4209,149.058,ASP-93
156.291,-131.103,GLY-94
-47.1256,-46.5382,LEU-95
-82.3107,152.694,ALA-96
-55.3027,152.882,PRO-97
-81.0942,-25.0308,PRO-98
-67.3488,-31.9853,GLN-99
-72.3244,133.258,HIS-100
-95.9216,-28.2102,LEU-101
-89.0334,107.03,ILE-102
-103.812,155.574,ARG-103
-150.905,166.059,VAL-104
-150.864,-153.428,GLU-105
72.3849,-25.3084,GLY-106
-103.509,120.987,ASN-107
-49.388,-59.6866,LEU-108
-78.5526,133.724,ARG-109
-169.752,128.31,VAL-110
-168.416,169.754,GLU-111
-108.79,154.28,TYR-112
-157.105,152.097,LEU-113
-70.0553,148.766,ASP-114
-109.582,135.651,ASP-115
-71.9977,-44.1359,ARG-116
-65.4312,-27.5754,ASN-117
-132.626,-14.3834,THR-118
69.273,23.1247,PHE-119
-102.643,85.2231,ARG-120
-32.2662,123.2,HIS-121
-155.893,165.644,SER-122
-69.3181,146.509,VAL-123
-139.049,134.005,VAL-124
-132.729,140.54,VAL-125
-71.0863,143.516,PRO-126
-67.3342,120.575,TYR-127
-96.5281,119.688,GLU-128
-75.3318,166.579,PRO-129
-58.9697,137.382,PRO-130
-59.1373,157.346,GLU-131
-58.1381,120.893,VAL-132
71.4723,16.1278,GLY-133
-92.144,156.764,SER-134
-83.5597,-32.7173,ASP-135
-158.758,-175.293,CYS-136
-104.635,161.784,THR-137
-132.981,151.833,THR-138
-130.831,124.481,ILE-139
-112.895,90.3483,HIS-140
-87.1387,167.672,TYR-141
-160.646,157.818,ASN-142
-143.896,132.576,TYR-143
-121.145,113.002,MET-144
-158.162,152.257,CYS-145
-93.5405,128.94,ASN-146
-91.2506,-11.229,SER-147
-74.5313,-16.06,SER-148
-57.841,158.806,CYS-149
-65.6199,-40.999,MET-150
75.6361,179.939,GLY-151
-74.5534,172.185,GLY-152
-76.8732,-12.9072,ILE-153
-144.929,74.1452,ASN-154
-63.802,137.737,ARG-155
-165.259,162.157,ARG-156
-60.094,151.396,PRO-157
-106.342,142.055,ILE-158
-136.71,164.816,LEU-159
-124.076,141.926,THR-160
-111.69,119.166,ILE-161
-117.831,122.742,ILE-162
-124.889,136.725,THR-163
-85.2474,137.331,LEU-164
-147.296,169.655,GLU-165
-100.743,164.182,ASP-166
-70.0119,-19.8137,SER-167
-65.5171,-19.0632,SER-168
95.973,12.738,GLY-169
-75.3855,128.624,ASN-170
-73.1915,124.076,LEU-171
-108.919,-26.1372,LEU-172
-165.08,168.287,GLY-173
-165.584,136.325,ARG-174
-146.249,140.386,ASN-175
-137.056,142.556,SER-176
-153.971,159.888,PHE-177
-81.9547,142.043,GLU-178
-122.671,145.024,VAL-179
-147.422,104.496,ARG-180
-68.3449,119.365,VAL-181
-123.286,165.507,CYS-182
-89.292,-45.0978,ALA-183
-114.634,85.9149,CYS-184
-58.9593,-36.6051,PRO-185
-55.9617,-44.3583,GLY-186
-91.7861,-32.9701,ARG-187
-67.5944,-24.3708,ASP-188
-64.6644,-61.8515,ARG-189
-54.0375,-47.0461,ARG-190
-40.0715,-32.512,THR-191
-107.379,-33.0899,GLU-192
-74.541,-41.9463,GLU-193
-58.5968,-23.2445,GLU-194
-74.2869,-10.0589,ASN-195
-75.9324,165.556,LEU-196
-84.126,-26.1047,ARG-197
-58.9931,148.074,LYS-198
-91.6224,132.32,LYS-199
-117.28,167.079,GLY-200
-56.3288,155.357,GLU-201
-105.654,147.362,PRO-202
-141.11,157.749,HIS-203
-61.8264,123.524,HIS-204
-71.0391,-34.8906,GLU-205
-67.4114,-48.3446,LEU-206
-64.2931,165.663,PRO-207
-72.078,162.462,PRO-208
-76.6997,-162.966,GLY-209
-161.826,170.741,SER-210
-80.9282,134.283,THR-211
-63.846,164.205,LYS-212
71.5965,147.501,ARG-213
-64.2857,142.867,ALA-214
-62.3221,-36.042,LEU-215
-68.351,151.689,PRO-216
-64.9374,-6.66541,ASN-217
-38.4965,131.835,ASN-218
-76.9628,57.7407,SER-2
-91.8731,133.121,SER-3
-41.9527,126.007,VAL-4
-57.1113,124.66,PRO-5
-97.4284,133.115,SER-6
-81.3042,-2.58581,GLN-7
-57.1101,105.564,LYS-8
-46.6722,141.817,THR-9
-167.345,130.227,TYR-10
-74.5892,-0.678427,GLN-11
63.0056,-165.78,GLY-12
-69.7622,22.2078,SER-13
-138.425,-33.425,TYR-14
92.7121,11.5619,GLY-15
-51.9014,110.191,PHE-16
-160.751,135.092,ARG-17
-87.4183,169.024,LEU-18
-128.725,178.842,GLY-19
-144.163,165.593,PHE-20
-90.9765,127.606,LEU-21
-135.092,152.652,HIS-22
-166.097,-17.9761,SER-23
165.069,-169.081,GLY-24
-125.002,17.6596,THR-25
-82.6619,171.542,ALA-26
-73.2663,-9.06903,LYS-27
-64.7377,-23.0398,SER-28
-64.7441,128.46,VAL-29
-78.5904,-41.5532,THR-30
-162.871,143.958,CYS-31
-144.572,126.044,THR-32
-109.576,130.338,TYR-33
-95.5013,113.639,SER-34
-74.1513,-33.4837,PRO-35
-71.5135,-11.5942,ALA-36
-110.131,-13.1698,LEU-37
49.4963,48.3533,ASN-38
-125.837,138.593,LYS-39
-107.405,119.606,MET-40
-100.616,123.242,PHE-41
-133.154,152.17,CYS-42
-99.4873,138.761,GLN-43
-58.7304,126.47,LEU-44
60.4386,18.2186,ALA-45
-89.6881,147.558,LYS-46
-79.3318,136.87,THR-47
-125.545,117.593,CYS-48
-78.1852,125.968,PRO-49
-107.386,129.342,VAL-50
-86.3304,145.613,GLN-51
-138.317,153.131,LEU-52
-143.287,144.444,TRP-53
-137.285,85.6162,VAL-54
-42.9287,-58.0442,ASP-55
-76.6349,-11.8712,SER-56
83.8084,157.063,THR-57
-96.8326,157.859,PRO-58
-59.8292,157.153,PRO-59
-57.4671,136.381,PRO-60
99.6503,-3.09174,GLY-61
-77.5394,150.46,THR-62
-122.561,141.918,ARG-63
-105.85,144.337,VAL-64
-128.694,160.308,ARG-65
-136.447,115.769,ALA-66
-105.914,165.383,MET-67
-160.651,131.49,ALA-68
-114.878,160.123,ILE-69
-122.932,113.867,TYR-70
-93.7199,146.025,LYS-71
-137.429,179.487,GLN-72
-63.6754,-12.4651,SER-73
-113.328,-8.26976,GLN-74
-171.206,170.079,HIS-75
-127.464,10.3378,MET-76
-93.7235,84.9561,THR-77
-172.503,152.705,GLU-78
-104.081,155.158,VAL-79
-60.8823,137.379,VAL-80
-154.409,157.176,ARG-81
-53.6841,159.435,ARG-82
-63.5561,168.084,CYS-83
-53.2827,-42.6973,PRO-84
-82.9047,8.63897,HIS-85
-144.45,-3.01388,HIS-86
-67.5768,-9.13288,GLU-87
-138.891,-16.3989,ARG-88
-63.2292,143.922,CYS-89
-64.3998,-10.4856,SER-90
-75.9411,-15.2451,ASP-91
-102.642,-11.1178,SER-92
-104.268,161.745,ASP-93
153.756,-131.826,GLY-94
-64.9031,-55.8726,LEU-95
-61.0339,124.571,ALA-96
-69.2094,157.612,PRO-97
-81.3023,-5.80817,PRO-98
-84.1167,-32.2958,GLN-99
-68.8958,135.941,HIS-100
-88.321,-34.3365,LEU-101
-75.2319,114.595,ILE-102
-127.579,164.575,ARG-103
-152.686,162.367,VAL-104
-155.659,-155.852,GLU-105
80.9132,-59.8081,GLY-106
-71.6753,130.554,ASN-107
-62.1909,-54.1419,LEU-108
-86.7741,141.234,ARG-109
-163.048,133.806,VAL-110
-155.794,173.229,GLU-111
-109.571,132.143,TYR-112
-139.218,140.255,LEU-113
-72.7476,114.119,ASP-114
-74.8564,126.074,ASP-115
-72.901,-30.4002,ARG-116
-65.4625,-26.0903,ASN-117
-138.126,-29.3469,THR-118
87.4906,32.4146,PHE-119
-111.951,109.662,ARG-120
-67.4877,117.221,HIS-121
-160.215,155.037,SER-122
-62.9469,128.78,VAL-123
-115.441,144.797,VAL-124
-131.22,148.947,VAL-125
-68.1315,153.068,PRO-126
-65.4662,132.797,TYR-127
-129.318,135.963,GLU-128
-75.7899,179.743,PRO-129
-48.4935,142.503,PRO-130
-74.959,156.592,GLU-131
-62.2642,124.705,VAL-132
87.727,-2.39169,GLY-133
-98.5863,166.718,SER-134
-95.8558,-28.9639,ASP-135
-110.549,161.01,CYS-136
-72.8966,161.512,THR-137
-131.031,146.802,THR-138
-127.831,135.903,ILE-139
-108.513,71.796,HIS-140
-59.6979,159.507,TYR-141
-161.047,155.154,ASN-142
-153.353,143.518,TYR-143
-126.192,115.657,MET-144
-160.057,149.999,CYS-145
-95.5368,121.751,ASN-146
-85.4307,3.80172,SER-147
-100.599,-8.50108,SER-148
-61.0252,158.559,CYS-149
-60.7176,-30.5229,MET-150
83.7237,170.572,GLY-151
-55.427,174.487,GLY-152
-57.8956,-40.4451,ILE-153
-131.22,101.97,ASN-154
-64.5882,133.789,ARG-155
-151.529,149.742,ARG-156
-63.8526,153.952,PRO-157
-113.126,136.609,ILE-158
-139.001,131.549,LEU-159
-113.326,154.063,THR-160
-134.601,120.848,ILE-161
-107.161,127.397,ILE-162
-130.087,147.808,THR-163
-107.249,154.024,LEU-164
-160.237,154.642,GLU-165
-62.8255,154.69,ASP-166
-48.7599,-32.4638,SER-167
-92.4025,16.8031,SER-168
80.1788,10.0604,GLY-169
-72.4924,110.587,ASN-170
-50.8569,126.136,LEU-171
-114.81,-13.2917,LEU-172
-174.847,154.578,GLY-173
-152.64,140.158,ARG-174
-157.04,130.844,ASN-175
-138.934,162.471,SER-176
-164.551,143.698,PHE-177
-58.9188,141.41,GLU-178
-119.755,148.008,VAL-179
-151.628,114.772,ARG-180
-85.3223,126.72,VAL-181
-132.995,159.984,CYS-182
-75.9124,-61.8,ALA-183
-106.25,88.8927,CYS-184
-67.7381,-11.5404,PRO-185
-86.1882,-36.9109,GLY-186
-70.6395,-46.3296,ARG-187
-63.2743,-34.6811,ASP-188
-60.6502,-53.1612,ARG-189
-51.8606,-55.6129,ARG-190
-49.8503,-32.9149,THR-191
-88.6583,-55.8973,GLU-192
-61.4481,-21.8204,GLU-193
-62.8879,-9.33351,GLU-194
-94.9934,-8.03745,ASN-195
-67.0565,147.812,LEU-196
-61.5293,-49.0165,ARG-197
-60.8541,158.457,LYS-198
-82.3059,157.288,LYS-199
-138.079,161.381,GLY-200
-71.3655,143.336,GLU-201
-70.8681,167.291,PRO-202
-155.201,145.793,HIS-203
-52.2948,127.691,HIS-204
-80.003,-22.6001,GLU-205
-67.2353,-61.077,LEU-206
-58.418,171.568,PRO-207
-83.1124,178.956,PRO-208
-94.3753,-131.181,GLY-209
-170.544,-164.025,SER-210
-112.761,150.558,THR-211
-84.7724,155.132,LYS-212
71.718,171.794,ARG-213
-75.9203,152.547,ALA-214
-74.5674,-39.6021,LEU-215
-62.1993,166.944,PRO-216
-93.6298,23.1714,ASN-217
-50.1764,119.842,ASN-218
-120.79,39.2605,SER-2
-72.6943,155.245,SER-3
-63.2864,141.453,VAL-4
-75.6375,120.009,PRO-5
-73.4181,151.291,SER-6
-92.4608,-5.93435,GLN-7
-63.943,126.506,LYS-8
-89.077,123.175,THR-9
-150.053,165.576,TYR-10
-91.6547,-26.9716,GLN-11
65.5944,-166.051,GLY-12
-81.6176,-2.64477,SER-13
-117.426,-20.1348,TYR-14
104.47,4.90166,GLY-15
-60.4205,126.886,PHE-16
-163.626,149.638,ARG-17
-100.208,163.059,LEU-18
-139.097,160.327,GLY-19
-145.818,130.312,PHE-20
-60.1586,139.51,LEU-21
-146.97,132.69,HIS-22
-137.273,16.2991,SER-23
106.858,-155.779,GLY-24
-148.471,5.85018,THR-25
-63.2782,162.498,ALA-26
-56.2629,-2.05275,LYS-27
-86.5864,-23.0391,SER-28
-71.2429,131.807,VAL-29
-98.7793,-14.4902,THR-30
-174.241,172.659,CYS-31
179.888,149.303,THR-32
-122.604,148.167,TYR-33
-131.945,99.926,SER-34
-62.5848,-37.5129,PRO-35
-71.5627,-17.8076,ALA-36
-97.2609,-21.1764,LEU-37
49.0915,66.3413,ASN-38
-147.234,127.31,LYS-39
-86.7954,154.414,MET-40
-125.116,131.283,PHE-41
-127.536,150.744,CYS-42
-69.7826,148.867,GLN-43
-65.7549,141.451,LEU-44
50.1787,-20.4963,ALA-45
-48.5337,123.316,LYS-46
-64.1467,123.76,THR-47
-100.549,110.309,CYS-48
-84.1203,135.799,PRO-49
-111.389,136.707,VAL-50
-93.0918,154.171,GLN-51
-150.015,127.868,LEU-52
-114.468,135.494,TRP-53
-131.758,84.5131,VAL-54
-69.3459,-35.6704,ASP-55
-68.9195,-32.5704,SER-56
99.0645,121.018,THR-57
-75.1673,164.932,PRO-58
-67.0019,-179.277,PRO-59
-74.5551,158.924,PRO-60
71.53,7.73327,GLY-61
-70.2133,149.225,THR-62
-123.283,145.668,ARG-63
-94.8888,149.941,VAL-64
-125.387,148.022,ARG-65
-123.368,142.154,ALA-66
-149.907,169.097,MET-67
-155.012,131.451,ALA-68
-115.7,143.978,ILE-69
-104.593,149.376,TYR-70
-137.239,136.55,LYS-71
-118.246,172.564,GLN-72
-63.9291,-25.8146,SER-73
-105.879,-7.34527,GLN-74
-157.429,146.994,HIS-75
-110.852,-11.6116,MET-76
-77.9888,74.2603,THR-77
-163.767,151.707,GLU-78
-98.354,153.497,VAL-79
-80.9558,135.956,VAL-80
-160.666,160.873,ARG-81
-67.398,150.514,ARG-82
-60.9667,156.776,CYS-83
-56.9099,-24.25,PRO-84
-72.5865,-22.8748,HIS-85
-119.855,8.31107,HIS-86
-95.9986,7.58939,GLU-87
-147.639,-23.5239,ARG-88
-61.0121,158.153,CYS-89
-72.2195,-27.0212,SER-90
-59.8779,-32.8213,ASP-91
-84.4519,-34.1124,SER-92
-78.1945,142.314,ASP-93
-171.718,-132.179,GLY-94
-52.1447,-36.2761,LEU-95
-97.4545,151.758,ALA-96
-58.8672,151.556,PRO-97
-70.5208,-16.0211,PRO-98
-62.348,-44.9912,GLN-99
-73.3665,130.341,HIS-100
-80.9064,-35.3212,LEU-101
-60.3444,107.71,ILE-102
-114.604,157.826,ARG-103
-150.53,150.118,VAL-104
-144.293,-175.807,GLU-105
93.8541,-54.6142,GLY-106
-73.5027,134.496,ASN-107
-72.1912,-30.9907,LEU-108
-110.771,147.642,ARG-109
-167.782,142.24,VAL-110
-158.996,161.241,GLU-111
-102.903,123.447,TYR-112
-136.426,157.159,LEU-113
-84.9004,132.007,ASP-114
-71.0826,122.938,ASP-115
-78.0158,-7.56569,ARG-116
-86.4336,-35.6974,ASN-117
-134.162,-6.70562,THR-118
67.9662,43.0722,PHE-119
-115.718,113.322,ARG-120
-59.4804,111.184,HIS-121
-165.814,153.368,SER-122
-56.3936,135.816,VAL-123
-132.597,145.544,VAL-124
-130.299,147.361,VAL-125
-60.301,143.917,PRO-126
-71.5527,125.987,TYR-127
-130.908,138.968,GLU-128
-67.2182,166.939,PRO-129
-63.8612,168.657,PRO-130
-79.077,143.97,GLU-131
-49.6834,108.508,VAL-132
99.0205,-17.3801,GLY-133
-75.4583,153.57,SER-134
-92.8458,-31.9036,ASP-135
-90.932,125.379,CYS-136
-71.294,135.747,THR-137
-121.14,127.105,THR-138
-109.396,144.105,ILE-139
-125.265,81.7631,HIS-140
-77.2741,175.735,TYR-141
-168.501,155.872,ASN-142
-143.296,132.752,TYR-143
-114.298,117.224,MET-144
-170.153,121.247,CYS-145
-74.702,123.317,ASN-146
-63.7602,-26.8216,SER-147
-78.2568,5.21879,SER-148
-78.7071,161.113,CYS-149
-85.7548,-16.4966,MET-150
79.0183,-167.31,GLY-151
-77.7095,-174.265,GLY-152
-74.2646,-32.216,ILE-153
-127.973,103.362,ASN-154
-65.6071,111.768,ARG-155
-145.735,155.241,ARG-156
-66.7091,153.272,PRO-157
-105.383,137.717,ILE-158
-122.848,154.888,LEU-159
-135.811,156.687,THR-160
-140.69,124.318,ILE-161
-121.76,135.805,ILE-162
-137.135,150.305,THR-163
-95.6045,136.275,LEU-164
-141.105,148.425,GLU-165
-76.7814,165.452,ASP-166
-63.1789,-30.5687,SER-167
-57.9307,-16.1432,SER-168
79.3663,15.3408,GLY-169
-69.2359,127.432,ASN-170
-74.4537,141.285,LEU-171
-126.363,-24.9141,LEU-172
-167.096,153.864,GLY-173
-141.619,154.08,ARG-174
-160.432,143.914,ASN-175
-151.531,153.729,SER-176
-154.867,166.448,PHE-177
-76.1289,145.143,GLU-178
-115.41,145.558,VAL-179
-135.88,125.737,ARG-180
-89.697,129.671,VAL-181
-145.81,165.728,CYS-182
-91.4438,-40.2261,ALA-183
-126.68,91.0707,CYS-184
-64.7098,-23.3449,PRO-185
-79.2645,-32.2451,GLY-186
-79.3655,-43.9767,ARG-187
-55.7394,-44.1248,ASP-188
-53.1013,-54.6912,ARG-189
-55.089,-45.3095,ARG-190
-60.3832,-28.5321,THR-191
-89.1073,-48.1013,GLU-192
-77.2714,-27.4624,GLU-193
-56.9049,-12.5012,GLU-194
-91.9851,0.0995703,ASN-195
-98.1946,157.803,LEU-196
-54.5979,-36.9893,ARG-197
-106.609,146.276,LYS-198
-63.3801,158.366,LYS-199
-139.645,171.046,GLY-200
-76.9384,153.142,GLU-201
-71.2766,161.534,PRO-202
-175.625,134.843,HIS-203
-58.5104,138.751,HIS-204
-70.8647,-22.9979,GLU-205
-81.6318,-37.7785,LEU-206
-60.9556,142.957,PRO-207
-65.417,162.519,PRO-208
-64.3774,144.14,GLY-209
-81.3795,-125.26,SER-210
-123.237,151.135,THR-211
-86.4293,153.184,LYS-212
73.0686,157.067,ARG-213
-65.6689,164.8,ALA-214
-76.8261,-30.4118,LEU-215
-63.0529,158.282,PRO-216
-81.3546,8.37839,ASN-217
-48.6622,136.48,ASN-218
-135.081,15.3447,SER-2
-74.0412,149.087,SER-3
-66.3814,133.954,VAL-4
-49.9961,131.579,PRO-5
-94.2076,143.347,SER-6
-105.045,5.38688,GLN-7
-71.3524,101.266,LYS-8
-56.399,133.112,THR-9
-158.147,132.205,TYR-10
-86.5897,-12.9758,GLN-11
65.7633,-150.434,GLY-12
-97.7465,-2.06721,SER-13
-108.211,-27.8139,TYR-14
104.956,30.8001,GLY-15
-69.6291,121.998,PHE-16
-161.154,156.984,ARG-17
-109.305,159.917,LEU-18
-147.949,170.484,GLY-19
-146.311,136.619,PHE-20
-75.1936,135.949,LEU-21
-158.663,115.849,HIS-22
-103.19,-22.5739,SER-23
159.723,-158.45,GLY-24
-116.451,16.1746,THR-25
-82.7632,162.01,ALA-26
-59.5532,-20.8427,LYS-27
-90.5194,-7.1766,SER-28
-56.238,141.122,VAL-29
-86.275,-67.391,THR-30
-139.065,166.122,CYS-31
-163.017,151.456,THR-32
-140.969,134.24,TYR-33
-108.6,107.101,SER-34
-67.5304,-30.3723,PRO-35
-59.65,-40.4134,ALA-36
-90.9354,-1.48654,LEU-37
46.1328,49.3241,ASN-38
-142.149,122.592,LYS-39
-87.1745,131.427,MET-40
-100.912,127.442,PHE-41
-148.327,126.338,CYS-42
-76.3943,125.351,GLN-43
-37.1432,126.875,LEU-44
82.4404,-10.2551,ALA-45
-89.9981,155.308,LYS-46
-73.1141,131.302,THR-47
-136.478,76.0875,CYS-48
-82.5131,164.258,PRO-49
-128.182,129.253,VAL-50
-93.0838,141.752,GLN-51
-130.453,138.501,LEU-52
-110.039,139.488,TRP-53
-140.404,84.3775,VAL-54
-72.0582,-33.9901,ASP-55
-73.8047,-24.8597,SER-56
83.5887,137.539,THR-57
-89.6357,175.133,PRO-58
-52.6117,163.383,PRO-59
-73.8047,157.896,PRO-60
79.1341,3.22125,GLY-61
-77.4343,159.79,THR-62
-129.942,144.262,ARG-63
-104.648,126.501,VAL-64
-119.107,146.917,ARG-65
-139.709,128.718,ALA-66
-126.954,157.033,MET-67
-144.215,95.2228,ALA-68
-93.7829,160.643,ILE-69
-123.689,116.939,TYR-70
-101.915,149.162,LYS-71
-146.158,170.394,GLN-72
-62.3187,4.3051,SER-73
-157.254,17.9177,GLN-74
-174.905,140.403,HIS-75
-143.198,9.98329,MET-76
-88.7681,57.5337,THR-77
-145.049,164.041,GLU-78
-108.231,152.06,VAL-79
-67.4424,123.118,VAL-80
-136.228,167.138,ARG-81
-68.4178,164.231,ARG-82
-49.7458,160.872,CYS-83
-76.0149,-9.92095,PRO-84
-94.0275,-2.5261,HIS-85
-135.309,10.1436,HIS-86
-94.8167,0.289595,GLU-87
-142.752,-32.2421,ARG-88
-55.1872,152.691,CYS-89
-64.8463,-23.7379,SER-90
-57.0006,-19.1528,ASP-91
-109.104,-30.0615,SER-92
-66.1261,173.031,ASP-93
161.07,-123.803,GLY-94
-62.4558,-49.8264,LEU-95
-81.6174,138.368,ALA-96
-63.6456,141.952,PRO-97
-69.1277,-21.0077,PRO-98
-70.4523,-42.3806,GLN-99
-67.329,136.69,HIS-100
-79.9566,-38.4736,LEU-101
-60.1107,126.547,ILE-102
-142.981,155.964,ARG-103
-155.498,152.411,VAL-104
-148.41,-179.18,GLU-105
75.0023,38.4213,GLY-106
-159.404,130.445,ASN-107
-60.3395,-26.6266,LEU-108
-108.547,128.117,ARG-109
-166.249,141.299,VAL-110
175.179,158.36,GLU-111
-95.8016,135.515,TYR-112
-142.574,136.864,LEU-113
-58.9504,109.775,ASP-114
-62.3405,107.851,ASP-115
-66.5399,-22.9836,ARG-116
-71.4304,-42.4204,ASN-117
-131.633,-7.96778,THR-118
73.7622,19.979,PHE-119
-89.3,103.26,ARG-120
-50.0482,111.936,HIS-121
-163.566,155.128,SER-122
-71.6765,143.478,VAL-123
-132.306,144.159,VAL-124
-122.516,152.563,VAL-125
-75.1019,160.314,PRO-126
-67.6061,155.111,TYR-127
-146.275,146.345,GLU-128
-79.2257,174.712,PRO-129
-62.0117,152.012,PRO-130
-90.1074,152.9,GLU-131
-63.8938,133.42,VAL-132
97.5214,-1.33742,GLY-133
-130.212,156.701,SER-134
-96.7601,-16.7627,ASP-135
-138.967,152.555,CYS-136
-82.7022,136.097,THR-137
-99.9968,113.08,THR-138
-104.213,123.307,ILE-139
-92.086,57.5841,HIS-140
-60.1933,160.788,TYR-141
-150.452,158.056,ASN-142
-141.495,155.276,TYR-143
-159.049,104.585,MET-144
-163.698,150.397,CYS-145
-83.4787,149.134,ASN-146
-100.11,-20.2017,SER-147
-84.9027,4.94004,SER-148
-79.9472,156.827,CYS-149
-59.3297,-36.5596,MET-150
64.9539,-156.141,GLY-151
-70.0779,151.655,GLY-152
-48.0793,-40.2884,ILE-153
-123.014,90.0445,ASN-154
-57.1333,117.831,ARG-155
-145.238,158.36,ARG-156
-62.4981,163.219,PRO-157
-126.761,156.637,ILE-158
-148.734,132.783,LEU-159
-126.799,142.538,THR-160
-114.617,138.531,ILE-161
-130.249,134.509,ILE-162
-139.492,152.497,THR-163
-92.383,146.329,LEU-164
-146.016,166.974,GLU-165
-78.3586,157.824,ASP-166
-45.2226,-36.8014,SER-167
-78.0418,0.651761,SER-168
86.7113,2.30086,GLY-169
-69.3649,127.248,ASN-170
-61.9903,116.645,LEU-171
-111.299,-26.0254,LEU-172
-177.808,156.386,GLY-173
-152.592,157.131,ARG-174
-163.965,163.138,ASN-175
-148.225,158.473,SER-176
-160.976,150.19,PHE-177
-86.6806,135.484,GLU-178
-103.313,156.738,VAL-179
-142.937,95.0775,ARG-180
-57.1321,129.691,VAL-181
-126.42,159.595,CYS-182
-89.1572,-30.1037,ALA-183
-134.694,81.0192,CYS-184
-64.0972,-30.3305,PRO-185
-64.5044,-48.1241,GLY-186
-62.9286,-36.4483,ARG-187
-72.4721,-38.5984,ASP-188
-46.6098,-62.2465,ARG-189
-67.2523,-26.091,ARG-190
-62.4212,-43.5578,THR-191
-90.7021,-31.1076,GLU-192
-81.8678,-23.1096,GLU-193
-59.2606,-30.3647,GLU-194
-82.2766,13.4656,ASN-195
-106.288,138.232,LEU-196
-63.338,-40.5773,ARG-197
-54.894,139.583,LYS-198
-64.412,147.002,LYS-199
-131.593,-175.562,GLY-200
-87.6145,150.685,GLU-201
-82.5382,163.5,PRO-202
-131.549,149.114,HIS-203
-50.8652,145.059,HIS-204
-76.5492,-27.347,GLU-205
-70.5352,-39.5001,LEU-206
-83.0378,127.624,PRO-207
-85.077,173.385,PRO-208
-88.8638,162.261,GLY-209
-90.3763,-114.081,SER-210
-125.723,147.065,THR-211
-84.9246,170.397,LYS-212
70.6848,153.451,ARG-213
-72.3133,163.027,ALA-214
-73.5792,-51.8705,LEU-215
-58.7428,151.71,PRO-216
-77.0219,25.5298,ASN-217
-59.7439,150.862,ASN-218
-143.358,47.8055,SER-2
-80.5598,148.592,SER-3
-70.5648,127.063,VAL-4
-50.3397,135.575,PRO-5
-90.4661,140.436,SER-6
-97.2841,7.38307,GLN-7
-66.5396,107.84,LYS-8
-62.0649,149.115,THR-9
-164.195,142.727,TYR-10
-70.2253,-41.4863,GLN-11
72.279,-171.709,GLY-12
-57.7595,-15.5894,SER-13
-112.641,-23.4978,TYR-14
98.1564,20.7235,GLY-15
-59.4668,102.636,PHE-16
-125.038,152.301,ARG-17
-108.352,165.733,LEU-18
-151.146,163.28,GLY-19
-133.095,122.43,PHE-20
-76.5264,140.429,LEU-21
-163.159,108.003,HIS-22
-113.732,-10.7129,SER-23
173.322,-160.272,GLY-24
-113.823,0.175371,THR-25
-70.3313,167.107,ALA-26
-61.0407,-7.59434,LYS-27
-91.5462,-6.66501,SER-28
-90.516,134.689,VAL-29
-93.4017,-35.5114,THR-30
-148.045,147.835,CYS-31
-157.521,110.312,THR-32
-103.904,131.875,TYR-33
-102.832,107.181,SER-34
-58.1708,-43.5316,PRO-35
-66.384,-6.5178,ALA-36
-123.692,-8.81626,LEU-37
52.09,55.061,ASN-38
-139.664,101.689,LYS-39
-80.8147,88.37,MET-40
-70.2394,126.274,PHE-41
-118.869,147.571,CYS-42
-84.9146,141.788,GLN-43
-61.3686,124.192,LEU-44
78.8395,-5.13696,ALA-45
-84.7177,146.626,LYS-46
-59.3855,153.888,THR-47
-140.142,81.151,CYS-48
-66.3576,130.074,PRO-49
-116.856,125.823,VAL-50
-79.9457,143.004,GLN-51
-130.561,130.281,LEU-52
-135.01,142.111,TRP-53
-133.201,99.3812,VAL-54
-45.8298,-64.4931,ASP-55
-68.9799,-17.7624,SER-56
75.9206,149.938,THR-57
-88.7064,170.664,PRO-58
-66.9315,161.045,PRO-59
-61.8598,154.47,PRO-60
86.4227,-15.1134,GLY-61
-46.5042,153.204,THR-62
-125.281,158.191,ARG-63
-107.546,129.983,VAL-64
-111.795,148.728,ARG-65
-132.146,122.773,ALA-66
-118.799,172.831,MET-67
-166.528,126.123,ALA-68
-107.12,157.925,ILE-69
-117.419,118.542,TYR-70
-99.1548,149.324,LYS-71
-137.192,175.901,GLN-72
-63.808,0.836342,SER-73
-151.909,-3.55277,GLN-74
-140.084,133.444,HIS-75
-125.681,-2.75234,MET-76
-88.1813,58.2085,THR-77
-146.63,164,GLU-78
-110.195,150.645,VAL-79
-59.2161,114.333,VAL-80
-122.814,151.132,ARG-81
-60.2678,166.334,ARG-82
-49.0997,154.864,CYS-83
-70.4704,-22.7334,PRO-84
-76.8218,-9.02669,HIS-85
-129.706,-6.93132,HIS-86
-61.5333,-10.4518,GLU-87
-144.396,-35.8375,ARG-88
-57.6215,165.698,CYS-89
-58.6799,-15.1902,SER-90
-81.865,0.393169,ASP-91
-129.204,-27.077,SER-92
-83.8153,116.96,ASP-93
-139.321,-116.363,GLY-94
-84.8356,-34.6302,LEU-95
-75.4682,136.147,ALA-96
-55.0628,141.909,PRO-97
-66.9105,-26.6943,PRO-98
-67.4132,-36.7197,GLN-99
-53.1943,123.542,HIS-100
-68.8095,-40.9986,LEU-101
-76.6458,113.521,ILE-102
-113.869,169.98,ARG-103
-167.731,153.897,VAL-104
-145.794,-171.578,GLU-105
85.6576,-48.4808,GLY-106
-78.1979,126.441,ASN-107
-74.7221,-34.105,LEU-108
-90.364,144.773,ARG-109
169.917,139.348,VAL-110
-165.481,151.169,GLU-111
-106.916,135.391,TYR-112
-148.61,156.924,LEU-113
-65.7079,142.928,ASP-114
-101.136,122.167,ASP-115
-70.0025,-16.0589,ARG-116
-98.7471,-36.8985,ASN-117
-108.186,-22.137,THR-118
74.9876,22.4294,PHE-119
-96.4887,93.9866,ARG-120
-59.5015,118.271,HIS-121
-162.822,150.728,SER-122
-57.3486,135.088,VAL-123
-132.075,125.461,VAL-124
-112.868,139.549,VAL-125
-63.4084,142.262,PRO-126
-77.3754,136.719,TYR-127
-125.373,151.326,GLU-128
-65.4219,165.437,PRO-129
-55.6184,151.426,PRO-130
-72.2044,162.17,GLU-131
-61.2665,140.771,VAL-132
78.2355,-27.7715,GLY-133
-96.2682,-165.614,SER-134
-139.665,-30.7088,ASP-135
-120.867,160.433,CYS-136
-82.361,150.149,THR-137
-131.634,139.552,THR-138
-128.932,135.323,ILE-139
-115.332,87.6002,HIS-140
-73.7691,-177.665,TYR-141
-163.327,162.048,ASN-142
-141.066,154.269,TYR-143
-143.83,128.925,MET-144
-176.872,124.771,CYS-145
-81.6847,134.456,ASN-146
-85.2773,-16.8579,SER-147
-76.5902,17.0669,SER-148
-113.245,-179.07,CYS-149
-95.3385,-35.388,MET-150
68.2482,-172.932,GLY-151
-72.4325,168.913,GLY-152
-55.2476,-24.1273,ILE-153
-142.8,98.0213,ASN-154
-67.9828,143.3,ARG-155
-164.281,150.026,ARG-156
-79.1238,165.228,PRO-157
-133.28,123.79,ILE-158
-106.396,155.565,LEU-159
-107.607,135.969,THR-160
-108.993,108.208,ILE-161
-91.1131,141.557,ILE-162
-141.4,146.066,THR-163
-100.959,122.37,LEU-164
-136.424,143.134,GLU-165
-60.8637,155.442,ASP-166
-62.5876,-16.1878,SER-167
-76.8444,-21.3937,SER-168
112.841,-1.80049,GLY-169
-70.0891,134.155,ASN-170
-76.9066,123.928,LEU-171
-109.451,-36.7718,LEU-172
-161.168,168.963,GLY-173
-155.932,154.594,ARG-174
-150.023,147.157,ASN-175
-132.24,155.203,SER-176
-166.19,156.233,PHE-177
-81.8791,135.758,GLU-178
-103.667,142.327,VAL-179
-135.381,133.876,ARG-180
-101.797,129.086,VAL-181
-135.319,145.902,CYS-182
-70.7913,-33.8043,ALA-183
-136.131,99.2232,CYS-184
-68.3482,-19.9598,PRO-185
-87.2,-29.7218,GLY-186
-65.4958,-46.8394,ARG-187
-60.808,-54.133,ASP-188
-41.5822,-45.637,ARG-189
-73.7751,-27.4282,ARG-190
-81.549,-40.6141,THR-191
-85.579,-26.8681,GLU-192
-84.8932,-28.2043,GLU-193
-69.8329,-19.8681,GLU-194
-59.4771,0.502711,ASN-195
-111.167,151.143,LEU-196
-73.6274,-41.4189,ARG-197
-61.3727,132.719,LYS-198
-64.7316,133.322,LYS-199
-116.811,-164.555,GLY-200
-84.6361,146.852,GLU-201
-67.2478,159.54,PRO-202
-141.046,149.47,HIS-203
-59.5513,146.631,HIS-204
-46.9037,-38.8448,GLU-205
-96.1682,-26.6028,LEU-206
-62.4748,147.581,PRO-207
-80.7657,177.752,PRO-208
-98.2324,152.446,GLY-209
-106.099,-111.471,SER-210
-131.207,168.197,THR-211
-99.3444,157.123,LYS-212
72.8258,155.367,ARG-213
-77.5459,159.574,ALA-214
-71.9923,-31.9755,LEU-215
-69.2763,154.258,PRO-216
-71.8984,0.248896,ASN-217
-58.6257,114.565,ASN-218
-137.236,60.9689,SER-2
-77.7196,159.53,SER-3
-70.6521,127.022,VAL-4
-52.8399,139.269,PRO-5
-83.2597,135.069,SER-6
-103.075,7.97343,GLN-7
-75.9266,121.147,LYS-8
-78.5664,132.161,THR-9
-155.161,156.608,TYR-10
-92.2273,-24.7055,GLN-11
77.6484,-157.702,GLY-12
-82.9967,-10.2126,SER-13
-96.1944,-25.5551,TYR-14
85.6556,33.1613,GLY-15
-66.1719,110.504,PHE-16
-141.519,151.346,ARG-17
-105.469,176.474,LEU-18
-159.64,157.814,GLY-19
-142.685,147.174,PHE-20
-75.3874,150.571,LEU-21
-161.952,89.5155,HIS-22
-59.2785,-28.3842,SER-23
154.163,-142.919,GLY-24
-130.301,3.33509,THR-25
-64.6101,172.019,ALA-26
-52.7769,-21.4147,LYS-27
-73.602,-15.0856,SER-28
-69.0039,120.897,VAL-29
-83.0254,-30.7702,THR-30
-170.645,137.29,CYS-31
-156.052,141.066,THR-32
-119.836,127.447,TYR-33
-90.5288,107.105,SER-34
-59.6915,-39.5408,PRO-35
-59.1142,-16.3587,ALA-36
-123.976,-15.8278,LEU-37
50.6416,54.8981,ASN-38
-145.722,129.322,LYS-39
-118.95,121.636,MET-40
-92.8509,126.564,PHE-41
-112.659,129.467,CYS-42
-70.1399,126.5,GLN-43
-57.0651,155.637,LEU-44
65.6877,-3.96461,ALA-45
-97.493,158.514,LYS-46
-65.4334,115.743,THR-47
-115.704,90.6815,CYS-48
-72.6122,138.455,PRO-49
-130.689,120.597,VAL-50
-87.0463,154.123,GLN-51
-148.032,136.041,LEU-52
-141.831,138.129,TRP-53
-143.005,72.8059,VAL-54
-38.827,-54.6604,ASP-55
-78.7859,-3.83853,SER-56
76.6806,131.278,THR-57
-96.0913,153.833,PRO-58
-70.2195,169.58,PRO-59
-65.4033,163.751,PRO-60
66.8316,2.70909,GLY-61
-64.7597,139.655,THR-62
-102.177,153.444,ARG-63
-102.857,124.291,VAL-64
-114.196,151.648,ARG-65
-138.023,142.36,ALA-66
-155.365,162.106,MET-67
-163.809,123.218,ALA-68
-107.448,148.071,ILE-69
-115.008,109.829,TYR-70
-95.9152,145.079,LYS-71
-138.642,169.58,GLN-72
-61.3256,-5.91377,SER-73
-144.365,1.21555,GLN-74
-161.277,150.127,HIS-75
-133.317,-14.5951,MET-76
-82.9193,59.7662,THR-77
-149.195,152.64,GLU-78
-101.956,164.222,VAL-79
-65.0889,127.398,VAL-80
-153.847,152.677,ARG-81
-63.2387,155.255,ARG-82
-49.6899,143.94,CYS-83
-69.5726,-15.6983,PRO-84
-73.0631,-9.48444,HIS-85
-142.147,22.9285,HIS-86
-103.43,-2.90392,GLU-87
-145.739,-38.8299,ARG-88
-58.2614,159.026,CYS-89
-65.0174,-26.4001,SER-90
-70.1043,-0.817893,ASP-91
-116.466,-9.03463,SER-92
-116.785,154.834,ASP-93
171.293,-113.918,GLY-94
-62.9407,-50.3973,LEU-95
-77.688,125.511,ALA-96
-57.1131,144.852,PRO-97
-72.0755,-21.6261,PRO-98
-45.9476,-54.2031,GLN-99
-74.1112,129.212,HIS-100
-67.4596,-36.4794,LEU-101
-74.1571,106.942,ILE-102
-110.663,163.757,ARG-103
-141.47,168.288,VAL-104
-163.3,-171.374,GLU-105
78.4272,-80.0424,GLY-106
-59.155,130.436,ASN-107
-60.3891,-55.0915,LEU-108
-73.7895,127.007,ARG-109
-176.043,137.241,VAL-110
-162.969,168.109,GLU-111
-109.648,132.491,TYR-112
-136.011,159.528,LEU-113
-100.886,132.85,ASP-114
-77.8885,119.065,ASP-115
-76.2109,-9.35287,ARG-116
-84.7224,-38.6981,ASN-117
-108.564,-19.7503,THR-118
65.9669,38.398,PHE-119
-110.706,124.589,ARG-120
-82.4915,104.507,HIS-121
-134.433,157.201,SER-122
-77.6379,135.631,VAL-123
-122.659,127.725,VAL-124
-118.7,157.754,VAL-125
-80.1805,147.947,PRO-126
-79.6228,147.112,TYR-127
-162.141,135.516,GLU-128
-65.0206,171.801,PRO-129
-66.4243,135.759,PRO-130
-44.3886,152.209,GLU-131
-60.2399,136.999,VAL-132
80.1645,-6.05258,GLY-133
-110.813,174.395,SER-134
-117.632,-33.9196,ASP-135
-129.235,160.437,CYS-136
-88.7239,122.932,THR-137
-104.744,143.288,THR-138
-121.076,135.045,ILE-139
-105.903,117.119,HIS-140
-89.3261,166.457,TYR-141
-150.092,157.126,ASN-142
-138.474,139.438,TYR-143
-127.472,89.4603,MET-144
-138.24,117.295,CYS-145
-63.4223,113.158,ASN-146
-72.9328,-3.99415,SER-147
-82.1214,-4.15009,SER-148
-68.3424,168.278,CYS-149
-99.7791,-18.0526,MET-150
79.3715,-163.611,GLY-151
-84.1071,176.616,GLY-152
-69.5313,-44.1986,ILE-153
-124.91,114.577,ASN-154
-92.6004,119.878,ARG-155
-150.456,160.52,ARG-156
-86.2211,157.651,PRO-157
-121.277,147.555,ILE-158
-136.138,116.842,LEU-159
-78.2153,144.808,THR-160
-122.939,119.041,ILE-161
-124.222,124.886,ILE-162
-142.271,129.752,THR-163
-82.4856,131.677,LEU-164
-139.606,158.241,GLU-165
-60.7302,161.763,ASP-166
-57.7535,-9.491,SER-167
-94.6819,-11.6726,SER-168
101.146,-4.89368,GLY-169
-69.8513,129.557,ASN-170
-69.8526,132.372,LEU-171
-112.298,-47.5926,LEU-172
-160.254,166.751,GLY-173
-144.246,151.492,ARG-174
-150.315,127.081,ASN-175
-109.713,159.969,SER-176
-162.913,151.222,PHE-177
-76.145,145.198,GLU-178
-123.666,129.783,VAL-179
-116.792,123.605,ARG-180
-84.7497,145.777,VAL-181
-149.168,167.041,CYS-182
-92.3321,-40.3677,ALA-183
-128.808,84.9566,CYS-184
-63.72,-23.7111,PRO-185
-72.2277,-42.8272,GLY-186
-60.7504,-48.5624,ARG-187
-64.3461,-33.5125,ASP-188
-54.1115,-54.9432,ARG-189
-58.3693,-45.0446,ARG-190
-56.7002,-36.0155,THR-191
-102.869,-25.7487,GLU-192
-74.6207,-40.7324,GLU-193
-52.3436,-29.4991,GLU-194
-67.2739,-17.3431,ASN-195
-64.6403,150.27,LEU-196
-76.0366,-27.0738,ARG-197
-70.1262,123.259,LYS-198
-55.1243,126.701,LYS-199
-105.035,-169.147,GLY-200
-68.0409,146.99,GLU-201
-71.609,160.732,PRO-202
-141.246,138.997,HIS-203
-70.8527,146.025,HIS-204
-68.4398,-17.2441,GLU-205
-85.5925,-42.9529,LEU-206
-69.0168,154.241,PRO-207
-70.299,174.708,PRO-208
-66.4829,-165.719,GLY-209
-161.435,-142.322,SER-210
-109.577,153.766,THR-211
-100.414,150.225,LYS-212
82.5094,152.139,ARG-213
-64.6826,149.936,ALA-214
-74.5863,-27.4156,LEU-215
-67.0502,151.919,PRO-216
-82.6105,24.4868,ASN-217
-50.3257,126.145,ASN-218
-132.948,49.4019,SER-2
-72.8724,160.916,SER-3
-74.3843,120.851,VAL-4
-60.7778,124.768,PRO-5
-71.9618,135.041,SER-6
-85.8252,-11.9252,GLN-7
-50.8294,113.979,LYS-8
-58.3271,124.605,THR-9
-150.033,133.299,TYR-10
-94.4217,-25.3699,GLN-11
80.2405,-164.583,GLY-12
-82.9349,7.23222,SER-13
-114.656,-34.3042,TYR-14
103.047,37.3319,GLY-15
-65.424,116.241,PHE-16
-147.833,153.025,ARG-17
-94.7503,165.193,LEU-18
-137.667,107.172,GLY-19
-76.7795,153.372,PHE-20
-79.3347,138.456,LEU-21
-159.414,71.8377,HIS-22
-69.5046,-12.1242,SER-23
138.25,-137.623,GLY-24
-139.305,-4.86649,THR-25
-42.355,147.176,ALA-26
-50.1027,-23.6021,LYS-27
-71.1823,-15.651,SER-28
-63.9607,120.054,VAL-29
-69.4943,-30.2283,THR-30
-176.166,147.216,CYS-31
-149.065,144.756,THR-32
-116.756,121.657,TYR-33
-87.9661,110.21,SER-34
-65.4858,-35.2116,PRO-35
-73.4627,-39.8774,ALA-36
-75.1433,-28.0703,LEU-37
58.9402,48.5336,ASN-38
-136.684,125.356,LYS-39
-108.586,143.548,MET-40
-120.254,133.497,PHE-41
-128.879,130.733,CYS-42
-77.1787,126.621,GLN-43
-58.6009,131.275,LEU-44
72.6927,-7.33266,ALA-45
-81.5596,167.447,LYS-46
-77.5633,127.757,THR-47
-117.832,97.9057,CYS-48
-80.5675,141.641,PRO-49
-115.833,128.562,VAL-50
-80.4044,157.093,GLN-51
-130.98,141.857,LEU-52
-119.36,141.753,TRP-53
-142.987,80.418,VAL-54
-56.1868,-52.6037,ASP-55
-79.895,7.47036,SER-56
78.2485,130.995,THR-57
-83.4847,168.436,PRO-58
-64.4303,157.726,PRO-59
-72.6653,147.016,PRO-60
89.9316,-16.3201,GLY-61
-54.5012,148.27,THR-62
-134.513,156.134,ARG-63
-98.9695,133.163,VAL-64
-118.055,156.071,ARG-65
-133.045,131.062,ALA-66
-144,167.533,MET-67
-154.714,136.689,ALA-68
-108.905,145.355,ILE-69
-101.883,110.206,TYR-70
-87.1281,139.367,LYS-71
-123.664,168.508,GLN-72
-58.7497,-2.35952,SER-73
-151.326,18.2195,GLN-74
-156.857,113.361,HIS-75
-118.353,13.7548,MET-76
-118.307,7.19219,THR-77
-84.8315,154.722,GLU-78
-107.825,135.007,VAL-79
-51.7881,128.102,VAL-80
-136.01,162.178,ARG-81
-52.7574,161.54,ARG-82
-64.9065,166.745,CYS-83
-72.0401,-14.4781,PRO-84
-94.4969,12.3545,HIS-85
-140.609,7.50719,HIS-86
-73.3101,-12.0752,GLU-87
-146.949,-24.7579,ARG-88
-46.8394,152.826,CYS-89
-74.735,-5.09643,SER-90
-69.3789,-27.5635,ASP-91
-104.553,-16.1575,SER-92
-89.186,156.822,ASP-93
153.993,-132.531,GLY-94
-69.7453,-39.2636,LEU-95
-76.4313,145.128,ALA-96
-73.4831,144.416,PRO-97
-75.61,-19.611,PRO-98
-57.1617,-37.9012,GLN-99
-60.3586,137.493,HIS-100
-101.034,-28.4955,LEU-101
-63.4364,130.694,ILE-102
-150.411,157.3,ARG-103
-130.582,163.472,VAL-104
-147.019,-164.115,GLU-105
79.3255,-62.2139,GLY-106
-59.6074,151.664,ASN-107
-70.9986,-45.4074,LEU-108
-102.874,121.561,ARG-109
-152.039,133.515,VAL-110
-155.948,144.605,GLU-111
-97.1517,121.141,TYR-112
-117.626,162.299,LEU-113
-72.4808,111.699,ASP-114
-73.4583,108.832,ASP-115
-46.9305,-40.1381,ARG-116
-87.3844,-27.6591,ASN-117
-108.986,-28.7546,THR-118
74.4919,14.11,PHE-119
-75.3244,116.759,ARG-120
-69.0268,120.295,HIS-121
-153.346,148.27,SER-122
-68.8386,136.507,VAL-123
-121.553,146.382,VAL-124
-129.566,164.376,VAL-125
-94.4795,138.776,PRO-126
-74.5001,150.454,TYR-127
-146.787,129.277,GLU-128
-60.7553,161.126,PRO-129
-64.2859,116.672,PRO-130
-66.0626,163.297,GLU-131
-63.2609,143.273,VAL-132
65.8575,20.2664,GLY-133
-140.672,175.084,SER-134
-133.192,-14.0741,ASP-135
-143.064,173.009,CYS-136
-100.848,150.817,THR-137
-146.375,136.274,THR-138
-117.344,126.852,ILE-139
-109.691,86.029,HIS-140
-59.6737,156.048,TYR-141
-150.496,147.198,ASN-142
-140.256,140.378,TYR-143
-131.58,110.427,MET-144
-155.008,140.741,CYS-145
-79.463,123.855,ASN-146
-80.0361,3.54506,SER-147
-88.6815,-22.3024,SER-148
-65.4356,139.705,CYS-149
-63.652,-28.2011,MET-150
69.8022,-142.375,GLY-151
-81.1485,150.924,GLY-152
-60.8197,-28.1255,ILE-153
-134.026,103.492,ASN-154
-59.2807,138.133,ARG-155
-170.759,147.188,ARG-156
-75.0965,137.82,PRO-157
-98.8198,154.727,ILE-158
-143.543,126.421,LEU-159
-97.0579,145.13,THR-160
-118.375,129.194,ILE-161
-121.6,135.71,ILE-162
-138.659,150.705,THR-163
-107.503,140.683,LEU-164
-146.309,162.199,GLU-165
-76.7745,174.714,ASP-166
-68.451,-21.9468,SER-167
-76.3018,-11.7174,SER-168
89.7866,2.70392,GLY-169
-64.3901,124.155,ASN-170
-64.2916,135.487,LEU-171
-121.268,-32.8608,LEU-172
-162.081,145.708,GLY-173
-156.116,144.327,ARG-174
-138.588,139.034,ASN-175
-137.378,138.979,SER-176
-150.908,147.578,PHE-177
-56.6373,143.46,GLU-178
-120.902,147.658,VAL-179
-146.655,110.07,ARG-180
-76.4432,130.522,VAL-181
-126.404,153.357,CYS-182
-70.8918,-49.3824,ALA-183
-126.08,75.6704,CYS-184
-60.09,-24.9196,PRO-185
-67.7638,-42.9508,GLY-186
-74.8285,-34.5325,ARG-187
-61.1633,-51.0591,ASP-188
-39.4043,-63.0418,ARG-189
-54.5754,-38.8576,ARG-190
-62.6339,-54.8498,THR-191
-77.049,-37.3575,GLU-192
-71.3924,0.67545,GLU-193
-69.0832,-29.3578,GLU-194
-91.1581,49.6798,ASN-195
-142.613,149.654,LEU-196
-79.6748,-20.7895,ARG-197
-67.0113,142.604,LYS-198
-77.7012,134.716,LYS-199
-76.2887,-174.732,GLY-200
-91.9857,145.466,GLU-201
-70.8927,154.587,PRO-202
-144.668,148.571,HIS-203
-74.1912,166.216,HIS-204
-78.6504,-31.5642,GLU-205
-70.4064,-39.3989,LEU-206
-56.8897,147.207,PRO-207
-72.253,-179.695,PRO-208
-80.3413,-155.687,GLY-209
-166.1,-149.496,SER-210
-116.951,164.015,THR-211
-95.0269,152.003,LYS-212
85.181,144.66,ARG-213
-66.8486,148.46,ALA-214
-78.1637,-26.3834,LEU-215
-73.0283,159.064,PRO-216
-83.4401,19.6839,ASN-217
-47.7075,118.479,ASN-218
-109.628,15.2173,SER-2
-42.0478,158.487,SER-3
-73.3189,134.02,VAL-4
-78.2466,137.359,PRO-5
-88.6343,163.242,SER-6
-106.138,-8.06448,GLN-7
-48.7549,113.708,LYS-8
-70.5628,127.023,THR-9
-155.807,159.239,TYR-10
-81.2918,-13.8554,GLN-11
70.5812,-152.255,GLY-12
-96.2588,-9.78949,SER-13
-102.367,-10.6027,TYR-14
69.7635,43.7961,GLY-15
-58.2667,122.414,PHE-16
-162.46,160.514,ARG-17
-113.249,160.471,LEU-18
-133.152,147.726,GLY-19
-117.027,150.624,PHE-20
-79.1151,152.883,LEU-21
-168.025,105.864,HIS-22
-108.119,19.2754,SER-23
125.729,-146.27,GLY-24
-134.256,4.23045,THR-25
-68.1616,161.822,ALA-26
-69.5466,-29.0079,LYS-27
-53.2889,-23.3171,SER-28
-54.4325,122.814,VAL-29
-87.2289,-29.1369,THR-30
-156.496,162.433,CYS-31
-168.746,143.034,THR-32
-119.861,120.371,TYR-33
-91.4148,104.545,SER-34
-55.9713,-51.8597,PRO-35
-66.6454,-11.6798,ALA-36
-106.974,-9.56581,LEU-37
51.15,42.0654,ASN-38
-128.22,143.602,LYS-39
-121.648,124.551,MET-40
-99.6841,117.874,PHE-41
-114.503,158.349,CYS-42
-91.4273,142.39,GLN-43
-56.19,116.487,LEU-44
67.8764,-6.93402,ALA-45
-66.9661,130.923,LYS-46
-67.3781,122.295,THR-47
-100.806,96.1548,CYS-48
-87.102,125.835,PRO-49
-115.551,140.537,VAL-50
-97.0282,153.465,GLN-51
-136.511,146.575,LEU-52
-127.495,151.453,TRP-53
-132.168,94.4374,VAL-54
-64.2126,-35.5225,ASP-55
-75.6068,-12.4009,SER-56
72.479,123.174,THR-57
-66.493,164.55,PRO-58
-59.8454,162.412,PRO-59
-58.4609,155.932,PRO-60
80.4216,-4.24861,GLY-61
-55.4509,138.812,THR-62
-124.456,145.217,ARG-63
-99.97,129.301,VAL-64
-105.311,153.38,ARG-65
-147.226,155.861,ALA-66
-170.225,175.974,MET-67
-158.953,117.675,ALA-68
-96.5397,148.937,ILE-69
-108.409,138.094,TYR-70
-116.419,140.99,LYS-71
-109.064,172.798,GLN-72
-68.2425,-18.245,SER-73
-111.839,15.7023,GLN-74
-161.059,115.27,HIS-75
-104.809,-0.637895,MET-76
-95.7784,49.4714,THR-77
-124.829,163.914,GLU-78
-113.512,135.908,VAL-79
-50.1712,127.791,VAL-80
-137.189,146.66,ARG-81
-47.7606,146.12,ARG-82
-34.9308,154.531,CYS-83
-63.6868,-24.4155,PRO-84
-74.0658,-13.1212,HIS-85
-127.397,2.32134,HIS-86
-82.4237,-11.7242,GLU-87
-136.053,-21.0845,ARG-88
-74.3637,169.961,CYS-89
-89.059,-13.8043,SER-90
-69.4459,-17.5793,ASP-91
-107.037,-9.06575,SER-92
-100.758,145.215,ASP-93
157.698,-142.65,GLY-94
-61.1607,-32.6737,LEU-95
-79.8774,133.39,ALA-96
-67.8554,146.264,PRO-97
-64.3956,-19.5031,PRO-98
-59.1068,-55.0427,GLN-99
-60.8169,127.429,HIS-100
-80.6845,-19.5247,LEU-101
-84.2657,125.213,ILE-102
-134.43,157.168,ARG-103
-146.545,133.868,VAL-104
-129.445,167.997,GLU-105
82.0349,-16.8572,GLY-106
-86.4564,144.986,ASN-107
-96.5965,-40.2354,LEU-108
-79.0857,31.1433,ARG-109
-84.7448,136.035,VAL-110
-155.282,153.744,GLU-111
-92.605,135.064,TYR-112
-132.782,148.659,LEU-113
-59.2448,125.894,ASP-114
-75.0473,128.942,ASP-115
-54.6991,-34.5898,ARG-116
-85.3672,-17.2937,ASN-117
-120.18,-21.9506,THR-118
67.9165,-2.79019,PHE-119
-78.8501,116.26,ARG-120
-79.8227,112.315,HIS-121
-156.972,142.569,SER-122
-73.3255,142.057,VAL-123
-124.929,150.351,VAL-124
-134.618,144.452,VAL-125
-77.7578,142.233,PRO-126
-62.4668,145.9,TYR-127
-141.237,122.407,GLU-128
-71.9302,156.705,PRO-129
-60.3098,125.059,PRO-130
-64.3936,156.966,GLU-131
-50.4062,119.496,VAL-132
104.962,-22.6832,GLY-133
-101.888,-162.95,SER-134
-156.37,-34.359,ASP-135
-126.429,159.926,CYS-136
-97.1071,153.243,THR-137
-127.389,129.356,THR-138
-100.577,119.498,ILE-139
-93.4797,101.175,HIS-140
-95.0983,163.276,TYR-141
-158.136,160.857,ASN-142
-150.61,143.449,TYR-143
-147.966,115.224,MET-144
-150.145,158.185,CYS-145
-101.234,128.242,ASN-146
-70.0178,0.759016,SER-147
-83.6651,-7.26645,SER-148
-75.7501,145.648,CYS-149
-64.4393,-34.8095,MET-150
76.9211,-164.406,GLY-151
-78.4706,146.501,GLY-152
-57.5137,-25.4273,ILE-153
-130.06,96.4592,ASN-154
-62.7008,140.476,ARG-155
-155.536,160.748,ARG-156
-79.9517,150.307,PRO-157
-124.769,161.222,ILE-158
-147.38,131.625,LEU-159
-95.1216,158.834,THR-160
-132.668,121.161,ILE-161
-123.364,128.848,ILE-162
-138.727,154.984,THR-163
-113.181,127.325,LEU-164
-131.839,143.648,GLU-165
-64.4334,152.844,ASP-166
-65.5819,-12.347,SER-167
-73.5407,-25.9285,SER-168
105.498,50.1497,GLY-169
-134.404,140.754,ASN-170
-71.5061,134.185,LEU-171
-102.271,-29.1363,LEU-172
179.683,167.706,GLY-173
-150.082,131.809,ARG-174
-129.285,157.77,ASN-175
-150.54,143.988,SER-176
-157.209,160.122,PHE-177
-79.7056,131.726,GLU-178
-99.884,149.584,VAL-179
-149.323,138.319,ARG-180
-100.46,140.438,VAL-181
-144.498,150.877,CYS-182
-65.6268,-33.5663,ALA-183
-145.993,76.8723,CYS-184
-56.3974,-38.9687,PRO-185
-66.6492,-14.8164,GLY-186
-84.6643,-39.0907,ARG-187
-73.0608,-35.505,ASP-188
-48.6572,-69.4499,ARG-189
-50.5723,-41.0329,ARG-190
-62.0811,-66.5753,THR-191
-61.0404,-34.3031,GLU-192
-69.1353,-16.3699,GLU-193
-68.1868,-10.5657,GLU-194
-99.9231,32.5582,ASN-195
-125.169,166.165,LEU-196
-76.6176,-52.9056,ARG-197
-46.5847,141.412,LYS-198
-103.478,116.101,LYS-199
-67.4997,178.368,GLY-200
-74.7356,158.259,GLU-201
-74.3361,157.75,PRO-202
-136.772,158.261,HIS-203
-55.3447,157.575,HIS-204
-73.3624,-41.3668,GLU-205
-58.3174,-46.8793,LEU-206
-71.7186,153.217,PRO-207
-75.1446,-171.837,PRO-208
-84.1275,-149.311,GLY-209
-168.506,-160.691,SER-210
-94.095,152.718,THR-211
-102.7,155.266,LYS-212
75.9124,134.365,ARG-213
-57.2012,159.15,ALA-214
-81.0432,-33.1459,LEU-215
-53.2741,159.373,PRO-216
-78.4822,3.67202,ASN-217
-46.051,120.292,ASN-218
-124.492,44.4078,SER-2
-62.9031,157.271,SER-3
-71.7689,135.236,VAL-4
-78.4031,140.081,PRO-5
-111.386,137.861,SER-6
-82.1936,-1.03669,GLN-7
-55.9147,98.6022,LYS-8
-53.0318,127.701,THR-9
-169.691,142.436,TYR-10
-76.5442,-31.3082,GLN-11
72.8096,-154.942,GLY-12
-73.0006,-42.1622,SER-13
-76.7874,-21.9139,TYR-14
86.5794,48.1498,GLY-15
-61.0471,117.086,PHE-16
-150.224,158.786,ARG-17
-121.69,175.656,LEU-18
-152.457,114.715,GLY-19
-91.185,155.799,PHE-20
-79.5772,130.094,LEU-21
-136.063,155.474,HIS-22
-163.528,-29.0074,SER-23
-169.544,-160.044,GLY-24
-132.637,-5.39165,THR-25
-50.6358,151.009,ALA-26
-46.7707,-33.5201,LYS-27
-77.321,-10.6584,SER-28
-60.2754,112.723,VAL-29
-73.5259,-37.3496,THR-30
-154.019,166.467,CYS-31
-170.552,128.928,THR-32
-115.346,133.205,TYR-33
-97.2415,108.042,SER-34
-69.4273,-39.6682,PRO-35
-76.4003,-2.72547,ALA-36
-105.643,-12.4997,LEU-37
37.5609,68.0334,ASN-38
-147.256,130.466,LYS-39
-104.151,138.252,MET-40
-110.112,114.904,PHE-41
-103.624,155.848,CYS-42
-93.4488,132.602,GLN-43
-54.6442,133.308,LEU-44
76.4537,-6.89019,ALA-45
-76.6775,135.882,LYS-46
-72.5477,128.992,THR-47
-133.537,67.6947,CYS-48
-69.8753,147.466,PRO-49
-124.299,131.968,VAL-50
-80.8182,143.764,GLN-51
-128.267,131.165,LEU-52
-113.613,154.741,TRP-53
-150.675,91.527,VAL-54
-68.5385,-40.4077,ASP-55
-79.5606,-6.40977,SER-56
84.607,154.084,THR-57
-96.1248,163.649,PRO-58
-56.585,155.09,PRO-59
-65.1074,152.912,PRO-60
79.7421,-0.640444,GLY-61
-67.029,150.155,THR-62
-124.048,148.968,ARG-63
-107.185,136.752,VAL-64
-135.839,146.294,ARG-65
-133.144,146.869,ALA-66
-162.002,168.802,MET-67
-148.867,125.696,ALA-68
-93.9475,138.091,ILE-69
-81.8595,130.576,TYR-70
-114.46,157.8,LYS-71
-139.651,-173.603,GLN-72
-75.5774,-15.615,SER-73
-130.07,10.3153,GLN-74
-147.814,147.47,HIS-75
-125.183,-37.7007,MET-76
-80.1751,62.952,THR-77
-148.526,149.471,GLU-78
-110.337,157.229,VAL-79
-72.3055,124.987,VAL-80
-139.7,141.349,ARG-81
-50.4753,161.963,ARG-82
-52.6442,159.093,CYS-83
-53.3178,-34.1922,PRO-84
-74.6832,-4.19988,HIS-85
-129.33,-24.8812,HIS-86
-61.7658,-4.41199,GLU-87
-140.959,-11.5822,ARG-88
-84.5982,177.269,CYS-89
-89.3893,-2.14917,SER-90
-70.6461,-13.7025,ASP-91
-129.118,-16.5085,SER-92
-95.7166,134.719,ASP-93
-178.619,-136.987,GLY-94
-59.3745,-38.1184,LEU-95
-81.6488,130.535,ALA-96
-62.7517,156.878,PRO-97
-78.2112,-21.5696,PRO-98
-64.7622,-51.3878,GLN-99
-56.2663,130.809,HIS-100
-82.1735,-37.7978,LEU-101
-67.9884,121.585,ILE-102
-145.352,175.481,ARG-103
-160.798,157.788,VAL-104
-146.315,-170.812,GLU-105
101.657,-64.4537,GLY-106
-56.1995,142.515,ASN-107
-71.1092,-18.0847,LEU-108
-125.472,68.4154,ARG-109
-106.673,150.758,VAL-110
172.739,132.035,GLU-111
-96.726,134.067,TYR-112
-125.342,162.669,LEU-113
-64.1789,133.919,ASP-114
-79.5452,122.976,ASP-115
-66.0019,-30.6241,ARG-116
-69.4245,-35.4474,ASN-117
-128.123,-15.7469,THR-118
65.9019,3.07019,PHE-119
-69.6619,105.517,ARG-120
-56.5876,129.195,HIS-121
-176.59,152.515,SER-122
-66.2675,139.428,VAL-123
-136.478,153.282,VAL-124
-151.362,147.111,VAL-125
-55.4169,142.364,PRO-126
-68.4591,144.93,TYR-127
-145.383,127.416,GLU-128
-67.2476,160.122,PRO-129
-69.3848,129.876,PRO-130
-65.3555,168.879,GLU-131
-62.3056,124.981,VAL-132
103.125,-1.70327,GLY-133
-126.57,-172.344,SER-134
-153.629,-29.4003,ASP-135
-127.203,164.679,CYS-136
-97.7755,147.627,THR-137
-116.06,138.846,THR-138
-112.568,121.442,ILE-139
-89.7114,63.5343,HIS-140
-59.2553,168.643,TYR-141
-163.19,158.261,ASN-142
-138.857,154.667,TYR-143
-162.147,89.47,MET-144
-129.069,136.973,CYS-145
-73.2966,123.857,ASN-146
-83.0223,6.90068,SER-147
-102.469,15.0263,SER-148
-85.6847,152.57,CYS-149
-53.1838,-27.764,MET-150
80.6222,-162.117,GLY-151
-77.323,159.16,GLY-152
-38.6958,-45.6832,ILE-153
-131.727,102.826,ASN-154
-70.7939,126.895,ARG-155
-151.642,159.911,ARG-156
-67.6735,176.351,PRO-157
-155.404,136.263,ILE-158
-118.925,147.72,LEU-159
-119.674,145.541,THR-160
-117.318,109.441,ILE-161
-96.9214,140.033,ILE-162
-155.708,157.196,THR-163
-112.682,139.309,LEU-164
-142.397,148.994,GLU-165
-58.4796,160.546,ASP-166
-52.3333,-16.7224,SER-167
-89.8474,-10.5021,SER-168
106.346,-19.284,GLY-169
-62.6511,123.615,ASN-170
-61.7776,117.76,LEU-171
-98.4347,-34.991,LEU-172
-161.362,170.066,GLY-173
-156.602,151.74,ARG-174
-155.661,137.818,ASN-175
-126.553,153.232,SER-176
-161.54,153.348,PHE-177
-86.6334,150.288,GLU-178
-132.664,155.44,VAL-179
-142.059,124.454,ARG-180
-74.2805,127.412,VAL-181
-130.829,171.854,CYS-182
-98.9795,-33.3419,ALA-183
-120.978,89.3965,CYS-184
-57.3211,-22.7317,PRO-185
-74.7003,-47.7704,GLY-186
-57.3682,-47.8318,ARG-187
-79.7065,-32.1162,ASP-188
-48.4162,-49.8461,ARG-189
-62.062,-38.7448,ARG-190
-62.4935,-54.3387,THR-191
-88.3789,-34.4313,GLU-192
-70.0008,-3.96081,GLU-193
-77.8215,-6.01311,GLU-194
-103.035,47.4223,ASN-195
-118.905,173.951,LEU-196
-80.372,-37.8032,ARG-197
-66.7832,125.119,LYS-198
-53.3278,148.015,LYS-199
-98.6954,174.318,GLY-200
-62.1989,140.36,GLU-201
-75.7527,168.383,PRO-202
-150.361,138.791,HIS-203
-65.762,153.457,HIS-204
-72.4485,-27.3095,GLU-205
-58.0774,-76.0926,LEU-206
-50.0069,149.706,PRO-207
-81.2878,176.112,PRO-208
-68.9617,-141.586,GLY-209
-157.621,-159.364,SER-210
-102.242,150.909,THR-211
-80.2358,177.997,LYS-212
69.2752,137.094,ARG-213
-78.4751,163.337,ALA-214
-85.7334,-26.3946,LEU-215
-72.9836,154.969,PRO-216
-76.6653,15.5564,ASN-217
-70.9813,127.108,ASN-218
-98.3353,30.9824,SER-2
-55.3838,144.965,SER-3
-62.2728,125.136,VAL-4
-61.5106,123.665,PRO-5
-55.6804,135.383,SER-6
-89.4018,-5.22634,GLN-7
-68.3719,128.818,LYS-8
-100.202,135.54,THR-9
-160.143,143.847,TYR-10
-89.9688,-19.244,GLN-11
69.5374,-156.658,GLY-12
-78.5278,-19.5503,SER-13
-106.76,-18.4382,TYR-14
106.695,30.1804,GLY-15
-62.5108,117.568,PHE-16
-160.578,148.878,ARG-17
-110.977,141.148,LEU-18
-108.325,147.392,GLY-19
-123.17,141.376,PHE-20
-59.2733,149.749,LEU-21
-169.935,122.331,HIS-22
-141.776,37.7361,SER-23
99.3294,-145.869,GLY-24
-146.165,14.0818,THR-25
-68.7081,168.594,ALA-26
-54.0517,-22.586,LYS-27
-93.9019,8.11521,SER-28
-69.0746,133.774,VAL-29
-92.1235,-54.3748,THR-30
-151.939,152.009,CYS-31
-150.159,134.548,THR-32
-117.914,142.26,TYR-33
-118.627,101.046,SER-34
-55.1372,-39.5093,PRO-35
-71.8928,1.04693,ALA-36
-127.607,0.657089,LEU-37
40.3961,42.3555,ASN-38
-133.597,138.402,LYS-39
-113.625,139.863,MET-40
-110.076,128.056,PHE-41
-118.846,131.096,CYS-42
-82.2141,133.381,GLN-43
-65.8351,137.586,LEU-44
73.4838,-11.2373,ALA-45
-76.732,146.821,LYS-46
-74.3162,123.811,THR-47
-109.991,92.0585,CYS-48
-67.794,145.951,PRO-49
-122.522,132.41,VAL-50
-106.366,133.594,GLN-51
-118.605,133.956,LEU-52
-112.757,151.728,TRP-53
-158.913,67.0326,VAL-54
-45.7662,-37.8775,ASP-55
-95.7231,-16.6156,SER-56
86.7451,135.161,THR-57
-89.983,174.411,PRO-58
-58.6951,152.005,PRO-59
-82.6668,151.376,PRO-60
77.6911,3.259,GLY-61
-69.8865,160.743,THR-62
-118.38,150.361,ARG-63
-96.6303,147.281,VAL-64
-133.586,153.945,ARG-65
-139.291,125.293,ALA-66
-135.74,155.917,MET-67
-151.86,98.083,ALA-68
-90.9748,153.119,ILE-69
-122.417,140.359,TYR-70
-116.18,156.652,LYS-71
-140.45,167.445,GLN-72
-67.5192,4.24057,SER-73
-153.041,12.4701,GLN-74
-157.485,144.138,HIS-75
-142.655,-0.557283,MET-76
-89.5904,12.5265,THR-77
-89.1863,157.702,GLU-78
-111.15,153.53,VAL-79
-58.8437,133.158,VAL-80
-157.252,155.606,ARG-81
-68.5557,169.681,ARG-82
-80.1019,166.053,CYS-83
-60.4977,-20.1376,PRO-84
-85.5192,-22.5203,HIS-85
-117.601,-5.85136,HIS-86
-84.2446,-2.41291,GLU-87
-121.026,-30.5054,ARG-88
-64.3494,169.824,CYS-89
-76.6299,-9.27021,SER-90
-83.9752,-18.2392,ASP-91
-104.187,-21.7749,SER-92
-78.0059,134.41,ASP-93
-171.443,-134.014,GLY-94
-51.3574,-55.5149,LEU-95
-76.1596,158.957,ALA-96
-68.8558,151.66,PRO-97
-75.5973,-16.2135,PRO-98
-81.2328,-36.615,GLN-99
-72.6966,112.881,HIS-100
-61.5398,-36.5693,LEU-101
-77.539,111.853,ILE-102
-136.512,162.239,ARG-103
-140.623,165.433,VAL-104
-152.167,-166.648,GLU-105
96.4766,-34.4155,GLY-106
-105.684,131.708,ASN-107
-70.7646,-22.5153,LEU-108
-100.821,133.319,ARG-109
-175.636,139.109,VAL-110
-175.14,169.374,GLU-111
-106.917,130.356,TYR-112
-123.143,151.925,LEU-113
-76.0315,122.411,ASP-114
-65.8993,108.167,ASP-115
-51.1995,-30.7793,ARG-116
-80.89,-15.425,ASN-117
-136.219,-7.05666,THR-118
58.3933,20.7248,PHE-119
-90.2073,102.529,ARG-120
-65.331,120.351,HIS-121
-155.468,151.667,SER-122
-66.8394,134.601,VAL-123
-123.561,151.126,VAL-124
-133.172,157.877,VAL-125
-78.9672,144.195,PRO-126
-68.9992,132.771,TYR-127
-124.836,120.87,GLU-128
-67.7633,135.273,PRO-129
-38.9977,139.374,PRO-130
-81.8185,166.128,GLU-131
-63.0872,145.964,VAL-132
80.7302,9.08849,GLY-133
-152.504,164.321,SER-134
-125.157,-4.62639,ASP-135
-131.858,173.981,CYS-136
-109.769,153.423,THR-137
-138.91,137.293,THR-138
-123.307,128.361,ILE-139
-97.4469,78.2801,HIS-140
-70.39,160.462,TYR-141
-156.887,162.928,ASN-142
-151.018,127.294,TYR-143
-136.768,118.135,MET-144
-165.232,112.906,CYS-145
-69.7558,129.33,ASN-146
-86.5558,-12.968,SER-147
-73.0161,0.377972,SER-148
-68.3129,152.562,CYS-149
-72.7141,-22.8197,MET-150
64.0421,-176.738,GLY-151
-60.9136,154.285,GLY-152
-57.052,-28.4291,ILE-153
-132.156,112.149,ASN-154
-62.5285,125.25,ARG-155
-149.097,159.054,ARG-156
-83.0169,176.616,PRO-157
-144.662,146.966,ILE-158
-126.606,143.863,LEU-159
-114.006,162.011,THR-160
-136.751,94.4347,ILE-161
-89.1358,134.329,ILE-162
-144.394,139.216,THR-163
-89.2311,138.045,LEU-164
-145.066,167.888,GLU-165
-74.8959,169.114,ASP-166
-64.6027,-26.2987,SER-167
-75.4197,-8.04971,SER-168
83.6787,-4.89413,GLY-169
-51.5775,129.082,ASN-170
-78.586,141.562,LEU-171
-126.332,-21.0615,LEU-172
-177.347,142.91,GLY-173
-135.623,155.601,ARG-174
-161.562,138.801,ASN-175
-146.425,143.99,SER-176
-152.235,142.076,PHE-177
-72.6671,154.08,GLU-178
-140.55,160.726,VAL-179
-145.929,126.612,ARG-180
-86.6239,134.374,VAL-181
-166.436,168.315,CYS-182
-68.207,-43.2743,ALA-183
-152.672,93.1723,CYS-184
-55.3004,-18.5575,PRO-185
-71.7911,-32.3983,GLY-186
-65.0641,-48.581,ARG-187
-56.947,-51.2619,ASP-188
-48.2545,-51.6022,ARG-189
-70.6923,-24.2238,ARG-190
-88.7453,-40.8178,THR-191
-84.4184,-40.3261,GLU-192
-70.2632,-13.1269,GLU-193
-59.9359,-18.5419,GLU-194
-81.9886,-14.755,ASN-195
-75.8973,154.285,LEU-196
-65.0248,-46.6334,ARG-197
-64.4497,135.555,LYS-198
-74.957,127.478,LYS-199
-89.2853,169.739,GLY-200
-73.4626,140.364,GLU-201
-76.6663,164.237,PRO-202
-141.289,141.64,HIS-203
-49.5019,137.333,HIS-204
-86.355,-31.1216,GLU-205
-51.3047,-41.0012,LEU-206
-75.0455,119.289,PRO-207
-66.1989,170.291,PRO-208
-71.8212,161.812,GLY-209
-100.872,-128.953,SER-210
-133.57,155.667,THR-211
-59.8844,137.465,LYS-212
78.9046,143.587,ARG-213
-78.1741,148.733,ALA-214
-73.3555,-23.6361,LEU-215
-49.7828,138.42,PRO-216
-73.782,11.9995,ASN-217
-56.3234,140.315,ASN-218
-136.988,135.645,SER-2
179.879,154.595,SER-3
-85.1457,134.153,VAL-4
-59.2298,128.24,PRO-5
-69.4349,162.261,SER-6
-114.883,-31.041,GLN-7
-42.7182,108.105,LYS-8
-46.3237,141.524,THR-9
-169.76,146.571,TYR-10
-96.6971,-27.0359,GLN-11
64.1615,-159.974,GLY-12
-67.9142,-4.39744,SER-13
-118.405,-23.6517,TYR-14
93.9209,13.8666,GLY-15
-49.6266,134.539,PHE-16
-170.07,152.3,ARG-17
-117.737,150.059,LEU-18
-126.545,109.796,GLY-19
-88.4023,158.509,PHE-20
-79.6219,131.692,LEU-21
-136.709,150.868,HIS-22
-166.703,-19.7479,SER-23
148.389,-168.626,GLY-24
-121.416,13.8917,THR-25
-70.0994,162.635,ALA-26
-64.0222,-22.7769,LYS-27
-80.2535,-10.7664,SER-28
-63.5228,124.133,VAL-29
-85.2964,-28.4775,THR-30
-160.23,169.215,CYS-31
-150.602,145.756,THR-32
-128.182,117.683,TYR-33
-94.6192,120.438,SER-34
-56.4553,-33.164,PRO-35
-71.0299,-40.6681,ALA-36
-82.076,-26.5499,LEU-37
51.5034,57.0395,ASN-38
-134.427,145.509,LYS-39
-112.04,148.905,MET-40
-118.567,108.099,PHE-41
-98.1975,136.944,CYS-42
-74.451,132.683,GLN-43
-59.0555,141.717,LEU-44
60.9438,1.50699,ALA-45
-91.5086,160.068,LYS-46
-82.7118,128.59,THR-47
-127.986,84.0969,CYS-48
-60.1167,129.426,PRO-49
-114.763,131.523,VAL-50
-88.858,151.788,GLN-51
-145.22,132.746,LEU-52
-125.442,137.922,TRP-53
-137.409,66.0507,VAL-54
-58.0772,-46.2249,ASP-55
-63.1038,-14.2173,SER-56
81.8812,127.551,THR-57
-81.8655,175.438,PRO-58
-62.2078,154.525,PRO-59
-50.3282,145.04,PRO-60
89.4703,9.59421,GLY-61
-80.064,166.796,THR-62
-136.28,155.075,ARG-63
-118.629,128.028,VAL-64
-106.582,143.193,ARG-65
-126.063,145.321,ALA-66
-157.993,168.864,MET-67
-161.02,137.091,ALA-68
-117.86,139.012,ILE-69
-110.32,120.891,TYR-70
-99.2159,154.319,LYS-71
-128.193,173.665,GLN-72
-56.532,-30.8842,SER-73
-111.573,-8.25345,GLN-74
-137.186,136.732,HIS-75
-145.731,7.03912,MET-76
-127.089,57.0465,THR-77
-142.361,167.182,GLU-78
-115.191,148.064,VAL-79
-51.806,120.731,VAL-80
-137.363,156.601,ARG-81
-66.424,162.496,ARG-82
-55.2765,158.71,CYS-83
-59.1816,-15.7857,PRO-84
-102.263,1.18749,HIS-85
-132.718,-7.63669,HIS-86
-76.4108,-2.06817,GLU-87
-151.894,-20.417,ARG-88
-65.7222,159.828,CYS-89
-71.9815,-15.6688,SER-90
-84.3347,-1.14555,ASP-91
-111.008,-42.2843,SER-92
-61.0494,159.378,ASP-93
175.405,-138.05,GLY-94
-58.6604,-49.9448,LEU-95
-83.2804,145.506,ALA-96
-58.3016,155.846,PRO-97
-79.7297,-7.96775,PRO-98
-72.4894,-41.1495,GLN-99
-82.9355,117.206,HIS-100
-63.9273,-37.2908,LEU-101
-70.0881,118.589,ILE-102
-141.695,164.791,ARG-103
-157.425,146.927,VAL-104
-154.005,-177.108,GLU-105
105.643,-29.8322,GLY-106
-113.579,123.943,ASN-107
-71.647,22.3438,LEU-108
-129.506,130.773,ARG-109
-167.694,136.521,VAL-110
-172.535,174.812,GLU-111
-96.9434,140.59,TYR-112
-134.644,161.936,LEU-113
-86.2921,119.213,ASP-114
-65.5789,134.92,ASP-115
-64.6285,-25.126,ARG-116
-105.02,-24.4839,ASN-117
-122.943,-8.11484,THR-118
78.4747,-4.64288,PHE-119
-67.5768,99.3839,ARG-120
-59.8747,111.23,HIS-121
-166.84,151.927,SER-122
-75.9306,145.169,VAL-123
-132.236,143.356,VAL-124
-116.628,147.516,VAL-125
-61.8743,141.883,PRO-126
-65.3892,103.254,TYR-127
-79.4733,110.227,GLU-128
-53.0531,162.82,PRO-129
-49.1157,132.778,PRO-130
-67.046,157.732,GLU-131
-48.2213,128.332,VAL-132
64.5995,8.09008,GLY-133
-91.9079,170.679,SER-134
-116.79,-36.9817,ASP-135
-135.297,168.602,CYS-136
-99.799,133.868,THR-137
-106.034,124.66,THR-138
-102.79,134.307,ILE-139
-110.807,89.4345,HIS-140
-74.7307,150.126,TYR-141
-150.281,146.884,ASN-142
-140.953,120.739,TYR-143
-129.066,113.456,MET-144
-164.22,120.768,CYS-145
-56.7822,131.341,ASN-146
-92.2258,-0.95903,SER-147
-96.6577,-4.60422,SER-148
-61.7639,144.05,CYS-149
-74.0703,-24.7119,MET-150
57.4178,-164.48,GLY-151
-77.0513,-173.214,GLY-152
-73.3766,-34.2694,ILE-153
-133.81,80.6753,ASN-154
-44.9885,123.833,ARG-155
-143.184,156.255,ARG-156
-80.2621,152.535,PRO-157
-127.79,148.221,ILE-158
-134.973,144.118,LEU-159
-110.671,129.048,THR-160
-99.8998,128.3,ILE-161
-118.809,122.139,ILE-162
-121.425,151.756,THR-163
-95.9334,136.894,LEU-164
-146.914,155.1,GLU-165
-78.8014,160.981,ASP-166
-49.6502,-32.9995,SER-167
-81.718,-9.58382,SER-168
94.4665,8.85289,GLY-169
-74.3541,123.107,ASN-170
-62.1584,131.811,LEU-171
-122.845,-23.6829,LEU-172
-170.605,167.016,GLY-173
-156.515,158.492,ARG-174
-158.223,134.343,ASN-175
-133.928,148.865,SER-176
-165.417,156.283,PHE-177
-84.8353,150.006,GLU-178
-126.707,145.182,VAL-179
-128.311,131.817,ARG-180
-113.685,131.155,VAL-181
-163.704,172.282,CYS-182
-72.4836,-72.7734,ALA-183
-94.2379,92.9129,CYS-184
-72.8298,-29.6661,PRO-185
-49.1413,-38.7803,GLY-186
-82.0549,-48.6063,ARG-187
-61.0965,-26.1865,ASP-188
-78.9115,-51.7373,ARG-189
-59.5042,-31.7081,ARG-190
-62.8405,-53.2644,THR-191
-83.8821,-31.043,GLU-192
-66.4933,-17.8335,GLU-193
-64.1582,-27.0889,GLU-194
-68.8444,-0.428697,ASN-195
-82.0669,156.967,LEU-196
-72.6591,-27.3907,ARG-197
-64.7783,147.913,LYS-198
-84.27,124.599,LYS-199
-67.6079,-166.651,GLY-200
-91.8334,135.394,GLU-201
-73.2114,163.254,PRO-202
-150.59,156.081,HIS-203
-60.5969,134.086,HIS-204
-84.3846,-5.45932,GLU-205
-67.3372,-49.9944,LEU-206
-69.5678,142.576,PRO-207
-78.0671,176.905,PRO-208
-71.3652,163.768,GLY-209
-95.1332,-124.243,SER-210
-119.967,138.219,THR-211
-58.7752,153.806,LYS-212
73.2281,148.074,ARG-213
-70.8494,157.616,ALA-214
-64.8023,-46.6828,LEU-215
-55.8024,155.598,PRO-216
-83.2039,14.1332,ASN-217
-45.7155,111.366,ASN-218
-97.9615,140.139,SER-2
-173.605,166.895,SER-3
-89.4616,135.923,VAL-4
-82.5239,126.818,PRO-5
-64.0042,141.65,SER-6
-103.39,0.0495358,GLN-7
-63.3853,122.288,LYS-8
-82.3306,134.328,THR-9
-166.559,141.735,TYR-10
-78.5976,-33.4363,GLN-11
89.8549,178.873,GLY-12
-57.5234,-9.27356,SER-13
-116.916,-15.3657,TYR-14
100.448,6.31484,GLY-15
-55.6431,118.749,PHE-16
-142.691,157.493,ARG-17
-120.958,163.446,LEU-18
-148.941,124.878,GLY-19
-107.785,154.642,PHE-20
-68.2169,148.416,LEU-21
-170.048,89.7064,HIS-22
-91.4057,-2.00122,SER-23
129.945,-142.548,GLY-24
-149.548,-3.83533,THR-25
-56.497,163.838,ALA-26
-60.004,-26.2961,LYS-27
-69.9264,-16.8664,SER-28
-62.1371,138.81,VAL-29
-93.3582,-27.57,THR-30
-169.818,161.68,CYS-31
-155.975,127.986,THR-32
-119.987,139.195,TYR-33
-116.919,93.0417,SER-34
-60.6181,-29.1438,PRO-35
-69.1347,-22.608,ALA-36
-97.7558,-20.223,LEU-37
55.2466,44.9651,ASN-38
-135.161,134.406,LYS-39
-121.358,101.314,MET-40
-77.9141,102.284,PHE-41
-90.2325,129.589,CYS-42
-88.5663,126.313,GLN-43
-59.8241,133.298,LEU-44
63.6567,-13.1944,ALA-45
-64.7964,164.754,LYS-46
-84.9624,138.096,THR-47
-119.972,107.601,CYS-48
-83.6316,132.546,PRO-49
-117.451,121.795,VAL-50
-82.4638,152.702,GLN-51
-144.041,117.624,LEU-52
-111.725,148.175,TRP-53
-138.085,90.3086,VAL-54
-63.6916,-48.1969,ASP-55
-86.6238,12.6395,SER-56
45.57,155.019,THR-57
-87.302,178.984,PRO-58
-55.7098,156.649,PRO-59
-70.6993,160.274,PRO-60
81.1665,16.1363,GLY-61
-86.6187,159.891,THR-62
-140.579,151.311,ARG-63
-107.443,137.173,VAL-64
-132.645,145.733,ARG-65
-130.658,139.443,ALA-66
-158.417,174.248,MET-67
-171.038,113.822,ALA-68
-128.04,134.877,ILE-69
-93.7389,104.079,TYR-70
-83.6763,144.065,LYS-71
-124.426,176.982,GLN-72
-61.6227,-15.3703,SER-73
-137.956,-3.52936,GLN-74
-138.998,138.462,HIS-75
-124.938,-33.0914,MET-76
-77.7767,68.0596,THR-77
-138.805,149.515,GLU-78
-91.2685,136.467,VAL-79
-58.8645,119.183,VAL-80
-137.412,148.428,ARG-81
-54.014,158.443,ARG-82
-46.2814,151.115,CYS-83
-58.6082,-18.5848,PRO-84
-99.3459,-1.29146,HIS-85
-126.061,4.42542,HIS-86
-87.6166,-11.7498,GLU-87
-128.682,-18.3045,ARG-88
-81.5999,161.52,CYS-89
-53.3045,-31.1661,SER-90
-75.941,-5.62638,ASP-91
-121.209,-0.769971,SER-92
-114.084,118.135,ASP-93
-157.653,-138.396,GLY-94
-54.6669,-45.9184,LEU-95
-83.4699,142.969,ALA-96
-61.5454,138.393,PRO-97
-54.0124,-22.9034,PRO-98
-73.0656,-43.8394,GLN-99
-49.1578,122.533,HIS-100
-68.7443,-26.6148,LEU-101
-76.2983,107.869,ILE-102
-129.109,157.974,ARG-103
-164.671,160.275,VAL-104
-157.28,179.346,GLU-105
96.8871,-25.3605,GLY-106
-100.828,129.441,ASN-107
-68.6108,-37.0757,LEU-108
-92.3421,122.01,ARG-109
-167.193,130.942,VAL-110
-156.934,151.662,GLU-111
-84.6838,146.122,TYR-112
-152.937,151.133,LEU-113
-71.5656,125.308,ASP-114
-53.8484,120.281,ASP-115
-65.3349,-15.7601,ARG-116
-101.878,-34.6566,ASN-117
-118.758,-19.1532,THR-118
82.9219,-1.82658,PHE-119
-55.7439,119.514,ARG-120
-81.0334,92.35,HIS-121
-138.938,156.141,SER-122
-72.8307,117.25,VAL-123
-104.821,132.96,VAL-124
-122.488,149.564,VAL-125
-73.8404,147.352,PRO-126
-62.7098,133.75,TYR-127
-114.79,107.499,GLU-128
-60.5626,148.277,PRO-129
-64.03,143.555,PRO-130
-81.9648,165.781,GLU-131
-62.3194,134.92,VAL-132
82.9589,1.65895,GLY-133
-101.635,155.905,SER-134
-85.8829,-40.1946,ASP-135
-167.712,178.666,CYS-136
-86.774,173.729,THR-137
-148.878,153.276,THR-138
-135.18,137.169,ILE-139
-113.321,77.1553,HIS-140
-70.9766,-175.146,TYR-141
-177.278,145.288,ASN-142
-144.026,123.815,TYR-143
-130.033,112.477,MET-144
-150.641,113.376,CYS-145
-48.5707,119.904,ASN-146
-60.6577,-20.4341,SER-147
-90.0488,10.7401,SER-148
-59.7597,151.647,CYS-149
-92.6675,-18.4984,MET-150
75.7716,-161.96,GLY-151
-77.8328,174.114,GLY-152
-69.5636,-29.0128,ILE-153
-133.853,105.958,ASN-154
-69.249,128.18,ARG-155
-146.031,158.872,ARG-156
-57.7196,161.714,PRO-157
-130.451,144.155,ILE-158
-130.921,127.539,LEU-159
-90.4817,145.878,THR-160
-123.006,120.769,ILE-161
-114.868,126.334,ILE-162
-132.946,147.993,THR-163
-101.672,125.906,LEU-164
-134.503,164.857,GLU-165
-63.8269,161.717,ASP-166
-54.4204,-31.8568,SER-167
-76.4557,1.05325,SER-168
79.8524,5.37339,GLY-169
-71.741,134.776,ASN-170
-87.5429,137.531,LEU-171
-112.88,-53.2975,LEU-172
-152.559,158.353,GLY-173
-151.941,146.691,ARG-174
-163.859,138.333,ASN-175
-135.223,160.414,SER-176
-158.236,155.243,PHE-177
-83.2886,130.367,GLU-178
-104.613,144.282,VAL-179
-138.732,109.35,ARG-180
-79.4994,125.831,VAL-181
-151.449,178.114,CYS-182
-95.5032,-48.4228,ALA-183
-117.704,68.9287,CYS-184
-46.1105,-28.328,PRO-185
-68.0197,-43.9747,GLY-186
-70.507,-47.2003,ARG-187
-64.2488,-32.2391,ASP-188
-66.5749,-45.8386,ARG-189
-66.0046,-56.4937,ARG-190
-36.6023,-49.3925,THR-191
-85.0605,-53.4708,GLU-192
-60.3395,-13.2154,GLU-193
-58.2144,-19.5576,GLU-194
-97.7935,36.1708,ASN-195
-123.486,166.196,LEU-196
-58.3663,-63.6903,ARG-197
-60.9238,147.172,LYS-198
-65.9552,127.35,LYS-199
-64.8969,145.951,GLY-200
-61.628,157.512,GLU-201
-58.2102,160.792,PRO-202
-164.643,159.229,HIS-203
-66.1183,140.132,HIS-204
-77.7241,-20.7475,GLU-205
-97.0531,-37.0076,LEU-206
-60.0773,148.015,PRO-207
-73.207,161.018,PRO-208
-76.8477,-154.081,GLY-209
-159.623,-169.367,SER-210
-100.846,174.55,THR-211
-101.613,143.936,LYS-212
68.7799,162.121,ARG-213
-49.5526,163.571,ALA-214
-66.1213,-42.5607,LEU-215
-63.8565,160.862,PRO-216
-69.5165,-2.15537,ASN-217
-42.8586,133.338,ASN-218
-66.5059,142.791,SER-2
-178.82,151.808,SER-3
-67.7294,130.828,VAL-4
-65.7865,130.895,PRO-5
-103.438,153.269,SER-6
-104.508,-29.1649,GLN-7
-42.6142,127.539,LYS-8
-79.8237,144.35,THR-9
-160.636,147.198,TYR-10
-80.1974,-43.1184,GLN-11
78.2723,-148.623,GLY-12
-47.5439,-45.0439,SER-13
-113.986,-19.6845,TYR-14
106.828,10.2228,GLY-15
-43.8081,117.177,PHE-16
-162.999,139.628,ARG-17
-106.513,146.018,LEU-18
-131.604,137.012,GLY-19
-120.965,133.07,PHE-20
-62.9866,139.011,LEU-21
-143.71,106.925,HIS-22
-102.851,-19.753,SER-23
156.924,-146.794,GLY-24
-149.483,1.85718,THR-25
-49.9731,151.732,ALA-26
-61.8039,-10.5494,LYS-27
-68.7265,-16.3139,SER-28
-61.1545,117.121,VAL-29
-58.95,-48.8499,THR-30
-165.071,143.681,CYS-31
-139.208,144.793,THR-32
-110.188,120.51,TYR-33
-85.4584,103.831,SER-34
-66.7984,-28.2329,PRO-35
-88.6856,7.23366,ALA-36
-126.638,-6.4591,LEU-37
47.4169,50.3851,ASN-38
-139.758,134.287,LYS-39
-109.38,126.925,MET-40
-87.5679,123.916,PHE-41
-121.236,137.62,CYS-42
-80.2296,136.834,GLN-43
-68.7857,137.556,LEU-44
86.2001,-48.0074,ALA-45
-54.996,142.45,LYS-46
-53.0745,129.642,THR-47
-113.993,99.0539,CYS-48
-80.6959,143.522,PRO-49
-120.603,143.048,VAL-50
-106.148,147.041,GLN-51
-128.912,131.081,LEU-52
-106.385,134.843,TRP-53
-142.935,88.7571,VAL-54
-84.0412,-15.4847,ASP-55
-86.3388,-9.30323,SER-56
72.5481,151.191,THR-57
-103.089,163.421,PRO-58
-55.7291,162.09,PRO-59
-69.3168,159.652,PRO-60
79.1742,-7.58528,GLY-61
-62.1661,158.358,THR-62
-145.692,143.311,ARG-63
-101.458,147.694,VAL-64
-130.949,155.751,ARG-65
-135.778,136.06,ALA-66
-147.963,174.834,MET-67
-165.924,133.959,ALA-68
-106.053,144.181,ILE-69
-107.929,114.58,TYR-70
-88.288,149.173,LYS-71
-125.446,178.401,GLN-72
-62.3726,3.67983,SER-73
-145.025,12.0396,GLN-74
-164.89,130.646,HIS-75
-143.115,-8.15682,MET-76
-81.2797,56.9337,THR-77
-159.587,163.706,GLU-78
-135.232,144.593,VAL-79
-60.6885,122.026,VAL-80
-139.853,152.051,ARG-81
-57.6029,151.955,ARG-82
-63.4699,156.779,CYS-83
-51.3487,-42.1578,PRO-84
-62.4306,-12.5717,HIS-85
-124.765,2.84915,HIS-86
-91.3853,-17.487,GLU-87
-134.296,-13.6772,ARG-88
-65.5546,154.524,CYS-89
-67.8039,-18.9534,SER-90
-75.4117,-23.5901,ASP-91
-96.4662,-15.8226,SER-92
-94.4798,155.053,ASP-93
167.066,-151.52,GLY-94
-42.7635,-46.9797,LEU-95
-83.2806,132.775,ALA-96
-69.2224,156.051,PRO-97
-81.4977,-2.39785,PRO-98
-84.0035,-37.7418,GLN-99
-57.7534,105.024,HIS-100
-55.1142,-38.9392,LEU-101
-74.6905,124.426,ILE-102
-146.445,150.54,ARG-103
-160.349,153.602,VAL-104
-148.43,-153.709,GLU-105
73.1432,-4.08832,GLY-106
-110.569,158.227,ASN-107
-75.9314,-50.5176,LEU-108
-77.274,140.492,ARG-109
-179.006,146.018,VAL-110
171.027,135.124,GLU-111
-94.053,133.408,TYR-112
-130.47,161.758,LEU-113
-73.1374,130.076,ASP-114
-59.1949,135.39,ASP-115
-68.4491,-39.1293,ARG-116
-80.7433,-22.3556,ASN-117
-126.861,-19.8073,THR-118
69.3235,17.3492,PHE-119
-95.5304,112.881,ARG-120
-78.4495,114.468,HIS-121
-152.944,158.483,SER-122
-63.5811,143.495,VAL-123
-125.654,128.017,VAL-124
-139.176,148.259,VAL-125
-68.9495,164.127,PRO-126
-80.8441,118.294,TYR-127
-95.0732,124.542,GLU-128
-68.5276,158.142,PRO-129
-59.421,141.256,PRO-130
-100.884,166.893,GLU-131
-58.3881,131.058,VAL-132
94.4322,4.62653,GLY-133
-136.821,142.196,SER-134
-97.3396,-14.5129,ASP-135
-165.177,162.501,CYS-136
-86.9719,131.732,THR-137
-87.2956,150.218,THR-138
-127.36,143.241,ILE-139
-113.375,62.9361,HIS-140
-61.6264,170.348,TYR-141
-167.594,162.012,ASN-142
-143.828,146.548,TYR-143
-141.298,121.399,MET-144
-139.987,125.599,CYS-145
-45.6725,125.978,ASN-146
-79.6179,-18.0281,SER-147
-78.5464,7.08024,SER-148
-76.316,135.871,CYS-149
-76.3914,-17.1145,MET-150
82.127,178.993,GLY-151
-59.1418,164.737,GLY-152
-63.293,-10.7484,ILE-153
-148.542,118.528,ASN-154
-65.7606,119.152,ARG-155
-130.95,156.192,ARG-156
-69.8768,158.888,PRO-157
-139.758,158.567,ILE-158
-161.598,115.07,LEU-159
-90.9805,148.462,THR-160
-119.827,121.893,ILE-161
-111.716,127.103,ILE-162
-123.003,147.577,THR-163
-96.6994,135.456,LEU-164
-138.133,147.177,GLU-165
-49.0567,160.881,ASP-166
-54.4485,-36.6282,SER-167
-74.7832,-9.26115,SER-168
97.6561,9.97918,GLY-169
-89.7996,131.31,ASN-170
-68.011,130.734,LEU-171
-120.057,-42.3972,LEU-172
-154.864,157.298,GLY-173
-143.236,155.359,ARG-174
-150.618,139.178,ASN-175
-152.323,159.295,SER-176
-170.785,152.059,PHE-177
-67.1242,144.441,GLU-178
-113.224,142.038,VAL-179
-141.223,111.057,ARG-180
-80.7929,132.304,VAL-181
-161.008,172.158,CYS-182
-83.9723,-38.5635,ALA-183
-118.408,85.0135,CYS-184
-51.2151,-29.7083,PRO-185
-77.7621,-36.1797,GLY-186
-53.0668,-45.6241,ARG-187
-81.321,-44.4212,ASP-188
-44.9657,-62.5911,ARG-189
-64.4523,-38.4273,ARG-190
-46.2298,-59.0032,THR-191
-87.9751,-34.6055,GLU-192
-71.7761,-2.90508,GLU-193
-55.8286,-28.4594,GLU-194
-88.0838,50.9927,ASN-195
-142.542,145.207,LEU-196
-66.926,-26.8595,ARG-197
-64.3658,129.76,LYS-198
-65.2315,134.164,LYS-199
-94.1635,-179.739,GLY-200
-89.6384,153.765,GLU-201
-68.4252,155.736,PRO-202
-143.687,155.342,HIS-203
-65.5673,158.849,HIS-204
-80.2952,-48.4543,GLU-205
-56.2696,-43.1914,LEU-206
-75.5393,137.698,PRO-207
-73.417,-176.355,PRO-208
-88.6412,-145.259,GLY-209
-164.58,-170.588,SER-210
-87.7246,173.111,THR-211
-108.489,152.375,LYS-212
64.4005,152.475,ARG-213
-55.3091,162.038,ALA-214
-85.8795,-34.6997,LEU-215
-56.0724,148.86,PRO-216
-77.5213,18.6321,ASN-217
-63.5251,139.015,ASN-218
-107.336,147.721,SER-2
177.049,171.271,SER-3
-84.51,125.582,VAL-4
-61.8871,118.499,PRO-5
-59.4429,136.806,SER-6
-105.011,-5.72871,GLN-7
-78.8906,126.982,LYS-8
-72.0677,148.827,THR-9
-169.33,146.954,TYR-10
-91.5117,-38.4583,GLN-11
77.0025,-152.012,GLY-12
-70.8967,-45.5104,SER-13
-75.3733,-24.1105,TYR-14
84.1544,43.0976,GLY-15
-74.933,127.184,PHE-16
-140.032,159.076,ARG-17
-128.184,154.462,LEU-18
-136.208,146.293,GLY-19
-143.139,142.366,PHE-20
-94.4563,115.168,LEU-21
-99.8195,140.09,HIS-22
-142.973,-1.7241,SER-23
161.787,-162.364,GLY-24
-138.29,-1.08748,THR-25
-52.4061,175.255,ALA-26
-75.3518,-22.6132,LYS-27
-63.1832,-18.4712,SER-28
-73.7237,114.883,VAL-29
-79.3542,-22.6033,THR-30
-166.95,140.826,CYS-31
-153.316,124.26,THR-32
-107.34,127.958,TYR-33
-103.035,113.962,SER-34
-64.2228,-43.5485,PRO-35
-72.4931,-1.9882,ALA-36
-119.959,-12.413,LEU-37
57.7783,63.0474,ASN-38
-149.409,127.523,LYS-39
-106.49,128.471,MET-40
-110.582,133.318,PHE-41
-142.758,134.585,CYS-42
-89.4694,141.077,GLN-43
-62.1485,134.09,LEU-44
57.027,35.9676,ALA-45
-118.476,146.22,LYS-46
-85.2439,121.076,THR-47
-93.1716,113.194,CYS-48
-87.4312,138.908,PRO-49
-129.943,125.575,VAL-50
-89.6578,132.39,GLN-51
-113.419,124.547,LEU-52
-112.116,140.523,TRP-53
-133.625,95.5871,VAL-54
-74.7748,-27.8673,ASP-55
-94.2978,-4.84439,SER-56
52.6578,156.771,THR-57
-93.6269,162.102,PRO-58
-56.568,-176.289,PRO-59
-92.9144,167.968,PRO-60
60.1734,6.24266,GLY-61
-66.6841,169.086,THR-62
-167.142,166.754,ARG-63
-129.697,125.605,VAL-64
-107.723,141.078,ARG-65
-134.724,143.721,ALA-66
-161.248,159.381,MET-67
-149.951,120.342,ALA-68
-120.79,154.601,ILE-69
-123.641,142.914,TYR-70
-131.783,150.584,LYS-71
-125.764,169.514,GLN-72
-64.8066,-4.23845,SER-73
-131.594,3.31536,GLN-74
-154.208,150.469,HIS-75
-145.094,-6.35274,MET-76
-75.2034,48.9276,THR-77
-138.967,150.096,GLU-78
-106.476,153.299,VAL-79
-74.5559,134.485,VAL-80
-143.905,158.684,ARG-81
-66.6127,163.426,ARG-82
-62.013,166.192,CYS-83
-60.4969,-52.4651,PRO-84
-54.3843,-10.8636,HIS-85
-119.66,-6.7789,HIS-86
-89.0207,-2.24603,GLU-87
-136.851,-31.2681,ARG-88
-60.3583,160.931,CYS-89
-64.4755,-11.9848,SER-90
-70.5791,-26.9856,ASP-91
-105.221,-25.1162,SER-92
-84.5935,129.793,ASP-93
-169.446,-105.543,GLY-94
-75.9351,-35.2046,LEU-95
-72.8757,152.534,ALA-96
-66.3223,168.262,PRO-97
-89.8466,-12.1624,PRO-98
-69.933,-43.2143,GLN-99
-53.2723,124.688,HIS-100
-75.8178,-43.5658,LEU-101
-66.64,120.216,ILE-102
-127.588,166.471,ARG-103
-149.826,163.87,VAL-104
-161.918,-168.206,GLU-105
77.3453,20.5948,GLY-106
-146.009,139.197,ASN-107
-61.1593,-38.4692,LEU-108
-85.3956,156.384,ARG-109
161.222,122.115,VAL-110
-160.478,150.208,GLU-111
-101.84,138.018,TYR-112
-135.992,145.595,LEU-113
-66.5309,112.459,ASP-114
-53.9408,127.619,ASP-115
-64.9273,-27.2686,ARG-116
-75.4117,-37.8355,ASN-117
-121.638,-21.7001,THR-118
67.1614,17.1605,PHE-119
-69.2833,117.348,ARG-120
-78.5615,97.7294,HIS-121
-148.228,142.459,SER-122
-60.1219,141.855,VAL-123
-122.342,135.866,VAL-124
-126.654,153.724,VAL-125
-69.8042,152.871,PRO-126
-69.7817,124.596,TYR-127
-107.076,120.547,GLU-128
-79.6877,168.474,PRO-129
-80.2241,139.29,PRO-130
-77.9107,149.192,GLU-131
-51.3154,141.896,VAL-132
80.2976,-14.4887,GLY-133
-86.1112,131.687,SER-134
-71.6693,-13.4036,ASP-135
-169.189,170.454,CYS-136
-105.46,146.278,THR-137
-100.141,137.99,THR-138
-119.128,150.501,ILE-139
-132.273,108.292,HIS-140
-99.8517,166.793,TYR-141
-159.124,157.688,ASN-142
-145.221,145.703,TYR-143
-155.502,113.327,MET-144
-131.438,147.164,CYS-145
-67.054,141.753,ASN-146
-80.0078,-31.5342,SER-147
-58.2402,-11.5199,SER-148
-77.4869,135.755,CYS-149
-81.7361,-15.4946,MET-150
70.7821,-152.035,GLY-151
-84.8873,174.114,GLY-152
-68.0033,-28.794,ILE-153
-135.192,88.2986,ASN-154
-47.3683,119.408,ARG-155
-147.661,155.41,ARG-156
-63.885,167.626,PRO-157
-133.131,139.678,ILE-158
-126.051,145.368,LEU-159
-126.237,163.738,THR-160
-135.17,125.777,ILE-161
-126.193,135.515,ILE-162
-133.363,135.142,THR-163
-86.6411,134.587,LEU-164
-149.328,167.722,GLU-165
-88.6931,167.773,ASP-166
-67.7804,-25.5208,SER-167
-75.5653,-13.7592,SER-168
77.8747,9.88239,GLY-169
-46.006,122.576,ASN-170
-67.2561,142.56,LEU-171
-133.632,-28.2741,LEU-172
-160.203,166.486,GLY-173
-158.442,144.483,ARG-174
-139.658,148.51,ASN-175
-148.841,143.517,SER-176
-143.023,160.69,PHE-177
-85.3207,143.046,GLU-178
-116.131,151.948,VAL-179
-149.3,122.199,ARG-180
-95.7071,142.211,VAL-181
-167.115,-168.182,CYS-182
-88.9841,-64.8047,ALA-183
-123.619,95.2988,CYS-184
-63.9017,-26.4877,PRO-185
-82.7295,-32.2786,GLY-186
-64.3502,-53.0681,ARG-187
-58.1595,-38.5631,ASP-188
-48.973,-66.1964,ARG-189
-46.2625,-30.5441,ARG-190
-67.1996,-72.7486,THR-191
-60.804,-30.7732,GLU-192
-86.0665,2.48812,GLU-193
-71.8711,-24.6974,GLU-194
-58.3091,-16.9497,ASN-195
-68.2259,163.869,LEU-196
-73.3334,-63.2477,ARG-197
-43.6775,142.314,LYS-198
-67.8209,136.679,LYS-199
-71.5819,154.666,GLY-200
-71.7177,154.779,GLU-201
-52.3477,147.889,PRO-202
-145.203,128.72,HIS-203
-30.7761,135.467,HIS-204
-57.9283,-40.7768,GLU-205
-59.5624,-49.0548,LEU-206
-74.3542,147.297,PRO-207
-68.5041,-175.285,PRO-208
-89.9114,-160.784,GLY-209
-161.477,-150.128,SER-210
-110.767,150.532,THR-211
-100.836,162.079,LYS-212
66.3929,152.24,ARG-213
-57.7738,164.948,ALA-214
-73.2862,-34.2038,LEU-215
-57.1837,149.34,PRO-216
-90.8979,43.0847,ASN-217
-73.2895,118.997,ASN-218
-75.8252,148.53,SER-2
171.714,146.217,SER-3
-62.5508,127.29,VAL-4
-57.5025,128.5,PRO-5
-60.9498,150.44,SER-6
-95.7307,-28.8784,GLN-7
-57.4678,126.169,LYS-8
-64.1258,139.517,THR-9
-165.198,153.798,TYR-10
-84.7053,-41.396,GLN-11
73.9755,-164.822,GLY-12
-63.9202,-4.51097,SER-13
-111.272,-31.8102,TYR-14
105.23,16.8251,GLY-15
-41.8596,107.711,PHE-16
-136.044,153.456,ARG-17
-98.9556,157.031,LEU-18
-156.488,144.861,GLY-19
-126.581,158.91,PHE-20
-67.1572,148.637,LEU-21
-164.331,105.916,HIS-22
-118.333,-23.7958,SER-23
-178.296,-164.467,GLY-24
-129.671,14.7108,THR-25
-89.986,166.567,ALA-26
-56.6345,-35.3545,LYS-27
-57.5063,-21.6651,SER-28
-67.2407,137.895,VAL-29
-83.2,-44.6299,THR-30
-166.142,161.663,CYS-31
-158.07,139.356,THR-32
-116.362,148.868,TYR-33
-109.712,111.847,SER-34
-54.3245,-46.3093,PRO-35
-77.2083,-2.87517,ALA-36
-119.011,-6.43232,LEU-37
32.95,58.3745,ASN-38
-142.595,115.939,LYS-39
-80.8908,133.068,MET-40
-116.215,116.025,PHE-41
-97.2919,140.368,CYS-42
-79.6609,121.038,GLN-43
-63.6782,127.293,LEU-44
81.8352,-3.01089,ALA-45
-80.9,159.192,LYS-46
-61.0354,125.057,THR-47
-117.648,93.8988,CYS-48
-86.9321,117.192,PRO-49
-94.0181,141.551,VAL-50
-112.909,157.285,GLN-51
-138.899,110.559,LEU-52
-103.078,149.36,TRP-53
-141.1,101.191,VAL-54
-57.4591,-53.6216,ASP-55
-89.3621,-0.640764,SER-56
72.6185,152.208,THR-57
-94.9313,169.44,PRO-58
-72.9514,156.691,PRO-59
-68.7138,163.834,PRO-60
82.3418,8.92334,GLY-61
-89.5659,162.052,THR-62
-147.829,138.496,ARG-63
-90.1794,129.03,VAL-64
-108.467,147.047,ARG-65
-136.863,138.393,ALA-66
-155.723,176.577,MET-67
-162.638,123.043,ALA-68
-115.178,126.902,ILE-69
-92.1081,135.279,TYR-70
-122.507,143.118,LYS-71
-126.735,171.167,GLN-72
-77.4666,16.3272,SER-73
-144.868,1.81106,GLN-74
-170.961,135.023,HIS-75
-126.544,-8.32364,MET-76
-78.9775,52.7191,THR-77
-141.152,162.069,GLU-78
-108.395,150.142,VAL-79
-61.5895,106.774,VAL-80
-107.428,170.101,ARG-81
-60.4081,173.669,ARG-82
-75.9477,157.955,CYS-83
-62.2064,-29.016,PRO-84
-77.923,-28.7662,HIS-85
-103.666,-13.0911,HIS-86
-69.196,4.52985,GLU-87
-146.556,-24.1939,ARG-88
-77.4102,162.093,CYS-89
-51.145,-31.3098,SER-90
-72.307,-7.03709,ASP-91
-114.343,-10.281,SER-92
-99.7201,136.625,ASP-93
178.432,-144.602,GLY-94
-50.2307,-51.0663,LEU-95
-73.3659,115.459,ALA-96
-60.1661,143.209,PRO-97
-59.1027,-19.341,PRO-98
-77.5054,-35.7582,GLN-99
-88.373,126.861,HIS-100
-68.9699,-40.6527,LEU-101
-68.907,121.676,ILE-102
-145.863,165.518,ARG-103
-151.032,158.718,VAL-104
-138.347,-171.822,GLU-105
78.6097,31.094,GLY-106
-151.069,143.225,ASN-107
-57.7592,-44.6285,LEU-108
-88.5526,133.793,ARG-109
-173.478,120.722,VAL-110
-166.028,166.828,GLU-111
-118.725,132.926,TYR-112
-151.171,152.394,LEU-113
-81.7926,120.626,ASP-114
-55.0844,128.084,ASP-115
-65.2903,-15.5285,ARG-116
-95.7085,-33.963,ASN-117
-123.249,-18.5448,THR-118
78.602,3.20662,PHE-119
-76.864,118.698,ARG-120
-80.0419,123.81,HIS-121
-162.855,140.603,SER-122
-58.0049,132.104,VAL-123
-126.107,121.994,VAL-124
-116.398,160.287,VAL-125
-61.0613,164.556,PRO-126
-78.3896,120.888,TYR-127
-108.435,105.507,GLU-128
-70.8493,157.817,PRO-129
-66.444,118.041,PRO-130
-71.5504,166.347,GLU-131
-51.2249,123.11,VAL-132
92.5751,-33.5568,GLY-133
-77.0017,137.693,SER-134
-78.9414,-35.281,ASP-135
-155.773,-176.252,CYS-136
-90.8968,127.578,THR-137
-96.9847,148.066,THR-138
-140.037,128.778,ILE-139
-113.954,87.9857,HIS-140
-86.5228,161.421,TYR-141
-158.353,145.436,ASN-142
-139.766,156.347,TYR-143
-136.195,94.6826,MET-144
-110.885,134.047,CYS-145
-77.4626,142.727,ASN-146
-91.1495,-14.299,SER-147
-73.1426,-10.7032,SER-148
-75.4807,134.199,CYS-149
-78.0318,-31.1899,MET-150
75.91,-169.295,GLY-151
-79.2757,161.323,GLY-152
-58.2563,-7.55194,ILE-153
-156.834,93.9698,ASN-154
-53.1582,126.025,ARG-155
-153.721,148.671,ARG-156
-51.8169,164.994,PRO-157
-132.885,144.927,ILE-158
-118.391,142.34,LEU-159
-129.024,138.167,THR-160
-110.826,112.372,ILE-161
-94.7753,132.15,ILE-162
-126.243,134.361,THR-163
-92.3466,129.782,LEU-164
-147.419,164.32,GLU-165
-81.111,163.005,ASP-166
-51.788,-38.9543,SER-167
-70.8285,-1.4137,SER-168
86.4695,4.16878,GLY-169
-68.2604,124.124,ASN-170
-76.6452,137.685,LEU-171
-114.378,-35.5493,LEU-172
-163.049,172.299,GLY-173
-151.42,155.49,ARG-174
-148.649,128.922,ASN-175
-123.62,140.975,SER-176
-140.918,147.563,PHE-177
-83.8943,127.503,GLU-178
-83.1114,159.563,VAL-179
-163.947,131.039,ARG-180
-139.03,112.527,VAL-181
-159.601,179.231,CYS-182
-87.6805,-48.9355,ALA-183
-120.387,87.426,CYS-184
-68.7929,-32.539,PRO-185
-75.4722,-19.2725,GLY-186
-73.7855,-48.7043,ARG-187
-53.6608,-40.5707,ASP-188
-66.5439,-59.4955,ARG-189
-43.7139,-48.3971,ARG-190
-58.3181,-52.1236,THR-191
-78.2181,-43.7537,GLU-192
-51.3956,-21.2877,GLU-193
-53.9887,-18.2395,GLU-194
-94.8209,17.4237,ASN-195
-73.3819,156.765,LEU-196
-73.6047,-54.3919,ARG-197
-63.5743,160.364,LYS-198
-65.0023,150.904,LYS-199
-103.09,-178.109,GLY-200
-70.4742,143.138,GLU-201
-74.2904,167.452,PRO-202
-151.707,152.058,HIS-203
-62.7534,156.825,HIS-204
-72.804,-31.0436,GLU-205
-63.5964,-39.1996,LEU-206
-83.2808,145.949,PRO-207
-52.0264,171.839,PRO-208
-85.2032,-176.799,GLY-209
-137.169,-163.13,SER-210
-104.517,159.644,THR-211
-105.051,141.443,LYS-212
76.8125,148.145,ARG-213
-63.1041,167.712,ALA-214
-99.9114,-7.84748,LEU-215
-76.3083,162.564,PRO-216
-72.423,12.3254,ASN-217
-69.058,134.267,ASN-218
-83.8884,131.58,SER-2
-167.722,151.663,SER-3
-70.0748,122.581,VAL-4
-53.5684,130.125,PRO-5
-91.3758,154.368,SER-6
-100.961,-23.7718,GLN-7
-31.6682,100.531,LYS-8
-70.4747,140.175,THR-9
-176.468,154.434,TYR-10
-87.5346,-38.6969,GLN-11
85.2483,-174.923,GLY-12
-66.6234,-25.353,SER-13
-95.8524,-17.1602,TYR-14
87.2209,33.9283,GLY-15
-55.4797,133.002,PHE-16
-154.554,123.378,ARG-17
-77.5354,163.56,LEU-18
-140.469,122.277,GLY-19
-102.793,157.735,PHE-20
-89.3465,143.044,LEU-21
-152.107,149.16,HIS-22
-151.219,-36.5682,SER-23
-171.287,-173.161,GLY-24
-114.972,16.3498,THR-25
-75.4786,142.662,ALA-26
-55.6453,-18.0547,LYS-27
-77.1973,-26.5233,SER-28
-72.4148,137.426,VAL-29
-70.0959,-25.5397,THR-30
-170.355,178.114,CYS-31
-170.185,152.156,THR-32
-130.527,129.627,TYR-33
-96.5932,104.537,SER-34
-60.3188,-35.9298,PRO-35
-80.9351,-24.7863,ALA-36
-86.6323,-5.06833,LEU-37
33.2886,64.2263,ASN-38
-150.474,135.573,LYS-39
-118.093,137.625,MET-40
-116.781,104.023,PHE-41
-94.2666,139.264,CYS-42
-85.9849,126.727,GLN-43
-45.5749,116.862,LEU-44
90.6087,-20.7851,ALA-45
-67.3055,153.706,LYS-46
-92.2066,132.592,THR-47
-129.88,100.097,CYS-48
-81.1982,150.358,PRO-49
-131.809,143.59,VAL-50
-97.0334,148.858,GLN-51
-133.893,118.887,LEU-52
-106.994,146.935,TRP-53
-144.815,117.079,VAL-54
-63.3339,-42.7462,ASP-55
-76.7395,-36.3356,SER-56
83.5872,140.064,THR-57
-64.1985,161.304,PRO-58
-75.4433,170.506,PRO-59
-66.7688,153.65,PRO-60
88.9338,-5.82032,GLY-61
-78.456,146.735,THR-62
-140.511,158.537,ARG-63
-113.887,139.3,VAL-64
-123.331,140.538,ARG-65
-125.948,143.614,ALA-66
-161.647,176.478,MET-67
-150.522,113.565,ALA-68
-87.2227,170.473,ILE-69
-130.691,122.477,TYR-70
-95.0767,150.067,LYS-71
-149.487,-178.185,GLN-72
-74.2337,22.608,SER-73
178.863,-9.82725,GLN-74
-137.928,136.067,HIS-75
-138.019,-9.53838,MET-76
-84.5295,65.3524,THR-77
-161.844,155.243,GLU-78
-110.073,153.788,VAL-79
-66.2674,119.109,VAL-80
-130.775,160.457,ARG-81
-50.8293,156.083,ARG-82
-65.7254,161.497,CYS-83
-66.8623,-28.6425,PRO-84
-80.1401,-10.3396,HIS-85
-127.025,-13.289,HIS-86
-66.9536,6.93959,GLU-87
-147.174,-36.5511,ARG-88
-55.2228,156.154,CYS-89
-57.1836,-35.4422,SER-90
-63.0476,-20.4245,ASP-91
-81.7293,-14.8701,SER-92
-104.403,153.468,ASP-93
143.45,-151.406,GLY-94
-54.8832,-36.7466,LEU-95
-90.7479,121.272,ALA-96
-69.7779,142.445,PRO-97
-53.6629,-24.1341,PRO-98
-70.5257,-37.6837,GLN-99
-72.6576,131.836,HIS-100
-95.7406,-47.5178,LEU-101
-70.2958,110.012,ILE-102
-132.957,164.741,ARG-103
-153.771,151.621,VAL-104
-143.934,-173.916,GLU-105
76.7805,24.9287,GLY-106
-146.656,168.984,ASN-107
-74.8378,-49.2531,LEU-108
-80.6926,156.498,ARG-109
151.852,118.872,VAL-110
-164.998,165.151,GLU-111
-105.431,139.328,TYR-112
-156.451,148.503,LEU-113
-69.7919,135.848,ASP-114
-70.8988,136.089,ASP-115
-72.7762,-20.4552,ARG-116
-87.6168,-34.7486,ASN-117
-121.409,-19.0123,THR-118
75.7751,1.43945,PHE-119
-67.9523,135.194,ARG-120
-72.9743,131.542,HIS-121
-170.66,145.69,SER-122
-68.0681,126.475,VAL-123
-111.982,130.555,VAL-124
-125.789,152.464,VAL-125
-73.9895,162.148,PRO-126
-69.2945,126.293,TYR-127
-127.917,104.595,GLU-128
-63.8863,168.649,PRO-129
-60.9105,131.637,PRO-130
-64.4467,160.898,GLU-131
-47.1431,123.625,VAL-132
100.34,-19.5238,GLY-133
-79.8779,149.493,SER-134
-87.9571,-29.3235,ASP-135
-159.737,-166.832,CYS-136
-81.1356,152.803,THR-137
-122.923,149.066,THR-138
-132.211,125.763,ILE-139
-102.944,85.3707,HIS-140
-78.8969,164.943,TYR-141
-160.993,145.657,ASN-142
-160.477,140.562,TYR-143
-156.036,123.604,MET-144
-153.767,135.704,CYS-145
-65.241,119.505,ASN-146
-63.5957,-13.1522,SER-147
-83.3593,-16.6274,SER-148
-39.4991,150.766,CYS-149
-103.089,-20.4767,MET-150
76.715,-162.516,GLY-151
-76.2075,167.578,GLY-152
-51.1238,-30.9424,ILE-153
-140.663,95.976,ASN-154
-48.0959,117.931,ARG-155
-149.045,162.936,ARG-156
-70.9458,160.411,PRO-157
-138.195,140.561,ILE-158
-129.06,145.885,LEU-159
-112.729,130.392,THR-160
-96.7401,114.131,ILE-161
-100.46,142.351,ILE-162
-139.499,131.816,THR-163
-72.1667,143.915,LEU-164
-159.093,148.393,GLU-165
-66.5537,161.982,ASP-166
-55.2706,-21.7976,SER-167
-80.3508,-13.3374,SER-168
94.6061,-1.16386,GLY-169
-66.247,124.466,ASN-170
-61.2486,126.588,LEU-171
-108.717,-34.4594,LEU-172
-163.291,164.033,GLY-173
-154.35,140.61,ARG-174
-136.666,139.775,ASN-175
-139.616,145.106,SER-176
-154.566,145.846,PHE-177
-78.135,151.203,GLU-178
-122.616,132.033,VAL-179
-126.563,114.3,ARG-180
-83.9634,140.851,VAL-181
-163.112,179.159,CYS-182
-103.077,-42.006,ALA-183
-114.626,102.819,CYS-184
-45.4282,-44.3683,PRO-185
-78.7151,-30.5788,GLY-186
-76.2112,-52.8693,ARG-187
-61.1578,-36.9987,ASP-188
-49.87,-56.6833,ARG-189
-54.226,-44.721,ARG-190
-70.5336,-29.5934,THR-191
-90.293,-40.7253,GLU-192
-67.8359,-19.6196,GLU-193
-57.0487,-24.986,GLU-194
-50.9989,-23.6309,ASN-195
-82.2807,152.759,LEU-196
-65.2443,-46.7386,ARG-197
-71.2664,156.311,LYS-198
-62.2425,150.614,LYS-199
-92.8438,-178.787,GLY-200
-66.7473,150.959,GLU-201
-68.6831,158.926,PRO-202
-150.44,138.944,HIS-203
-48.4862,148.888,HIS-204
-74.2139,-32.8097,GLU-205
-60.9117,-53.4407,LEU-206
-60.6047,130.173,PRO-207
-75.3242,-153.631,PRO-208
-98.9654,-160.7,GLY-209
-156.475,-133.207,SER-210
-119.233,165.686,THR-211
-98.1304,134.476,LYS-212
81.0514,144.336,ARG-213
-67.298,167.073,ALA-214
-74.7461,-25.5171,LEU-215
-71.4831,151.494,PRO-216
-75.3935,10.3725,ASN-217
-53.8565,122.57,ASN-218
-104.661,126.389,SER-2
-157.684,163.681,SER-3
-87.3659,125.579,VAL-4
-46.3345,142.015,PRO-5
-80.941,135.8,SER-6
-93.1373,-13.8179,GLN-7
-58.989,122.943,LYS-8
-73.2328,139.664,THR-9
-175.654,154.454,TYR-10
-84.2771,-42.2324,GLN-11
81.8488,-174.913,GLY-12
-58.3689,-30.3859,SER-13
-103.202,-10.1298,TYR-14
70.4706,54.5155,GLY-15
-59.3381,135.408,PHE-16
-170.519,151.589,ARG-17
-102.042,171.297,LEU-18
-159.939,129.807,GLY-19
-95.4394,166.179,PHE-20
-105.746,128.525,LEU-21
-140.777,119.746,HIS-22
-120.271,1.02922,SER-23
130.48,-175.065,GLY-24
-133.43,8.31332,THR-25
-57.6972,142.613,ALA-26
-48.4458,-27.1545,LYS-27
-81.8605,-3.43882,SER-28
-70.2174,154.201,VAL-29
-94.5951,-18.7087,THR-30
-176.363,156.948,CYS-31
-156.306,155.616,THR-32
-130.531,135.733,TYR-33
-111.511,106.032,SER-34
-57.3552,-44.9564,PRO-35
-58.3978,-44.4319,ALA-36
-80.1789,-18.6987,LEU-37
44.9879,75.0726,ASN-38
-153.926,142.985,LYS-39
-123.531,115.341,MET-40
-88.231,127.686,PHE-41
-133.263,135.8,CYS-42
-77.5035,134.618,GLN-43
-48.9942,124.786,LEU-44
75.4206,-18.0233,ALA-45
-73.2285,129.202,LYS-46
-55.7643,121.66,THR-47
-108.551,84.3844,CYS-48
-62.8999,132.87,PRO-49
-116.047,146.369,VAL-50
-113.584,138.308,GLN-51
-115.991,109.837,LEU-52
-98.1158,152.731,TRP-53
-143.709,103.362,VAL-54
-59.8979,-36.7028,ASP-55
-98.5442,-4.2681,SER-56
59.9977,156.635,THR-57
-82.6296,168.31,PRO-58
-57.4509,159.1,PRO-59
-75.6484,149.266,PRO-60
86.1988,11.0296,GLY-61
-84.0575,-173.147,THR-62
-163.346,147.389,ARG-63
-93.7013,145.33,VAL-64
-139.68,152.548,ARG-65
-140.342,151.271,ALA-66
-156.436,179.013,MET-67
-169.433,128.223,ALA-68
-111.945,153.317,ILE-69
-110.085,108.562,TYR-70
-87.6251,142.556,LYS-71
-143.245,169.403,GLN-72
-73.9406,-5.83706,SER-73
-148.014,12.8802,GLN-74
-170.76,138.105,HIS-75
-140.241,-5.1126,MET-76
-79.6363,73.3322,THR-77
-166.319,152.442,GLU-78
-99.3879,149.357,VAL-79
-61.7757,125.135,VAL-80
-127.44,154.7,ARG-81
-47.4346,160.951,ARG-82
-60.6092,145.394,CYS-83
-38.2832,-28.0437,PRO-84
-111.559,12.8315,HIS-85
-129.271,-5.52221,HIS-86
-75.8892,14.5701,GLU-87
-154.246,-37.3539,ARG-88
-68.2454,161.479,CYS-89
-56.0694,-17.8354,SER-90
-81.9198,-3.01701,ASP-91
-127.762,-32.0171,SER-92
-70.6376,141.885,ASP-93
170.841,-146.772,GLY-94
-47.3977,-49.7054,LEU-95
-80.0161,143.797,ALA-96
-68.4397,146.228,PRO-97
-64.8844,-23.5101,PRO-98
-70.7798,-38.853,GLN-99
-71.0198,116.777,HIS-100
-75.3971,-39.2531,LEU-101
-76.6281,121.068,ILE-102
-141.341,164.068,ARG-103
-158.611,152.993,VAL-104
-142.18,-168.007,GLU-105
89.1574,-57.7691,GLY-106
-79.9428,118.715,ASN-107
-72.6206,-36.9143,LEU-108
-85.3345,113.403,ARG-109
-166.146,123.848,VAL-110
-153.132,161.009,GLU-111
-100.86,130.512,TYR-112
-139.162,146.824,LEU-113
-61.0696,110.973,ASP-114
-59.0552,137.392,ASP-115
-75.0755,-17.3697,ARG-116
-107.585,-38.0612,ASN-117
-113.998,-26.8485,THR-118
71.5563,13.8072,PHE-119
-82.0894,107.722,ARG-120
-64.5522,115.011,HIS-121
-161.147,154.035,SER-122
-64.4416,136.683,VAL-123
-136.272,132.473,VAL-124
-134.429,146.196,VAL-125
-61.0693,140.701,PRO-126
-59.7721,145.653,TYR-127
-124.416,110.414,GLU-128
-66.4768,146.76,PRO-129
-64.1038,140.707,PRO-130
-66.5764,161.02,GLU-131
-50.1095,135.91,VAL-132
82.2169,-17.4736,GLY-133
-88.9787,147.802,SER-134
-93.3459,-22.4696,ASP-135
-165.155,-172.03,CYS-136
-82.9429,130.903,THR-137
-106.096,115.996,THR-138
-110.962,134.191,ILE-139
-109.522,79.1742,HIS-140
-87.6311,159.759,TYR-141
-158.082,164.975,ASN-142
-143.872,145.508,TYR-143
-147.643,120.748,MET-144
-148.03,151.27,CYS-145
-70.5911,129.46,ASN-146
-78.4746,-20.9049,SER-147
-70.0378,-2.10369,SER-148
-75.5497,147.116,CYS-149
-88.9776,-15.9215,MET-150
79.1903,170.219,GLY-151
-69.335,165.781,GLY-152
-68.5799,-9.80602,ILE-153
-139.978,116.13,ASN-154
-74.8372,114.872,ARG-155
-125.267,155.176,ARG-156
-66.8619,179.501,PRO-157
-149.636,139.348,ILE-158
-114.378,134.431,LEU-159
-104.247,149.788,THR-160
-117.162,118.002,ILE-161
-111.003,141.254,ILE-162
-158.91,165.833,THR-163
-132.587,143.21,LEU-164
-145.255,157.218,GLU-165
-57.8784,167.958,ASP-166
-65.9573,-33.4878,SER-167
-82.6988,-4.5113,SER-168
108.5,-11.1363,GLY-169
-45.8734,111.43,ASN-170
-55.3661,143.704,LEU-171
-121.301,-36.5172,LEU-172
-167.443,151.685,GLY-173
-149.531,155.563,ARG-174
-152.635,145.061,ASN-175
-129.415,146.104,SER-176
-150.669,162.461,PHE-177
-77.0487,144.268,GLU-178
-117.814,144.872,VAL-179
-141.481,114.68,ARG-180
-80.3816,133.899,VAL-181
-148.447,158.799,CYS-182
-65.1826,-43.3475,ALA-183
-129.745,87.3468,CYS-184
-52.6017,-38.4757,PRO-185
-68.9479,-41.4472,GLY-186
-71.2688,-36.6934,ARG-187
-70.3403,-46.4291,ASP-188
-52.7326,-44.1102,ARG-189
-70.5638,-38.0453,ARG-190
-56.8215,-53.5169,THR-191
-75.5091,-31.271,GLU-192
-73.9665,-14.2916,GLU-193
-55.9092,-16.2536,GLU-194
-85.3085,-10.2053,ASN-195
-68.7159,161.431,LEU-196
-75.6466,-42.1776,ARG-197
-81.3903,159.329,LYS-198
-53.7681,136.078,LYS-199
-70.8843,161.676,GLY-200
-55.2938,137.69,GLU-201
-67.83,170.134,PRO-202
-165.394,141.064,HIS-203
-43.8661,133.564,HIS-204
-102.883,12.0692,GLU-205
-62.0913,-54.4592,LEU-206
-66.2415,151.235,PRO-207
-85.3735,-173.127,PRO-208
-54.7235,164.057,GLY-209
-105.077,-112.807,SER-210
-132.446,169.367,THR-211
-109,147.369,LYS-212
79.5194,147.311,ARG-213
-56.1812,163.114,ALA-214
-83.1265,-32.365,LEU-215
-81.421,166.446,PRO-216
-88.3889,21.1426,ASN-217
-49.3817,130.728,ASN-218
-93.8232,147.997,SER-2
-176.217,158.645,SER-3
-73.7176,120.497,VAL-4
-68.0907,123.072,PRO-5
-71.0058,139.062,SER-6
-92.382,-7.52543,GLN-7
-76.2711,119.503,LYS-8
-56.0766,140.105,THR-9
-161.427,141.002,TYR-10
-88.388,-22.2045,GLN-11
69.6789,-149.656,GLY-12
-79.1335,-0.197901,SER-13
-128.261,-33.3066,TYR-14
104.859,31.1228,GLY-15
-61.3474,118.968,PHE-16
-146.178,166.528,ARG-17
-109.087,154.427,LEU-18
-133.956,106.181,GLY-19
-73.3818,158.132,PHE-20
-75.932,135.13,LEU-21
-146.808,143.004,HIS-22
-138.642,-4.40392,SER-23
151.848,179.095,GLY-24
-134.511,20.7082,THR-25
-62.6596,150.026,ALA-26
-59.5827,-32.6679,LYS-27
-58.3317,-29.684,SER-28
-56.2905,149.696,VAL-29
-78.7531,-34.7297,THR-30
-171.933,-177.347,CYS-31
-170.002,145.653,THR-32
-114.32,128.634,TYR-33
-106.412,108.486,SER-34
-40.7838,-59.0384,PRO-35
-82.885,14.4097,ALA-36
-125.522,-26.2327,LEU-37
66.2303,47.1255,ASN-38
-133.143,127.83,LYS-39
-109.518,124.297,MET-40
-107.105,130.446,PHE-41
-116.372,149.716,CYS-42
-91.2497,138.441,GLN-43
-63.6922,144.493,LEU-44
38.3585,29.3627,ALA-45
-101.86,157.737,LYS-46
-75.4202,117.986,THR-47
-85.717,109.213,CYS-48
-89.6723,109.269,PRO-49
-104.38,109.449,VAL-50
-72.0004,158.039,GLN-51
-140.163,140.447,LEU-52
-145.689,146.761,TRP-53
-140.858,103.118,VAL-54
-45.0083,-56.8679,ASP-55
-76.9546,-2.94383,SER-56
54.3683,154.05,THR-57
-88.7424,157.176,PRO-58
-47.6267,146.491,PRO-59
-73.8363,147.392,PRO-60
74.7142,20.1505,GLY-61
-78.5972,166.01,THR-62
-148.958,174.249,ARG-63
-130.338,138.383,VAL-64
-123.643,136.749,ARG-65
-122.403,142.808,ALA-66
-169.734,155.668,MET-67
-158.748,103.707,ALA-68
-86.4534,147.048,ILE-69
-115.992,140.889,TYR-70
-125.889,152.687,LYS-71
-123.961,-174.76,GLN-72
-77.5022,-17.9384,SER-73
-112.464,1.36064,GLN-74
-164.462,129.881,HIS-75
-135.061,-9.39271,MET-76
-81.5589,65.5851,THR-77
-149.406,173.098,GLU-78
-131.095,152.865,VAL-79
-60.1003,108.586,VAL-80
-123.314,148.002,ARG-81
-49.7832,160.499,ARG-82
-49.1349,163.746,CYS-83
-71.4802,-24.8913,PRO-84
-82.1445,-13.5909,HIS-85
-131.684,-4.2666,HIS-86
-71.193,0.622785,GLU-87
-142.334,-21.1549,ARG-88
-67.9526,159.447,CYS-89
-68.4877,-23.4041,SER-90
-52.0299,-29.5515,ASP-91
-107.151,-14.5875,SER-92
-93.6435,173.46,ASP-93
121.795,-138.084,GLY-94
-54.5292,-51.4379,LEU-95
-81.3324,128.872,ALA-96
-62.9435,147.809,PRO-97
-66.9718,-10.0384,PRO-98
-72.8027,-32.6867,GLN-99
-67.6011,108.869,HIS-100
-68.7294,-51.7967,LEU-101
-70.1553,126.245,ILE-102
-146.59,151.603,ARG-103
-157.839,143.465,VAL-104
-137.689,173.872,GLU-105
94.2586,-21.6174,GLY-106
-70.6062,141.134,ASN-107
-49.1334,-49.2211,LEU-108
-99.6646,126.307,ARG-109
-152.481,150.583,VAL-110
-170.251,170.075,GLU-111
-108.345,137.109,TYR-112
-142.609,149.144,LEU-113
-84.7432,116.306,ASP-114
-42.7677,119.288,ASP-115
-56.7683,-29.255,ARG-116
-89.8744,-29.4674,ASN-117
-131.504,-15.4924,THR-118
77.6615,-0.966463,PHE-119
-71.7174,106.913,ARG-120
-65.002,131.121,HIS-121
-171.401,153.878,SER-122
-64.6931,122.094,VAL-123
-120.962,135.746,VAL-124
-129.585,148.075,VAL-125
-74.5684,158.018,PRO-126
-70.4193,132.273,TYR-127
-133.555,86.5518,GLU-128
-69.4414,160.148,PRO-129
-61.566,156.231,PRO-130
-138.096,157.689,GLU-131
-20.0586,106.952,VAL-132
95.7858,-3.18936,GLY-133
-91.3094,158.111,SER-134
-106.424,-31.9586,ASP-135
-150.628,-171.451,CYS-136
-93.3771,149.211,THR-137
-126.522,139.314,THR-138
-107.207,123.369,ILE-139
-104.012,89.0571,HIS-140
-73.2991,161.68,TYR-141
-164.953,144.424,ASN-142
-138.387,150.034,TYR-143
-148.17,113.95,MET-144
-154.074,118.126,CYS-145
-68.3838,133.817,ASN-146
-85.544,-3.60549,SER-147
-78.0087,-11.2921,SER-148
-58.8627,139.534,CYS-149
-62.344,-28.9506,MET-150
94.6422,-171.556,GLY-151
-81.0489,151.292,GLY-152
-45.1833,-36.3575,ILE-153
-117.889,130.379,ASN-154
-76.2252,134.861,ARG-155
-150.768,143.722,ARG-156
-65.4403,155.458,PRO-157
-126.394,140.28,ILE-158
-119.492,144.368,LEU-159
-101.481,151.569,THR-160
-122.642,116.823,ILE-161
-102.899,122.403,ILE-162
-125.24,152.51,THR-163
-107.605,132.495,LEU-164
-141.12,152.499,GLU-165
-63.5705,169.587,ASP-166
-62.9029,-22.8625,SER-167
-87.656,1.2642,SER-168
82.6296,5.34046,GLY-169
-57.2067,124.417,ASN-170
-67.597,126.708,LEU-171
-107.925,-36.5073,LEU-172
-149.074,164.99,GLY-173
-148.491,147.623,ARG-174
-148.501,139.216,ASN-175
-142.61,145.487,SER-176
-163.076,147.904,PHE-177
-78.3523,144.42,GLU-178
-120.839,165.896,VAL-179
-158.052,125.731,ARG-180
-92.9415,137.349,VAL-181
-161.498,-171.07,CYS-182
-82.5716,-46.6767,ALA-183
-130.844,83.8901,CYS-184
-78.1491,-15.1894,PRO-185
-73.9143,-46.7752,GLY-186
-66.0542,-48.0108,ARG-187
-65.1991,-31.2699,ASP-188
-60.4968,-60.8775,ARG-189
-44.9175,-36.4212,ARG-190
-78.9613,-45.1323,THR-191
-85.0693,-25.5155,GLU-192
-74.2496,-22.6026,GLU-193
-41.4409,-38.2177,GLU-194
-80.6803,-2.20448,ASN-195
-61.249,149.849,LEU-196
-53.5693,-41.1959,ARG-197
-97.8476,175.315,LYS-198
-78.7367,147.151,LYS-199
-81.8413,171.002,GLY-200
-59.9033,139.655,GLU-201
-75.9151,169.259,PRO-202
-163.848,149.248,HIS-203
-35.5762,135.6,HIS-204
-81.5695,-9.84186,GLU-205
-78.4921,-52.457,LEU-206
-72.6955,152.956,PRO-207
-79.0934,172.222,PRO-208
-71.0665,-169.495,GLY-209
-155.868,-161.973,SER-210
-94.9945,177.358,THR-211
-125.918,165.978,LYS-212
62.0357,143.944,ARG-213
-58.0387,165.484,ALA-214
-78.9169,-30.6182,LEU-215
-70.6872,156.571,PRO-216
-82.1296,18.5372,ASN-217
-54.4782,116.827,ASN-218
-108.269,153.755,SER-2
171.472,147.17,SER-3
-69.8081,126.079,VAL-4
-67.8049,160.536,PRO-5
-93.6572,167.255,SER-6
-111.714,-0.12838,GLN-7
-55.9931,114.668,LYS-8
-76.8067,137.36,THR-9
-161.573,142.861,TYR-10
-94.554,-28.898,GLN-11
54.5801,-171.188,GLY-12
-81.3933,-11.6377,SER-13
-70.7233,-41.579,TYR-14
99.0495,37.9587,GLY-15
-78.2185,102.472,PHE-16
-133.269,133.657,ARG-17
-100.826,162.801,LEU-18
-137.37,138.339,GLY-19
-109.703,159.704,PHE-20
-83.5271,127.226,LEU-21
-132.793,93.757,HIS-22
-98.4704,-7.21236,SER-23
138.975,-140.721,GLY-24
-152.024,-3.72642,THR-25
-54.2374,157.148,ALA-26
-57.5124,-9.16107,LYS-27
-113.673,9.96713,SER-28
-67.5037,141.446,VAL-29
-67.0154,-35.5916,THR-30
-162.544,-176.922,CYS-31
-166.926,141.774,THR-32
-105.212,127.713,TYR-33
-105.78,90.4215,SER-34
-71.5782,-35.9385,PRO-35
-69.6873,-21.424,ALA-36
-92.5649,-16.7319,LEU-37
57.0585,60.6183,ASN-38
-158.653,140.295,LYS-39
-128.528,136.236,MET-40
-113.317,113.392,PHE-41
-109.653,144.373,CYS-42
-90.4651,129.855,GLN-43
-55.2397,130.031,LEU-44
62.3403,-10.0682,ALA-45
-67.5946,149.9,LYS-46
-78.5243,123.763,THR-47
-128.643,76.6294,CYS-48
-79.7758,161.183,PRO-49
-138.465,147.911,VAL-50
-125.671,136.94,GLN-51
-117.756,135.891,LEU-52
-115.748,140.398,TRP-53
-141.421,111.239,VAL-54
-46.2539,-66.499,ASP-55
-68.2036,-12.9521,SER-56
58.465,155.544,THR-57
-96.573,176.478,PRO-58
-53.9392,151.231,PRO-59
-56.1492,145.696,PRO-60
83.1698,6.30521,GLY-61
-70.4015,162.795,THR-62
-153.531,136.381,ARG-63
-94.1976,137.19,VAL-64
-122.706,139.997,ARG-65
-125.56,138.588,ALA-66
-145.866,174.982,MET-67
-166.872,102.049,ALA-68
-81.3417,163.797,ILE-69
-132.609,131.336,TYR-70
-109.677,145.751,LYS-71
-130.138,175.133,GLN-72
-68.0174,1.34576,SER-73
-144.739,10.6263,GLN-74
-146.997,126.351,HIS-75
-127.336,25.8487,MET-76
-117.777,85.4182,THR-77
179.12,154.272,GLU-78
-119.731,154.46,VAL-79
-65.8684,123.096,VAL-80
-140.731,150.554,ARG-81
-52.5925,146.88,ARG-82
-55.3626,155.923,CYS-83
-70.1742,-15.7733,PRO-84
-90.0469,1.97275,HIS-85
-141.763,16.8269,HIS-86
-101.096,4.92728,GLU-87
-147.797,-44.4144,ARG-88
-67.1802,159.994,CYS-89
-59.9781,-8.49764,SER-90
-78.4013,-24.4105,ASP-91
-110.203,-20.2275,SER-92
-92.8135,158.865,ASP-93
165.241,-130.84,GLY-94
-85.2633,-43.8083,LEU-95
-64.6433,152.642,ALA-96
-75.4474,143.52,PRO-97
-62.7122,-29.831,PRO-98
-67.0505,-25.8047,GLN-99
-72.4144,114.076,HIS-100
-61.7204,-38.8006,LEU-101
-89.3957,114.759,ILE-102
-142.835,160.83,ARG-103
-162.182,139.958,VAL-104
-120.84,-164.329,GLU-105
71.7621,9.61292,GLY-106
-120.31,130.891,ASN-107
-63.7651,-27.9137,LEU-108
-107.028,143.293,ARG-109
-173.343,119.22,VAL-110
-157.848,161.815,GLU-111
-106.52,126.057,TYR-112
-134.546,143.978,LEU-113
-64.3893,142.848,ASP-114
-82.8049,130.611,ASP-115
-59.5129,-35.3581,ARG-116
-74.0473,-43.7708,ASN-117
-122.748,-17.7923,THR-118
76.7379,12.024,PHE-119
-78.8618,96.5249,ARG-120
-56.1028,133.45,HIS-121
175.822,151.326,SER-122
-77.1457,135.136,VAL-123
-132.793,123.191,VAL-124
-126.46,141.823,VAL-125
-76.0891,136.587,PRO-126
-57.3179,108.198,TYR-127
-74.3967,121.691,GLU-128
-70.5305,145.308,PRO-129
-68.5012,139.269,PRO-130
-105.333,164.901,GLU-131
-32.8113,122.187,VAL-132
92.1195,-7.05117,GLY-133
-93.8566,123.562,SER-134
-82.9516,-26.8493,ASP-135
-152.545,-178.592,CYS-136
-105.663,110.529,THR-137
-96.2107,144.294,THR-138
-132.644,132.183,ILE-139
-107.291,84.4428,HIS-140
-72.956,150.413,TYR-141
-152.689,150.182,ASN-142
-147.557,137.738,TYR-143
-142.927,125.383,MET-144
-152.443,124.731,CYS-145
-62.3857,131.364,ASN-146
-70.2136,-25.5751,SER-147
-82.8664,-11.2004,SER-148
-52.0212,138.514,CYS-149
-82.0713,-31.0457,MET-150
85.7796,-161.2,GLY-151
-81.7999,164.598,GLY-152
-46.1243,-18.4863,ILE-153
-148.87,125.899,ASN-154
-89.0953,129.179,ARG-155
-151.373,149.583,ARG-156
-84.9765,172.752,PRO-157
-143.352,154.089,ILE-158
-129.796,131.667,LEU-159
-87.8456,145.306,THR-160
-116.313,119.414,ILE-161
-99.9352,142.773,ILE-162
-148.864,138.749,THR-163
-94.0737,131.094,LEU-164
-148.955,155.289,GLU-165
-74.091,162.546,ASP-166
-56.0083,-28.1793,SER-167
-73.4972,-10.5628,SER-168
85.5204,7.4909,GLY-169
-63.6543,126.475,ASN-170
-69.6671,127.231,LEU-171
-110.574,-40.0756,LEU-172
-149.264,162.28,GLY-173
-147.598,154.356,ARG-174
-169.161,122.91,ASN-175
-129.796,147.187,SER-176
-156.465,174.81,PHE-177
-93.9698,128.226,GLU-178
-106.185,144.463,VAL-179
-141.318,119.16,ARG-180
-82.3873,136.326,VAL-181
-153.042,175.329,CYS-182
-83.005,-48.4691,ALA-183
-132.796,99.0798,CYS-184
-40.2979,-43.1258,PRO-185
-63.763,-52.8551,GLY-186
-56.2454,-53.1728,ARG-187
-65.0361,-34.9566,ASP-188
-70.4854,-48.7899,ARG-189
-47.7796,-39.0375,ARG-190
-69.7477,-43.0883,THR-191
-93.3649,-13.8126,GLU-192
-85.7777,-0.434465,GLU-193
-74.8814,-18.611,GLU-194
-84.8511,-14.7847,ASN-195
-54.8756,157.635,LEU-196
-84.1111,-15.4161,ARG-197
-98.2387,174.268,LYS-198
-66.2623,152.426,LYS-199
-97.5029,169.358,GLY-200
-69.3552,150.496,GLU-201
-78.3905,162.846,PRO-202
-130.029,178.054,HIS-203
-70.5038,124.044,HIS-204
-56.9561,-35.3141,GLU-205
-48.2416,-65.5026,LEU-206
-66.2421,143.259,PRO-207
-83.8469,-177.803,PRO-208
-73.6843,170.881,GLY-209
-106.259,-96.4026,SER-210
-145.186,166.45,THR-211
-108.167,147.965,LYS-212
73.8905,151.418,ARG-213
-52.6583,154.075,ALA-214
-70.8327,-33.1855,LEU-215
-67.3104,168.404,PRO-216
-84.507,5.6216,ASN-217
-44.0849,138.063,ASN-218
-108.934,131.165,SER-2
177.973,153.562,SER-3
-80.9269,133.958,VAL-4
-63.9396,123.798,PRO-5
-55.6196,135.959,SER-6
-87.0675,-13.5866,GLN-7
-63.0361,128.811,LYS-8
-62.7583,144.885,THR-9
-159.478,164.152,TYR-10
-99.6485,-40.1634,GLN-11
75.5434,178.661,GLY-12
-52.6484,-37.9442,SER-13
-73.7769,-37.4089,TYR-14
96.7616,24.0556,GLY-15
-61.4591,132.568,PHE-16
-159.462,159.488,ARG-17
-130.959,143.759,LEU-18
-138.197,144.091,GLY-19
-122.613,155.443,PHE-20
-71.3523,116.854,LEU-21
-125.799,91.0973,HIS-22
-120.688,-11.686,SER-23
-173.218,167.938,GLY-24
-122.953,12.152,THR-25
-71.8962,143.855,ALA-26
-50.192,-25.7974,LYS-27
-76.7938,-8.2985,SER-28
-76.9056,150.24,VAL-29
-78.9139,-41.709,THR-30
-160.092,161.167,CYS-31
-161.053,147.657,THR-32
-121.116,134.316,TYR-33
-98.0023,108.897,SER-34
-66.8003,-31.3262,PRO-35
-72.3768,-7.75644,ALA-36
-115.499,-14.8418,LEU-37
49.4738,57.6694,ASN-38
-134.504,140.823,LYS-39
-122.525,112.521,MET-40
-87.1404,132.446,PHE-41
-139.617,134.487,CYS-42
-75.5542,131.601,GLN-43
-45.177,119.944,LEU-44
67.9794,-4.41268,ALA-45
-63.2932,161.377,LYS-46
-99.6628,121.829,THR-47
-102.123,93.1451,CYS-48
-72.1856,143.362,PRO-49
-126.157,153.934,VAL-50
-101.249,128.899,GLN-51
-119.09,118.122,LEU-52
-99.1474,150.391,TRP-53
-128.216,91.8525,VAL-54
-58.2467,-40.5486,ASP-55
-77.2325,-21.5237,SER-56
91.7833,137.719,THR-57
-87.0697,163.797,PRO-58
-68.052,153.044,PRO-59
-60.0688,164.087,PRO-60
95.811,-11.2548,GLY-61
-81.4226,163.999,THR-62
-162.392,139.555,ARG-63
-81.5301,132.559,VAL-64
-103.179,150.144,ARG-65
-135.642,148.18,ALA-66
-172.983,169.711,MET-67
-156.627,125.44,ALA-68
-96.0644,154.741,ILE-69
-110.213,149.382,TYR-70
-137.396,138.332,LYS-71
-123.073,173.599,GLN-72
-82.1263,20.1518,SER-73
-143.548,-8.18701,GLN-74
-145.053,144.597,HIS-75
-135.129,11.3308,MET-76
-104.851,64.0341,THR-77
-152.467,158.224,GLU-78
-113.203,158.219,VAL-79
-71.9725,128.924,VAL-80
-143.475,147.653,ARG-81
-46.3013,155.258,ARG-82
-46.857,158.091,CYS-83
-79.3541,-18.2314,PRO-84
-85.9493,-6.11067,HIS-85
-111.477,-12.4612,HIS-86
-77.1012,19.4004,GLU-87
-145.37,-51.7401,ARG-88
-47.9156,157.561,CYS-89
-51.9378,-18.839,SER-90
-68.4133,-21.6397,ASP-91
-116.52,-23.4053,SER-92
-77.367,139.858,ASP-93
159.929,-140.129,GLY-94
-69.3049,-36.3635,LEU-95
-89.9652,123.028,ALA-96
-53.8879,156.768,PRO-97
-70.1897,-25.6437,PRO-98
-60.6389,-52.1736,GLN-99
-50.1356,117.203,HIS-100
-71.2624,-45.834,LEU-101
-83.0922,103.634,ILE-102
-124.772,161.302,ARG-103
-158.185,161.297,VAL-104
-159.473,-172.678,GLU-105
84.2679,17.5556,GLY-106
-163.069,133.418,ASN-107
-57.851,-35.0777,LEU-108
-101.4,105.914,ARG-109
-161.397,125.619,VAL-110
-168.867,171.048,GLU-111
-112.738,121.568,TYR-112
-134.012,152.45,LEU-113
-71.4733,134.122,ASP-114
-62.7037,127.437,ASP-115
-56.3845,-20.1717,ARG-116
-106.173,-31.8601,ASN-117
-116.918,-13.2097,THR-118
64.8065,9.86106,PHE-119
-69.204,97.7938,ARG-120
-52.3239,119.421,HIS-121
-168.07,159.664,SER-122
-77.2524,144.339,VAL-123
-129.344,117.667,VAL-124
-127.679,128.361,VAL-125
-57.036,166.451,PRO-126
-86.8935,121.058,TYR-127
-98.4385,98.4097,GLU-128
-63.4805,154.489,PRO-129
-68.443,128.46,PRO-130
-79.0763,178.921,GLU-131
-51.4095,116.426,VAL-132
86.8427,-2.92144,GLY-133
-87.9282,166.574,SER-134
-96.8947,-44.9665,ASP-135
-159.461,-162.288,CYS-136
-103.094,143.205,THR-137
-109.014,131.433,THR-138
-114.049,137.832,ILE-139
-109.338,76.9872,HIS-140
-76.271,161.188,TYR-141
-152.012,144.128,ASN-142
-132.192,130.56,TYR-143
-121.925,105.784,MET-144
-114.057,110.59,CYS-145
-58.8597,138.529,ASN-146
-79.3494,-17.0514,SER-147
-104.428,2.3837,SER-148
-71.0206,139.851,CYS-149
-78.1764,-34.8036,MET-150
87.3655,-154.661,GLY-151
-78.2155,165.951,GLY-152
-71.8678,-15.0343,ILE-153
-141.241,114.032,ASN-154
-67.2162,137.527,ARG-155
-141.278,156.404,ARG-156
-51.7476,156.129,PRO-157
-132.015,131.361,ILE-158
-115.954,152.511,LEU-159
-106.892,149.652,THR-160
-111.134,115.185,ILE-161
-107.863,148.015,ILE-162
-158.615,139.686,THR-163
-96.5059,126.847,LEU-164
-121.391,150.891,GLU-165
-74.8689,165.288,ASP-166
-57.9872,-21.6499,SER-167
-73.0505,-27.8685,SER-168
108.579,-5.46584,GLY-169
-63.059,118.979,ASN-170
-70.1252,119.178,LEU-171
-106.062,-20.0027,LEU-172
-175.113,157.715,GLY-173
-143.663,147.767,ARG-174
-160.66,132.065,ASN-175
-143.126,154.948,SER-176
-162.458,140.057,PHE-177
-58.704,144.113,GLU-178
-129.671,149.803,VAL-179
-137.658,111.753,ARG-180
-84.4459,136.722,VAL-181
-166.249,-175.773,CYS-182
-99.1189,-27.7507,ALA-183
-135.829,103.907,CYS-184
-50.6599,-52.7455,PRO-185
-63.1201,-27.5579,GLY-186
-84.4782,-46.434,ARG-187
-57.1726,-45.7956,ASP-188
-56.5578,-54.5233,ARG-189
-44.0258,-40.211,ARG-190
-72.0373,-58.1147,THR-191
-72.0594,-47.7929,GLU-192
-62.588,-13.545,GLU-193
-55.6824,-19.6944,GLU-194
-86.9661,52.5816,ASN-195
-135.938,176.366,LEU-196
-95.3841,10.8024,ARG-197
-155.727,174.655,LYS-198
-74.6651,135.188,LYS-199
-84.9287,-151.24,GLY-200
-109.932,157.965,GLU-201
-84.5471,-170.704,PRO-202
179.771,141.233,HIS-203
-51.7743,120.091,HIS-204
-61.898,-22.3113,GLU-205
-67.8475,-60.7599,LEU-206
-60.0291,143.167,PRO-207
-82.9314,-156.037,PRO-208
-78.8114,-166.426,GLY-209
-141.604,-115.635,SER-210
-143.028,173.5,THR-211
-105.298,156.391,LYS-212
66.5761,140.363,ARG-213
-56.7786,162.786,ALA-214
-76.4319,-41.5132,LEU-215
-87.3701,157.117,PRO-216
-67.4304,12.9619,ASN-217
-60.1965,141.938,ASN-218
-114.825,140.358,SER-2
-168.386,152.679,SER-3
-82.1406,132.437,VAL-4
-74.4393,135.621,PRO-5
-78.6215,168.446,SER-6
-96.2942,-30.5987,GLN-7
-38.484,104.923,LYS-8
-59.6898,136.431,THR-9
-170.124,136.682,TYR-10
-100.137,-28.5474,GLN-11
74.4596,-163.156,GLY-12
-75.1583,-7.27799,SER-13
-91.9625,-22.5531,TYR-14
84.7344,30.0495,GLY-15
-76.7907,120.592,PHE-16
-151.524,139.269,ARG-17
-95.1282,163.981,LEU-18
-146.846,155.116,GLY-19
-144.084,158.55,PHE-20
-94.8595,133.943,LEU-21
-148.055,115.932,HIS-22
-139.065,-34.4198,SER-23
-142.125,162.018,GLY-24
-135.447,1.20589,THR-25
-84.1786,154.966,ALA-26
-56.2488,-20.7001,LYS-27
-60.9883,-33.7586,SER-28
-67.4082,147.021,VAL-29
-81.6981,-26.942,THR-30
-168.4,176.748,CYS-31
-169.218,152.693,THR-32
-129.14,132.892,TYR-33
-98.0103,106.005,SER-34
-66.707,-47.7866,PRO-35
-58.6562,-46.0025,ALA-36
-65.9529,-29.5711,LEU-37
58.4518,58.1227,ASN-38
-143.007,136.804,LYS-39
-104.098,144.143,MET-40
-126.294,133.291,PHE-41
-139.995,145.66,CYS-42
-81.5154,143.003,GLN-43
-62.4466,136.085,LEU-44
63.5857,-1.95518,ALA-45
-86.9316,140.962,LYS-46
-77.9992,131.255,THR-47
-135.229,93.7847,CYS-48
-73.99,145.376,PRO-49
-120.242,138.218,VAL-50
-102.898,163.731,GLN-51
-137.462,134.484,LEU-52
-128.541,138.957,TRP-53
-135.055,80.7586,VAL-54
-56.1917,-41.8723,ASP-55
-78.4277,-10.0266,SER-56
80.5912,127.418,THR-57
-72.1291,168.668,PRO-58
-50.008,156.045,PRO-59
-75.1508,165.11,PRO-60
67.4651,3.16507,GLY-61
-71.9728,159.57,THR-62
-147.875,141.157,ARG-63
-91.0067,133.641,VAL-64
-113.905,150.23,ARG-65
-144.02,138.165,ALA-66
-154.646,-170.179,MET-67
-167.217,109.121,ALA-68
-81.8851,151.735,ILE-69
-109.152,117.396,TYR-70
-98.4545,143.741,LYS-71
-125.067,179.987,GLN-72
-73.2803,-10.3881,SER-73
-136.097,15.2522,GLN-74
-157.93,123.922,HIS-75
-132.531,5.76273,MET-76
-82.4423,56.743,THR-77
-153.932,156.07,GLU-78
-115.422,161.509,VAL-79
-65.7317,125.779,VAL-80
-134.051,159.505,ARG-81
-60.1359,165.24,ARG-82
-49.6351,142.678,CYS-83
-57.0621,-20.0922,PRO-84
-89.921,14.814,HIS-85
-152.104,-7.01572,HIS-86
-81.9127,10.3385,GLU-87
-137.267,-26.9666,ARG-88
-64.0022,163.002,CYS-89
-62.6377,-17.4884,SER-90
-70.8691,-25.8602,ASP-91
-107.013,-23.7386,SER-92
-71.0318,150.812,ASP-93
150.64,-136.499,GLY-94
-47.9856,-53.1509,LEU-95
-87.7936,148.219,ALA-96
-58.4163,152.414,PRO-97
-73.2163,-19.2187,PRO-98
-67.0799,-35.6788,GLN-99
-73.4394,142.152,HIS-100
-85.189,-39.1402,LEU-101
-84.378,131.836,ILE-102
-158.664,159.528,ARG-103
-156.381,135.126,VAL-104
-118.841,-158.904,GLU-105
76.3084,-0.678218,GLY-106
-114.909,134.22,ASN-107
-49.7619,-43.5254,LEU-108
-78.1631,140.919,ARG-109
178.093,122.795,VAL-110
-161.007,122.161,GLU-111
-87.0608,123.404,TYR-112
-132.5,151.392,LEU-113
-74.1235,130.178,ASP-114
-58.1329,143.027,ASP-115
-68.9396,-25.4909,ARG-116
-111.778,-17.7234,ASN-117
-127.122,-21.4698,THR-118
86.4571,-8.78539,PHE-119
-59.4224,102.351,ARG-120
-53.1114,103.965,HIS-121
-143.417,148.165,SER-122
-65.8718,132.345,VAL-123
-125.68,125.313,VAL-124
-107.657,144.542,VAL-125
-72.214,150.273,PRO-126
-81.3189,116.726,TYR-127
-87.1392,117.89,GLU-128
-78.6399,146.083,PRO-129
-58.4501,150.662,PRO-130
-151.01,169.535,GLU-131
-51.7995,132.055,VAL-132
85.5353,-26.1422,GLY-133
-95.3835,149.237,SER-134
-97.8609,-46.1959,ASP-135
-144.867,-164.024,CYS-136
-118.516,153.028,THR-137
-123.612,151.792,THR-138
-135.751,140.858,ILE-139
-109.586,70.2778,HIS-140
-65.7845,165.542,TYR-141
-166.008,148.132,ASN-142
-135.849,172.199,TYR-143
-147.147,130.751,MET-144
-148.877,140.106,CYS-145
-74.2374,140.803,ASN-146
-89.6137,-1.95658,SER-147
-87.6029,-13.1243,SER-148
-61.8369,137.916,CYS-149
-69.1342,-40.3154,MET-150
69.6977,-168.479,GLY-151
-89.2727,-179.27,GLY-152
-66.7742,-28.1677,ILE-153
-140.177,113.622,ASN-154
-69.573,95.3021,ARG-155
-115.895,148.773,ARG-156
-77.4391,156.163,PRO-157
-125.134,155.251,ILE-158
-134.296,141.614,LEU-159
-101.556,141.129,THR-160
-110.112,118.248,ILE-161
-107.004,128.539,ILE-162
-128.525,152.957,THR-163
-106.435,142.09,LEU-164
-142.774,164.215,GLU-165
-71.8151,165.576,ASP-166
-56.8952,-38.7422,SER-167
-74.8037,-5.11874,SER-168
95.9475,-10.0716,GLY-169
-59.2321,110.598,ASN-170
-46.5657,126.995,LEU-171
-107.576,-41.3486,LEU-172
-165.472,155.859,GLY-173
-127.335,156.785,ARG-174
-153.702,130.556,ASN-175
-128.258,162.733,SER-176
-172.226,136.38,PHE-177
-61.0469,143.669,GLU-178
-122.418,146.511,VAL-179
-125.557,132.684,ARG-180
-114.091,95.3611,VAL-181
-126.89,-168.405,CYS-182
-93.9824,-44.6075,ALA-183
-120.678,83.9257,CYS-184
-37.678,-45.6153,PRO-185
-64.886,-44.8519,GLY-186
-58.601,-51.4,ARG-187
-79.8265,-13.8166,ASP-188
-74.3648,-59.4807,ARG-189
-46.4184,-39.1847,ARG-190
-68.5622,-46.7123,THR-191
-86.4664,-18.5309,GLU-192
-85.3873,-4.14172,GLU-193
-55.2212,-21.577,GLU-194
-82.7553,-6.43404,ASN-195
-73.0138,154.445,LEU-196
-88.811,-36.0621,ARG-197
-64.2865,165.155,LYS-198
-85.4053,164.499,LYS-199
-75.0979,137.208,GLY-200
-63.739,160.706,GLU-201
-74.9558,-172.151,PRO-202
-174.051,160.667,HIS-203
-50.8532,133.263,HIS-204
-83.5797,-22.8553,GLU-205
-74.8761,-30.5651,LEU-206
-96.1203,163.956,PRO-207
-84.285,-160.062,PRO-208
-78.0786,173.162,GLY-209
-98.6603,-98.4924,SER-210
-146.413,153.931,THR-211
-98.188,151.259,LYS-212
74.1037,146.93,ARG-213
-64.3242,161.591,ALA-214
-71.5147,-25.045,LEU-215
-68.2995,164.076,PRO-216
-81.5577,12.7392,ASN-217
-63.2266,150.628,ASN-218
-79.4042,145.482,SER-2
-174.105,157.855,SER-3
-74.607,143.618,VAL-4
-82.3955,156.645,PRO-5
-97.9126,135.716,SER-6
-83.4357,-12.8016,GLN-7
-64.0247,124.519,LYS-8
-64.3393,125.383,THR-9
-146.648,150.077,TYR-10
-86.2503,-7.73512,GLN-11
51.0237,-165.249,GLY-12
-63.0874,-4.68916,SER-13
-119.736,-32.572,TYR-14
118.991,14.6141,GLY-15
-59.0671,102.21,PHE-16
-138.684,143.894,ARG-17
-112.563,138.3,LEU-18
-113.682,150.31,GLY-19
-131.775,129.881,PHE-20
-74.1683,127.672,LEU-21
-128.53,87.2816,HIS-22
-101.43,-8.0127,SER-23
152.319,-161.198,GLY-24
-141.358,-7.39594,THR-25
-58.1108,154.833,ALA-26
-47.2029,-34.5642,LYS-27
-62.7687,-19.8849,SER-28
-63.336,132.841,VAL-29
-63.6406,-44.4956,THR-30
-164.928,164.528,CYS-31
-149.686,163.982,THR-32
-143.153,132.839,TYR-33
-108.93,107.151,SER-34
-65.9496,-19.7239,PRO-35
-86.9616,0.235001,ALA-36
-117.527,-25.6935,LEU-37
54.9553,62.0057,ASN-38
-144.42,134.465,LYS-39
-107.422,132.683,MET-40
-100.653,108.144,PHE-41
-103.777,141.614,CYS-42
-91.0216,132.588,GLN-43
-42.4302,124.86,LEU-44
59.8973,9.92327,ALA-45
-83.9299,153.65,LYS-46
-96.2945,120.535,THR-47
-94.8449,81.299,CYS-48
-57.5511,147.896,PRO-49
-137.376,135.267,VAL-50
-95.7728,163.524,GLN-51
-161.212,105.1,LEU-52
-109.942,151.67,TRP-53
-147.6,98.8588,VAL-54
-73.4571,-33.0312,ASP-55
-83.5303,-12.5464,SER-56
77.0138,140.45,THR-57
-81.9968,159.244,PRO-58
-48.8892,151.475,PRO-59
-67.134,157.08,PRO-60
54.2836,13.5203,GLY-61
-58.017,159.16,THR-62
-151.373,150.482,ARG-63
-107.604,115.079,VAL-64
-96.4075,146.592,ARG-65
-134.971,140.89,ALA-66
-154.709,175.482,MET-67
-159.203,116.679,ALA-68
-108.885,157.439,ILE-69
-135.076,135.081,TYR-70
-121.696,137.433,LYS-71
-106.076,176.352,GLN-72
-64.2444,15.4488,SER-73
-166.661,-44.6594,GLN-74
-79.6199,119.453,HIS-75
-137.986,12.3039,MET-76
-112.401,63.0991,THR-77
-149.33,160.54,GLU-78
-111.457,161.111,VAL-79
-59.1963,140.713,VAL-80
-148.907,160.279,ARG-81
-64.8843,174.398,ARG-82
-64.9213,149.194,CYS-83
-66.1692,-17.6545,PRO-84
-85.3448,-21.1967,HIS-85
-115.925,-14.3236,HIS-86
-67.9298,0.0150486,GLU-87
-127.647,-42.6862,ARG-88
-62.3182,171.247,CYS-89
-55.2471,-19.336,SER-90
-71.118,-16.8238,ASP-91
-124.364,-24.0912,SER-92
-82.876,142.201,ASP-93
-167.514,-123.007,GLY-94
-77.3343,-39.1876,LEU-95
-70.607,122.775,ALA-96
-46.2464,153.186,PRO-97
-74.3164,-20.9858,PRO-98
-61.2415,-32.014,GLN-99
-73.0793,140.386,HIS-100
-83.6711,-47.7413,LEU-101
-83.2663,114.245,ILE-102
-127.829,154.066,ARG-103
-126.098,179.635,VAL-104
-172.342,-169.075,GLU-105
85.8051,-24.9084,GLY-106
-104.145,133.756,ASN-107
-69.1435,-32.7534,LEU-108
-77.9741,124.823,ARG-109
-176.401,136.214,VAL-110
-164.113,169.171,GLU-111
-106.713,116.876,TYR-112
-106.709,146.42,LEU-113
-81.4693,126.654,ASP-114
-65.6225,144.02,ASP-115
-80.356,-25.2377,ARG-116
-92.2646,-22.6224,ASN-117
-129.946,-2.81496,THR-118
71.3752,-8.53576,PHE-119
-65.9249,112.737,ARG-120
-60.6499,121.487,HIS-121
-163.322,151.622,SER-122
-68.4523,136.639,VAL-123
-139.27,130.585,VAL-124
-127.166,151.508,VAL-125
-71.4111,154.629,PRO-126
-74.9128,141.544,TYR-127
-108.339,114.049,GLU-128
-67.9781,127.165,PRO-129
-48.883,119.631,PRO-130
-88.6222,163.785,GLU-131
-55.4227,138.044,VAL-132
76.4954,-10.6946,GLY-133
-87.1023,138.375,SER-134
-84.9328,-32.9839,ASP-135
-176.913,-178.314,CYS-136
-96.5497,143.772,THR-137
-118.704,127.3,THR-138
-105.588,143.14,ILE-139
-114.637,54.5522,HIS-140
-62.6312,166.017,TYR-141
-168.047,154.56,ASN-142
-150.078,160.551,TYR-143
-171.244,115.729,MET-144
-129.36,134.822,CYS-145
-58.946,134.202,ASN-146
-64.2503,-12.7463,SER-147
-108.624,-0.931617,SER-148
-77.562,134.079,CYS-149
-72.9677,-25.2456,MET-150
77.9732,-131.775,GLY-151
-117.919,170.129,GLY-152
-59.7999,-39.3132,ILE-153
-115.453,82.4592,ASN-154
-59.0516,111.255,ARG-155
-129.523,152.886,ARG-156
-72.3062,176.4,PRO-157
-134.478,138.179,ILE-158
-128.559,130.284,LEU-159
-98.2107,149.017,THR-160
-110.412,130.639,ILE-161
-117.76,130.464,ILE-162
-135.1,137.17,THR-163
-84.7565,118.532,LEU-164
-131.93,154.46,GLU-165
-64.5528,160.856,ASP-166
-69.7959,-17.2748,SER-167
-67.99,-7.854,SER-168
69.3175,-0.158642,GLY-169
-60.7336,118.07,ASN-170
-53.9751,131.67,LEU-171
-114.25,-18.7129,LEU-172
-170.623,159.762,GLY-173
-153.988,152.501,ARG-174
-161.155,130.746,ASN-175
-133.839,152.424,SER-176
-157.901,145.956,PHE-177
-57.7521,141.21,GLU-178
-117.718,143.417,VAL-179
-127.995,119.829,ARG-180
-90.5933,144.392,VAL-181
-167.965,-177.621,CYS-182
-102.416,-24.157,ALA-183
-131.803,88.1014,CYS-184
-68.2361,-21.3802,PRO-185
-86.2981,-32.2015,GLY-186
-55.1166,-52.5519,ARG-187
-68.1765,-47.5546,ASP-188
-48.2409,-58.0865,ARG-189
-55.8554,-32.2671,ARG-190
-64.192,-52.0969,THR-191
-84.9673,-43.7592,GLU-192
-65.1902,-7.9496,GLU-193
-71.7305,-13.7751,GLU-194
-61.3367,-17.0224,ASN-195
-80.7168,149.32,LEU-196
-70.0706,-28.4958,ARG-197
-73.622,164.707,LYS-198
-63.7036,169.564,LYS-199
-115.41,177.151,GLY-200
-51.899,145.127,GLU-201
-74.9316,167.77,PRO-202
-152.939,152.216,HIS-203
-47.1059,138.725,HIS-204
-88.8377,-3.25098,GLU-205
-71.0112,-45.9733,LEU-206
-79.2455,156.237,PRO-207
-80.1449,-174.738,PRO-208
-59.5546,159.068,GLY-209
-98.8775,-118.376,SER-210
-133.658,165.129,THR-211
-108.848,153.344,LYS-212
78.2364,153.377,ARG-213
-67.5038,154.516,ALA-214
-66.5368,-26.3085,LEU-215
-79.2509,162.612,PRO-216
-82.4761,15.2307,ASN-217
-63.0255,113.823,ASN-218
-62.5122,163.251,SER-2
170.585,136.32,SER-3
-57.709,128.54,VAL-4
-60.0644,145.977,PRO-5
-79.2745,149.747,SER-6
-102.965,-5.83929,GLN-7
-75.22,118.682,LYS-8
-40.7985,144.588,THR-9
-169.448,131.216,TYR-10
-81.4929,-14.6379,GLN-11
93.9364,-173.47,GLY-12
-77.2145,24.4688,SER-13
-145.665,-21.1147,TYR-14
85.7506,37.1274,GLY-15
-54.3693,143.797,PHE-16
-173.164,153.056,ARG-17
-114.001,136.127,LEU-18
-112.021,122.024,GLY-19
-100.369,159.513,PHE-20
-75.3663,126.809,LEU-21
-139.03,141.684,HIS-22
-153.978,-1.07208,SER-23
176.762,171.131,GLY-24
-134.259,-10.3196,THR-25
-46.6711,161.117,ALA-26
-57.2966,-21.1187,LYS-27
-81.9475,1.32228,SER-28
-62.1116,129.475,VAL-29
-70.667,-56.8513,THR-30
-154.673,170.884,CYS-31
-165.883,145.901,THR-32
-117.638,151.234,TYR-33
-125.489,100.132,SER-34
-53.7344,-47.8367,PRO-35
-64.7828,-24.1748,ALA-36
-98.7826,-1.3083,LEU-37
37.228,59.052,ASN-38
-145.24,139.232,LYS-39
-115.06,138.046,MET-40
-113.001,129.33,PHE-41
-132.74,138.483,CYS-42
-80.0411,148.488,GLN-43
-57.5333,139.106,LEU-44
59.7579,-0.553842,ALA-45
-83.0695,135.015,LYS-46
-51.1116,112.993,THR-47
-106.929,95.7352,CYS-48
-74.8767,144.906,PRO-49
-134.49,149.776,VAL-50
-94.9467,134.686,GLN-51
-107.81,139.963,LEU-52
-137.157,152.887,TRP-53
-136.546,106.568,VAL-54
-68.9655,-33.8288,ASP-55
-93.1148,0.667143,SER-56
61.8719,148.155,THR-57
-85.9213,175.496,PRO-58
-58.4709,163.216,PRO-59
-84.0847,154.9,PRO-60
91.9982,-9.19673,GLY-61
-65.7629,171.825,THR-62
-163.433,140.259,ARG-63
-71.5095,139.679,VAL-64
-134.375,135.935,ARG-65
-118.181,139.438,ALA-66
-151.902,168.734,MET-67
-150.48,126.152,ALA-68
-108.065,142.404,ILE-69
-92.6281,128.404,TYR-70
-105.834,153.82,LYS-71
-139.128,-176.348,GLN-72
-82.801,27.4792,SER-73
-171.918,-31.7674,GLN-74
-104.646,114.037,HIS-75
-125.331,-2.22615,MET-76
-91.9526,59.6623,THR-77
-150.594,158.345,GLU-78
-111.097,155.571,VAL-79
-63.1739,111.564,VAL-80
-117.625,151.262,ARG-81
-59.7573,158.313,ARG-82
-56.7405,164.202,CYS-83
-49.7809,-47.0156,PRO-84
-77.7068,-2.92392,HIS-85
-134.449,-16.7814,HIS-86
-66.6441,-6.79553,GLU-87
-123.197,-26.0276,ARG-88
-71.4902,159.441,CYS-89
-71.9184,-10.5855,SER-90
-51.035,-40.9671,ASP-91
-98.8375,-32.3065,SER-92
-75.8556,121.905,ASP-93
-178.382,-116.316,GLY-94
-63.7883,-64.9425,LEU-95
-70.7776,127.43,ALA-96
-60.6348,154.101,PRO-97
-65.6731,-21.9778,PRO-98
-78.3467,-23.2147,GLN-99
-71.4318,107.69,HIS-100
-58.5949,-41.3924,LEU-101
-79.1841,107.962,ILE-102
-134.914,154.264,ARG-103
-151.319,153.449,VAL-104
-146.783,172.221,GLU-105
117.774,21.8936,GLY-106
-155.029,166.516,ASN-107
-75.8691,-26.325,LEU-108
-106.736,125.066,ARG-109
-168.584,113.352,VAL-110
-158.432,158.05,GLU-111
-95.5131,126.953,TYR-112
-131.735,155.667,LEU-113
-87.4805,133.411,ASP-114
-66.8277,139.499,ASP-115
-76.4658,-21.1972,ARG-116
-105.738,-22.6231,ASN-117
-131.787,-14.4467,THR-118
67.5002,3.67937,PHE-119
-64.1265,123.821,ARG-120
-73.3974,142.028,HIS-121
-177.767,139.831,SER-122
-69.851,134.648,VAL-123
-114.016,130.786,VAL-124
-130.64,146.332,VAL-125
-89.5633,157.222,PRO-126
-85.4535,113.276,TYR-127
-86.3743,107.316,GLU-128
-65.0216,157.426,PRO-129
-54.1194,150.245,PRO-130
-177.541,162.099,GLU-131
-50.9556,110.202,VAL-132
125.205,-11.9832,GLY-133
-162.48,-163.687,SER-134
174.145,-37.693,ASP-135
-107.245,-163.896,CYS-136
-114.936,124.93,THR-137
-96.7977,126.785,THR-138
-111.224,155.741,ILE-139
-137.57,103.456,HIS-140
-80.6498,169.28,TYR-141
-157.566,146.836,ASN-142
-151.452,161.831,TYR-143
-152.987,123.816,MET-144
-124.581,143.525,CYS-145
-80.5161,128.9,ASN-146
-68.5593,-12.8918,SER-147
-97.2135,7.28141,SER-148
-78.0415,137.681,CYS-149
-77.8743,-23.1774,MET-150
82.2226,-159.383,GLY-151
-79.5269,168.41,GLY-152
-55.449,-32.4579,ILE-153
-139.866,89.2049,ASN-154
-50.1389,121.525,ARG-155
-149.762,153.132,ARG-156
-76.8877,165.399,PRO-157
-134.367,134.792,ILE-158
-116.07,134.748,LEU-159
-91.592,134.831,THR-160
-102.904,100.123,ILE-161
-93.5412,114.565,ILE-162
-123.673,162.082,THR-163
-122.069,149.541,LEU-164
-154.984,156.677,GLU-165
-71.493,155.207,ASP-166
-60.8662,-32.1866,SER-167
-54.9662,-25.5419,SER-168
113.049,-23.9729,GLY-169
-48.494,110.152,ASN-170
-77.5472,134.984,LEU-171
-110.23,-20.0211,LEU-172
179.86,161.147,GLY-173
-155.451,139.162,ARG-174
-132.31,144.714,ASN-175
-133.719,157.474,SER-176
-151.073,154.969,PHE-177
-76.5698,137.435,GLU-178
-109.628,148.656,VAL-179
-143.688,100.321,ARG-180
-97.4908,120.528,VAL-181
-151.13,-161.017,CYS-182
-113.568,-33.2775,ALA-183
-126.038,73.617,CYS-184
-60.5465,-24.8335,PRO-185
-85.0516,-24.5578,GLY-186
-65.6899,-59.0018,ARG-187
-58.4931,-46.0573,ASP-188
-58.7159,-48.397,ARG-189
-63.3489,-35.4285,ARG-190
-58.6477,-52.177,THR-191
-83.6158,-38.1999,GLU-192
-66.3192,-20.4275,GLU-193
-42.7487,-32.7408,GLU-194
-74.3997,-3.73353,ASN-195
-61.1293,143.99,LEU-196
-84.368,-7.45025,ARG-197
-110.515,169.122,LYS-198
-76.864,137.344,LYS-199
-88.5526,-165.436,GLY-200
-84.1027,147.036,GLU-201
-70.2787,155.435,PRO-202
-145.729,149.502,HIS-203
-39.0648,143.857,HIS-204
-71.9085,-18.8959,GLU-205
-81.0711,-49.4333,LEU-206
-55.0286,148.627,PRO-207
-92.0645,-172.022,PRO-208
-65.6777,175.187,GLY-209
-121.997,-95.2234,SER-210
-146.348,139.993,THR-211
-81.6613,141.193,LYS-212
78.6502,164.444,ARG-213
-76.1036,160.652,ALA-214
-64.1146,-38.3071,LEU-215
-71.6791,152.99,PRO-216
-74.0052,27.9997,ASN-217
-66.8748,114.017,ASN-218
-116.295,161.429,SER-2
-167.552,143.415,SER-3
-61.7014,121.633,VAL-4
-62.8513,124.549,PRO-5
-66.8982,162.347,SER-6
-111.616,2.59921,GLN-7
-69.1541,122.458,LYS-8
-73.0876,129.59,THR-9
-158.505,150.514,TYR-10
-81.9138,-37.3624,GLN-11
77.5106,-169.132,GLY-12
-67.6984,9.74997,SER-13
-133.44,-37.2266,TYR-14
105.541,32.5129,GLY-15
-58.1168,121.432,PHE-16
-158.506,138.817,ARG-17
-96.3026,159.183,LEU-18
-131.322,148.131,GLY-19
-119.398,149.87,PHE-20
-59.3635,132.4,LEU-21
-150.899,90.403,HIS-22
-125.911,-6.3688,SER-23
179.294,177.964,GLY-24
-146.012,-7.83645,THR-25
-37.9847,135.672,ALA-26
-38.4609,-37.15,LYS-27
-63.7242,-24.7531,SER-28
-71.565,143.475,VAL-29
-62.4862,-64.923,THR-30
-141.502,173.784,CYS-31
-157.009,155.623,THR-32
-134.432,141.641,TYR-33
-111.307,114.145,SER-34
-62.7356,-32.3503,PRO-35
-77.073,-3.42819,ALA-36
-122.518,-8.81525,LEU-37
50.2613,52.3786,ASN-38
-137.785,117.79,LYS-39
-95.3037,127.201,MET-40
-105.682,125.571,PHE-41
-134.874,130.599,CYS-42
-69.6591,132.983,GLN-43
-55.4148,130.45,LEU-44
72.069,-14.4009,ALA-45
-71.058,160.804,LYS-46
-88.309,127.876,THR-47
-108.814,91.3618,CYS-48
-63.7169,129.337,PRO-49
-124.896,117.017,VAL-50
-66.7672,139.706,GLN-51
-112.264,114.537,LEU-52
-98.5956,143.443,TRP-53
-138.936,100.71,VAL-54
-67.8576,-29.9688,ASP-55
-110.076,-5.07606,SER-56
94.6282,147.225,THR-57
-104.657,158.823,PRO-58
-74.7849,159.161,PRO-59
-70.034,130.239,PRO-60
87.064,20.7124,GLY-61
-63.2483,163.58,THR-62
-163.302,153.379,ARG-63
-123.822,133.492,VAL-64
-127.967,151.649,ARG-65
-139.458,150.064,ALA-66
-175.586,155.622,MET-67
-128.708,94.3137,ALA-68
-76.5114,148.865,ILE-69
-102.828,148.788,TYR-70
-131.248,150.33,LYS-71
-135.486,170.801,GLN-72
-72.7467,0.577471,SER-73
-130.908,1.64418,GLN-74
-143.534,134.543,HIS-75
-148.757,9.58327,MET-76
-124.537,92.1775,THR-77
169.24,148.784,GLU-78
-120.851,155.757,VAL-79
-62.4647,125.761,VAL-80
-140.745,156.319,ARG-81
-59.8209,168.757,ARG-82
-66.6534,155.28,CYS-83
-37.5212,-51.3598,PRO-84
-73.1243,-18.1401,HIS-85
-109.804,-11.6541,HIS-86
-81.0139,19.6469,GLU-87
-163.862,-18.9918,ARG-88
-52.2433,160.722,CYS-89
-64.3449,-19.2426,SER-90
-63.6808,-30.4365,ASP-91
-86.6482,-18.749,SER-92
-70.4252,168.509,ASP-93
137.549,-141.931,GLY-94
-65.2087,-55.2431,LEU-95
-63.8212,148.06,ALA-96
-67.7187,139.497,PRO-97
-61.3747,-26.2824,PRO-98
-75.807,-31.6046,GLN-99
-66.0326,129.459,HIS-100
-80.8328,-43.0807,LEU-101
-77.0467,113.928,ILE-102
-124.61,169.784,ARG-103
-158.213,160.447,VAL-104
-165.214,-168.949,GLU-105
136.369,-105.375,GLY-106
-50.489,157.064,ASN-107
-74.1215,-31.6143,LEU-108
-72.0891,139.03,ARG-109
-176.472,133.848,VAL-110
-173.092,145.712,GLU-111
-91.8102,112.252,TYR-112
-116.446,157.681,LEU-113
-71.2138,118.138,ASP-114
-69.3216,136.649,ASP-115
-85.7298,-4.512,ARG-116
-116.651,-31.0886,ASN-117
-101.397,-35.1114,THR-118
87.8807,8.21182,PHE-119
-76.1669,111.064,ARG-120
-62.5369,119.421,HIS-121
-164.424,143.772,SER-122
-64.3926,133.021,VAL-123
-119.587,124.722,VAL-124
-107.144,163.354,VAL-125
-81.9696,173.191,PRO-126
-99.4618,129.048,TYR-127
-127.444,106.521,GLU-128
-57.4288,140.931,PRO-129
-62.8087,165.32,PRO-130
-131.06,167.223,GLU-131
-48.5928,126.189,VAL-132
98.5794,12.2349,GLY-133
-160.777,154.414,SER-134
-127.721,-28.0036,ASP-135
-140.722,156.145,CYS-136
-82.5658,149.258,THR-137
-131.991,140.361,THR-138
-134.418,130.92,ILE-139
-115.528,52.6141,HIS-140
-36.4653,155.026,TYR-141
-167.475,138.538,ASN-142
-138.429,146.669,TYR-143
-149.194,96.2569,MET-144
-105.802,153.678,CYS-145
-75.6023,143.058,ASN-146
-66.6172,-25.8232,SER-147
-87.3969,-6.53695,SER-148
-53.5073,125.003,CYS-149
-78.338,-24.2257,MET-150
79.3524,-174.379,GLY-151
-73.5683,158.393,GLY-152
-51.2499,-33.3037,ILE-153
-134.747,123.438,ASN-154
-78.3393,113.999,ARG-155
-126.967,149.871,ARG-156
-69.3671,149.071,PRO-157
-127.306,147.415,ILE-158
-100.516,151.115,LEU-159
-110.637,138.552,THR-160
-112.159,108.257,ILE-161
-104.352,130.245,ILE-162
-141.17,153.507,THR-163
-100.29,157.536,LEU-164
-159.645,162.354,GLU-165
-85.4583,173.801,ASP-166
-48.1019,-35.4424,SER-167
-61.8266,-20.267,SER-168
97.0619,-5.51261,GLY-169
-62.4396,127.956,ASN-170
-84.4946,137.283,LEU-171
-135.094,8.27066,LEU-172
147.859,165.733,GLY-173
-151.471,149.411,ARG-174
-151.392,125.413,ASN-175
-120.32,142.517,SER-176
-138.154,152.711,PHE-177
-76.4186,133.196,GLU-178
-94.9329,149.277,VAL-179
-143.185,102.852,ARG-180
-88.6478,137.748,VAL-181
-174.968,157.914,CYS-182
-76.4654,-54.6707,ALA-183
-104.406,88.2034,CYS-184
-68.1806,-17.8062,PRO-185
-90.913,-29.3276,GLY-186
-60.5432,-51.5479,ARG-187
-62.0357,-51.7978,ASP-188
-49.566,-56.5145,ARG-189
-48.5321,-45.756,ARG-190
-74.6357,-37.3863,THR-191
-76.6019,-35.7243,GLU-192
-72.5115,-7.41975,GLU-193
-66.9066,-20.4042,GLU-194
-57.2584,-33.9422,ASN-195
-62.5832,147.407,LEU-196
-73.0084,-45.4394,ARG-197
-63.6046,175.809,LYS-198
-83.6537,143.322,LYS-199
-95.1981,-179.824,GLY-200
-84.3735,149,GLU-201
-55.6545,172.804,PRO-202
-165.98,155.54,HIS-203
-55.1348,145.766,HIS-204
-79.8313,-40.2559,GLU-205
-52.2878,-60.9452,LEU-206
-70.5475,159.14,PRO-207
-97.6329,-169.942,PRO-208
-65.4045,165.312,GLY-209
-129.031,-143.295,SER-210
-82.9961,154.667,THR-211
-116.486,151.248,LYS-212
77.7274,126.009,ARG-213
-56.1287,161.036,ALA-214
-76.1116,-45.0742,LEU-215
-56.314,165.146,PRO-216
-85.9003,24.83,ASN-217
-55.5152,127.379,ASN-218
-80.5036,109.778,SER-2
-141.402,146.969,SER-3
-66.988,123.564,VAL-4
-88.0278,166.507,PRO-5
-100.075,147.704,SER-6
-107.246,-10.0226,GLN-7
-72.888,127.07,LYS-8
-65.0388,138.352,THR-9
-162.412,140.996,TYR-10
-82.8026,-23.8591,GLN-11
73.2113,-172.75,GLY-12
-79.0002,-3.76457,SER-13
-109.062,-31.9818,TYR-14
91.0791,58.3954,GLY-15
-78.2263,117.175,PHE-16
-155.3,135.195,ARG-17
-92.3489,166.265,LEU-18
-155.584,117.131,GLY-19
-90.5328,173.538,PHE-20
-117.858,125.165,LEU-21
-135.193,91.1585,HIS-22
-109.887,-0.50198,SER-23
161.699,-173.701,GLY-24
-123.427,3.25675,THR-25
-69.4705,158.398,ALA-26
-59.5357,-22.1897,LYS-27
-90.2392,-14.0076,SER-28
-54.2165,140.808,VAL-29
-86.3927,-60.025,THR-30
-135.421,176.344,CYS-31
-168.693,151.583,THR-32
-144.041,129.243,TYR-33
-97.1533,118.049,SER-34
-63.8622,-38.1415,PRO-35
-80.2455,-15.6182,ALA-36
-91.35,-20.1109,LEU-37
62.5596,40.5069,ASN-38
-122.83,133.641,LYS-39
-98.7234,136.921,MET-40
-115.618,127.822,PHE-41
-121.325,150.509,CYS-42
-75.2795,137.781,GLN-43
-63.4883,134.944,LEU-44
78.282,-11.7395,ALA-45
-80.6535,169.222,LYS-46
-85.8463,132.95,THR-47
-128.662,76.3228,CYS-48
-55.7331,128.015,PRO-49
-129.732,127.189,VAL-50
-88.5364,164.151,GLN-51
-160.338,139.1,LEU-52
-118.931,153.895,TRP-53
-127.83,118.89,VAL-54
-79.5538,-39.2356,ASP-55
-82.0973,-21.151,SER-56
88.8849,143.166,THR-57
-84.2135,162.819,PRO-58
-67.4255,162.01,PRO-59
-61.8577,157.208,PRO-60
83.4726,-11.1256,GLY-61
-53.5142,159.406,THR-62
-148.295,142.652,ARG-63
-105.49,125.432,VAL-64
-111.563,145.141,ARG-65
-132.31,147.553,ALA-66
-168.68,-174.959,MET-67
-168.303,117.992,ALA-68
-95.6186,161.631,ILE-69
-124.438,140.013,TYR-70
-132.749,155.331,LYS-71
-154.801,172.996,GLN-72
-71.4145,-23.2728,SER-73
-79.7101,-31.1238,GLN-74
-161.665,163.131,HIS-75
-119.652,-30.6462,MET-76
-76.2184,95.5052,THR-77
-165.204,165.616,GLU-78
-115.308,155.113,VAL-79
-59.6545,118.38,VAL-80
-130.245,157.205,ARG-81
-62.8554,158.453,ARG-82
-58.7426,151.167,CYS-83
-57.6794,-43.0105,PRO-84
-65.1463,-9.56523,HIS-85
-131.039,-7.7998,HIS-86
-74.2796,21.9207,GLU-87
-161.855,-17.9102,ARG-88
-61.9404,163.754,CYS-89
-59.0865,-14.0391,SER-90
-77.6321,-22.5595,ASP-91
-99.1298,-23.1347,SER-92
-65.7131,157.976,ASP-93
145.987,-152.169,GLY-94
-74.8838,-45.3012,LEU-95
-68.8001,162.587,ALA-96
-56.7478,139.803,PRO-97
-61.112,-15.5851,PRO-98
-77.4432,-35.6376,GLN-99
-75.5449,115.023,HIS-100
-78.4297,-43.5897,LEU-101
-69.043,128.112,ILE-102
-146.245,157.752,ARG-103
-142.142,166.594,VAL-104
-148.496,-173.844,GLU-105
125.06,-82.355,GLY-106
-63.5175,136.873,ASN-107
-63.6589,-39.9454,LEU-108
-65.3127,127.028,ARG-109
-169.762,133.786,VAL-110
-153.221,162.984,GLU-111
-113.567,108.34,TYR-112
-107.893,154.448,LEU-113
-63.3915,163.494,ASP-114
-104.301,137.163,ASP-115
-75.1895,1.12536,ARG-116
-131.43,-22.3386,ASN-117
-144.438,-11.5823,THR-118
71.3233,5.7877,PHE-119
-70.0593,88.0073,ARG-120
-47.7831,115.998,HIS-121
-164.84,147.272,SER-122
-57.1033,132.346,VAL-123
-131.271,130.329,VAL-124
-125.639,141.256,VAL-125
-66.5326,154.48,PRO-126
-78.6882,137.626,TYR-127
-151.643,131.229,GLU-128
-68.2676,-174.179,PRO-129
-92.0183,-174.366,PRO-130
-156.164,151.208,GLU-131
-42.9055,120.574,VAL-132
92.7696,3.9293,GLY-133
-141.517,160.208,SER-134
-127.436,-18.8199,ASP-135
-143.837,144.005,CYS-136
-66.5743,157.452,THR-137
-142.4,126.438,THR-138
-113.74,149.705,ILE-139
-128.56,92.1102,HIS-140
-72.7501,174.941,TYR-141
-174.586,128.711,ASN-142
-140.785,147.12,TYR-143
-142.416,131.714,MET-144
-148.607,140.607,CYS-145
-67.4394,157.535,ASN-146
-87.3245,-39.3016,SER-147
-83.6536,5.27702,SER-148
-58.2873,139,CYS-149
-73.8241,-45.2809,MET-150
66.1637,-169.159,GLY-151
-79.4782,152.916,GLY-152
-45.9801,-40.7013,ILE-153
-120.175,96.1483,ASN-154
-45.5512,119.851,ARG-155
-135.696,156.619,ARG-156
-71.7313,159.47,PRO-157
-133.05,139.05,ILE-158
-122.218,132.749,LEU-159
-103.198,150.314,THR-160
-117.197,122.734,ILE-161
-114.698,139.548,ILE-162
-144.604,148.634,THR-163
-91.0557,128.23,LEU-164
-136.825,159.68,GLU-165
-80.9035,168.008,ASP-166
-63.341,-22.0851,SER-167
-76.2465,-9.50354,SER-168
84.3803,-11.6839,GLY-169
-53.8126,140.997,ASN-170
-89.9818,124.486,LEU-171
-97.8282,-36.8211,LEU-172
-171.539,-176.786,GLY-173
-143.225,148.083,ARG-174
-140.933,148.62,ASN-175
-132.533,156.87,SER-176
-157.59,150.475,PHE-177
-76.0243,129.233,GLU-178
-101.088,155.486,VAL-179
-151.357,105.682,ARG-180
-92.0045,121.915,VAL-181
-146.64,-179.289,CYS-182
-85.0931,-40.6066,ALA-183
-123.459,99.2783,CYS-184
-74.4296,-22.6099,PRO-185
-86.5126,-26.9727,GLY-186
-64.9054,-53.2607,ARG-187
-67.9282,-30.0805,ASP-188
-52.9342,-71.3703,ARG-189
-34.7636,-47.3951,ARG-190
-57.0238,-43.7802,THR-191
-99.2551,-22.0315,GLU-192
-65.6057,-16.013,GLU-193
-61.2774,-29.685,GLU-194
-77.7421,6.61485,ASN-195
-103.211,147.848,LEU-196
-76.9789,12.3879,ARG-197
-130.125,153.491,LYS-198
-53.2198,172.233,LYS-199
-122.989,-177.767,GLY-200
-69.4804,152.147,GLU-201
-65.0747,165.01,PRO-202
-157.834,139.982,HIS-203
-35.2941,119.884,HIS-204
-68.6784,-19.6989,GLU-205
-73.3875,-54.7979,LEU-206
-65.6484,147.741,PRO-207
-68.3499,177.761,PRO-208
-65.6149,135.291,GLY-209
-74.6519,-132.933,SER-210
-129.266,167.314,THR-211
-132.359,142.546,LYS-212
66.3742,157.332,ARG-213
-68.851,168.894,ALA-214
-61.9937,-52.2292,LEU-215
-70.7343,153.21,PRO-216
-77.757,30.9785,ASN-217
-62.5215,143.553,ASN-218
-53.874,133.485,SER-2
-151.581,155.62,SER-3
-83.1912,127.538,VAL-4
-79.027,143.183,PRO-5
-79.9228,138.971,SER-6
-98.5913,-3.51835,GLN-7
-65.5679,125.594,LYS-8
-74.1462,140.732,THR-9
-167.418,154.173,TYR-10
-111.385,5.27526,GLN-11
46.5542,-144.064,GLY-12
-108.356,-11.8185,SER-13
-83.4334,-21.0101,TYR-14
86.6304,47.3763,GLY-15
-73.0406,134.981,PHE-16
-158.808,157.69,ARG-17
-124.96,152.035,LEU-18
-125.545,136.625,GLY-19
-96.964,149.441,PHE-20
-69.5622,137.691,LEU-21
-139.528,103.81,HIS-22
-98.4508,-18.3821,SER-23
153.901,-156.629,GLY-24
-128.288,-28.815,THR-25
-52.8526,144.518,ALA-26
-41.5038,-29.3885,LYS-27
-65.8565,-10.2222,SER-28
-76.4695,130.245,VAL-29
-47.3484,-71.5043,THR-30
-147.119,164.685,CYS-31
-141.052,141.32,THR-32
-116.779,134.631,TYR-33
-105.185,115.492,SER-34
-70.3851,-36.2379,PRO-35
-69.9642,-8.86846,ALA-36
-110.861,-10.4745,LEU-37
37.6075,66.1261,ASN-38
-147.142,134.634,LYS-39
-98.7278,131.435,MET-40
-97.0071,105.366,PHE-41
-94.5822,133.845,CYS-42
-66.9961,143.901,GLN-43
-61.8362,120.851,LEU-44
71.5998,-17.724,ALA-45
-69.0277,149.924,LYS-46
-71.9635,117.059,THR-47
-101.46,100.698,CYS-48
-86.5103,142.817,PRO-49
-129.348,119.855,VAL-50
-89.025,135.471,GLN-51
-135.215,144.011,LEU-52
-149.26,156.104,TRP-53
-146.686,123.696,VAL-54
-74.2793,-46.0603,ASP-55
-72.6595,-22.5495,SER-56
88.336,129.747,THR-57
-86.7369,156.84,PRO-58
-49.1953,147.481,PRO-59
-62.9816,136.232,PRO-60
90.0377,1.19189,GLY-61
-65.5488,158.058,THR-62
-156.744,138.96,ARG-63
-92.2216,139.309,VAL-64
-124.83,155.337,ARG-65
-150.875,152.009,ALA-66
-166.271,167.736,MET-67
-148.69,140.501,ALA-68
-117.632,133.532,ILE-69
-104.195,94.1524,TYR-70
-78.165,154.25,LYS-71
-143.316,164.314,GLN-72
-66.6493,-5.19429,SER-73
-142.626,-6.66352,GLN-74
-163.57,153.272,HIS-75
-114.792,-18.9095,MET-76
-89.1007,76.9542,THR-77
-148.916,154.88,GLU-78
-105.014,150.655,VAL-79
-64.7257,130.339,VAL-80
-139.409,163.009,ARG-81
-70.6375,159.558,ARG-82
-58.4221,146.542,CYS-83
-57.3797,-18.8417,PRO-84
-88.8844,-12.8471,HIS-85
-115.559,-15.2022,HIS-86
-63.1542,-1.2254,GLU-87
-137.79,-27.0804,ARG-88
-57.038,154.764,CYS-89
-50.7689,-20.5448,SER-90
-66.4597,-20.8878,ASP-91
-110.832,-17.5233,SER-92
-69.8479,150.037,ASP-93
147.092,-143.209,GLY-94
-74.1304,-34.0632,LEU-95
-81.7992,134.81,ALA-96
-50.8658,127.01,PRO-97
-47.9774,-24.4163,PRO-98
-65.3944,-38.1805,GLN-99
-58.581,128.425,HIS-100
-72.7782,-48.227,LEU-101
-80.3745,115.852,ILE-102
-145.733,154.125,ARG-103
-153.043,148.549,VAL-104
-150.944,-171.128,GLU-105
120.089,-23.4394,GLY-106
-143.701,152.663,ASN-107
-55.329,-63.4952,LEU-108
-69.1846,141.549,ARG-109
-168.88,132.751,VAL-110
-164.861,140.837,GLU-111
-82.21,135.224,TYR-112
-140.823,156.682,LEU-113
-69.8393,133.394,ASP-114
-54.3581,124.429,ASP-115
-80.8053,-12.3311,ARG-116
-100.53,-37.4932,ASN-117
-118.586,-19.1051,THR-118
78.3785,14.9032,PHE-119
-75.292,119.422,ARG-120
-67.5654,107.033,HIS-121
-142.125,146.37,SER-122
-69.0855,133.298,VAL-123
-132.467,109.35,VAL-124
-96.9592,146.278,VAL-125
-71.011,146.522,PRO-126
-77.2683,132.479,TYR-127
-125.194,114.62,GLU-128
-60.4645,151.792,PRO-129
-81.6796,150.494,PRO-130
-107.311,154.307,GLU-131
-40.0136,118.141,VAL-132
109.739,-20.2993,GLY-133
-119.079,149.206,SER-134
-96.7224,-29.0929,ASP-135
-133.078,150.547,CYS-136
-50.6352,138.086,THR-137
-127.588,123.278,THR-138
-88.0373,141.729,ILE-139
-117.043,93.4771,HIS-140
-72.5776,171.24,TYR-141
-152.559,164.876,ASN-142
-157.574,146.547,TYR-143
-138.92,139.571,MET-144
-157.64,149.345,CYS-145
-98.1361,146.009,ASN-146
-70.7626,-12.5209,SER-147
-100.275,11.5217,SER-148
-70.4838,125.689,CYS-149
-83.854,-33.9317,MET-150
88.7311,173.896,GLY-151
-80.0298,176.972,GLY-152
-60.2432,-44.314,ILE-153
-120.43,109.528,ASN-154
-54.246,110.661,ARG-155
-135.156,150.788,ARG-156
-76.9201,-174.708,PRO-157
-155.622,142.268,ILE-158
-121.421,128.39,LEU-159
-100.2,128.265,THR-160
-104.174,103.35,ILE-161
-110.503,126.382,ILE-162
-140.183,151.047,THR-163
-108.581,127.849,LEU-164
-141.179,-178.538,GLU-165
-122.601,177.15,ASP-166
-60.3087,-26.5661,SER-167
-92.8305,-3.13273,SER-168
93.0727,-1.83316,GLY-169
-52.6957,126.175,ASN-170
-76.9435,126.018,LEU-171
-103.349,-30.7769,LEU-172
-172.976,163.124,GLY-173
-165.057,138.759,ARG-174
-147.809,143.722,ASN-175
-130.384,159.217,SER-176
-153.917,144.49,PHE-177
-75.7746,131.141,GLU-178
-94.2117,125.136,VAL-179
-124.217,125.344,ARG-180
-109.19,137.591,VAL-181
-155.269,174.956,CYS-182
-89.6132,-48.0145,ALA-183
-120.012,91.2792,CYS-184
-56.0905,-25.3277,PRO-185
-78.2102,-31.2369,GLY-186
-72.3281,-49.9182,ARG-187
-60.7786,-43.9792,ASP-188
-59.4028,-42.7104,ARG-189
-61.1517,-37.9212,ARG-190
-68.4767,-53.2301,THR-191
-91.9463,-21.9422,GLU-192
-77.2207,-0.72943,GLU-193
-67.399,-40.0812,GLU-194
-58.1398,18.1919,ASN-195
-108.726,171.014,LEU-196
-66.2297,-71.1063,ARG-197
-65.5112,158.08,LYS-198
-78.766,154.793,LYS-199
-118.02,-154.428,GLY-200
-76.8261,145.052,GLU-201
-77.7518,162.988,PRO-202
-163.344,165.986,HIS-203
-63.2915,139.132,HIS-204
-78.6785,-18.4454,GLU-205
-66.7776,-63.2276,LEU-206
-77.4752,138.327,PRO-207
-76.2211,-177.775,PRO-208
-63.1472,163.754,GLY-209
-90.4037,-91.8183,SER-210
-157.312,162.995,THR-211
-121.568,142.213,LYS-212
79.0731,130.136,ARG-213
-49.9013,155.402,ALA-214
-61.9891,-35.7708,LEU-215
-65.3935,152.492,PRO-216
-83.8996,24.0654,ASN-217
-66.0156,146.45,ASN-218
-52.5036,146.815,SER-2
-167.06,151.655,SER-3
-74.6648,115.813,VAL-4
-59.8602,146.066,PRO-5
-76.9937,147.897,SER-6
-100.069,-11.2671,GLN-7
-66.46,115.899,LYS-8
-55.0405,130.443,THR-9
-150.963,148.736,TYR-10
-86.306,-43.0562,GLN-11
96.2998,-178.925,GLY-12
-73.6632,-13.6123,SER-13
-93.2605,-26.3919,TYR-14
92.9509,27.6726,GLY-15
-48.8587,119.101,PHE-16
-140.579,164.814,ARG-17
-126.001,155.97,LEU-18
-135.754,143.506,GLY-19
-114.905,140.184,PHE-20
-91.0762,151.221,LEU-21
-155.75,87.986,HIS-22
-98.1183,-23.8111,SER-23
-145.157,179.106,GLY-24
-130.138,-6.43061,THR-25
-61.9956,158.81,ALA-26
-52.7478,-26.4826,LYS-27
-67.2822,-23.9462,SER-28
-75.8438,133.821,VAL-29
-74.1791,-50.9922,THR-30
-141.886,170.092,CYS-31
-151.075,141.07,THR-32
-109.405,130.666,TYR-33
-102.056,96.3037,SER-34
-68.2049,-24.3375,PRO-35
-71.5203,-11.287,ALA-36
-116.683,-12.9248,LEU-37
61.6888,23.4527,ASN-38
-109.268,134.094,LYS-39
-114.935,131.486,MET-40
-101.47,128.377,PHE-41
-119.77,128.414,CYS-42
-68.9482,116.55,GLN-43
-45.0751,136.339,LEU-44
69.8712,6.26703,ALA-45
-99.5812,-177.67,LYS-46
-107.484,118.29,THR-47
-107.094,107.296,CYS-48
-75.9204,136.665,PRO-49
-125.984,152.229,VAL-50
-118.946,156.592,GLN-51
-148.909,142.787,LEU-52
-161.11,148.813,TRP-53
-153.78,125.24,VAL-54
-79.9349,-38.0463,ASP-55
-94.8919,10.3192,SER-56
69.8622,144.633,THR-57
-88.0037,162.456,PRO-58
-72.1163,168.675,PRO-59
-55.5425,141.489,PRO-60
82.3774,17.2669,GLY-61
-73.2736,146.353,THR-62
-152.318,155.897,ARG-63
-105.665,134.488,VAL-64
-114.905,126.162,ARG-65
-110.758,152.918,ALA-66
-164.673,174.697,MET-67
-147.805,111.844,ALA-68
-93.303,138.214,ILE-69
-111.783,142.719,TYR-70
-126.192,157.832,LYS-71
-132.796,178.481,GLN-72
-75.0993,-12.3612,SER-73
-101.801,-4.6951,GLN-74
-162.97,154.287,HIS-75
-131.387,-2.53832,MET-76
-105.842,86.6663,THR-77
-165.177,163.046,GLU-78
-119.481,147.499,VAL-79
-66.7944,129.596,VAL-80
-142.438,140.567,ARG-81
-38.963,145.87,ARG-82
-62.4243,158.988,CYS-83
-59.0633,-27.7411,PRO-84
-83.008,-9.96019,HIS-85
-114.017,-7.37153,HIS-86
-81.6832,11.6212,GLU-87
-149.187,-35.5276,ARG-88
-56.5242,161.829,CYS-89
-59.9806,-26.3779,SER-90
-69.6745,-22.133,ASP-91
-92.7574,-16.6184,SER-92
-69.8496,157.623,ASP-93
144.405,-142.156,GLY-94
-72.7864,-45.8481,LEU-95
-71.0228,162.335,ALA-96
-69.0679,158.911,PRO-97
-70.6759,-14.6804,PRO-98
-79.0416,-32.9951,GLN-99
-58.4066,135.843,HIS-100
-96.9478,-43.2278,LEU-101
-83.6105,125.314,ILE-102
-143.902,176.042,ARG-103
-168.862,138.691,VAL-104
-142.998,-170.059,GLU-105
104.381,7.11181,GLY-106
-139.447,173.439,ASN-107
-63.7409,-49.8191,LEU-108
-85.3587,148.743,ARG-109
169.046,117.106,VAL-110
-149.835,170.609,GLU-111
-97.1773,128.567,TYR-112
-129.249,170.282,LEU-113
-75.8517,142.301,ASP-114
-75.324,127.403,ASP-115
-71.2729,8.24675,ARG-116
-124.79,-65.461,ASN-117
-78.0591,-33.5919,THR-118
97.5842,-3.41676,PHE-119
-56.3037,114.093,ARG-120
-65.1523,120.967,HIS-121
-154.735,160.394,SER-122
-80.9587,141.929,VAL-123
-132.928,134.727,VAL-124
-129.296,147.161,VAL-125
-72.9864,164.808,PRO-126
-89.5531,108.382,TYR-127
-99.085,93.9378,GLU-128
-68.6991,161.85,PRO-129
-70.9677,123.513,PRO-130
-67.4345,160.081,GLU-131
-67.0585,132.626,VAL-132
95.2076,0.0147664,GLY-133
-121.358,144.444,SER-134
-109.592,-20.5636,ASP-135
-157.201,-171.483,CYS-136
-122.081,147.469,THR-137
-126.828,136.97,THR-138
-121.411,139.546,ILE-139
-111.277,90.9001,HIS-140
-74.6303,163.6,TYR-141
-170.084,156.429,ASN-142
-154.989,165.956,TYR-143
-163.723,124.274,MET-144
-166.475,118.05,CYS-145
-80.0775,160.085,ASN-146
-66.6964,-13.8621,SER-147
-101.088,-8.85606,SER-148
-54.0611,163.478,CYS-149
-134.427,-30.6797,MET-150
64.185,-152.567,GLY-151
-87.6272,166.652,GLY-152
-74.5938,-26.0018,ILE-153
-123.543,88.091,ASN-154
-55.4063,131.894,ARG-155
-145.262,154.1,ARG-156
-66.2452,169.123,PRO-157
-148.358,134.712,ILE-158
-104.644,138.381,LEU-159
-103.182,153.856,THR-160
-130.995,114.937,ILE-161
-106.183,135.904,ILE-162
-140.199,153.155,THR-163
-103.408,138.232,LEU-164
-141.79,149.815,GLU-165
-61.4446,171.448,ASP-166
-64.6704,-17.8283,SER-167
-78.0176,-18.686,SER-168
95.4441,1.16158,GLY-169
-59.8212,124.947,ASN-170
-69.0923,112.98,LEU-171
-85.1608,-32.689,LEU-172
-176.571,163.333,GLY-173
-148.494,145.888,ARG-174
-152.534,117.552,ASN-175
-123.305,139.804,SER-176
-141.846,157.948,PHE-177
-87.2301,142.005,GLU-178
-108.71,130.024,VAL-179
-137.703,97.5019,ARG-180
-80.4637,144.839,VAL-181
-167.83,171.24,CYS-182
-99.4477,-27.1295,ALA-183
-131.559,97.4844,CYS-184
-75.8472,-11.4036,PRO-185
-75.9324,-30.152,GLY-186
-75.698,-38.4685,ARG-187
-68.9395,-42.1958,ASP-188
-53.7476,-52.551,ARG-189
-70.4202,-26.1775,ARG-190
-60.2256,-52.3895,THR-191
-92.6019,-37.0507,GLU-192
-63.9788,-5.4101,GLU-193
-69.8021,-27.038,GLU-194
-69.6587,-3.2458,ASN-195
-80.5934,161.731,LEU-196
-76.7976,-38.7497,ARG-197
-79.6676,161.987,LYS-198
-77.143,179.665,LYS-199
-122.033,-168.155,GLY-200
-79.0829,150.096,GLU-201
-70.9249,162.908,PRO-202
-147.193,-177.324,HIS-203
-59.1854,145.617,HIS-204
-98.0052,-11.7433,GLU-205
-74.9443,-48.635,LEU-206
-77.128,148.04,PRO-207
-80.1668,-163.84,PRO-208
-76.0145,162.035,GLY-209
-77.9482,-162.318,SER-210
-99.2849,153.853,THR-211
-87.7199,160.262,LYS-212
61.3736,155.066,ARG-213
-71.6628,161.047,ALA-214
-63.1224,-47.8414,LEU-215
-63.2363,142.372,PRO-216
-61.856,13.4679,ASN-217
-58.2793,127.668,ASN-218
-69.2523,141.537,SER-2
-155.207,164.954,SER-3
-69.8186,133.455,VAL-4
-54.4087,131.901,PRO-5
-69.3508,146.376,SER-6
-99.395,-7.58539,GLN-7
-67.1443,130.072,LYS-8
-66.2257,112.099,THR-9
-143.453,150.681,TYR-10
-95.6178,-25.6435,GLN-11
75.8539,170.132,GLY-12
-64.203,-18.4414,SER-13
-65.6612,-48.4382,TYR-14
108.723,37.9287,GLY-15
-74.6258,102.018,PHE-16
-137.587,137.695,ARG-17
-92.8995,176.173,LEU-18
-160.016,151.921,GLY-19
-123.639,103.114,PHE-20
-57.6287,138.732,LEU-21
-155.823,125.096,HIS-22
-145.544,-70.355,SER-23
-106.52,157.696,GLY-24
-130.276,-4.19345,THR-25
-58.4655,157.453,ALA-26
-37.2965,-41.3072,LYS-27
-64.8941,-6.73164,SER-28
-49.7932,147.777,VAL-29
-102.847,-42.7462,THR-30
-148.37,152.162,CYS-31
-143.361,143.318,THR-32
-124.847,133.651,TYR-33
-106.657,102.067,SER-34
-65.4419,-31.7144,PRO-35
-72.6462,-28.7842,ALA-36
-91.6489,-19.6593,LEU-37
59.4088,57.9447,ASN-38
-141.345,124.275,LYS-39
-98.8614,119.075,MET-40
-95.8718,122.531,PHE-41
-135.655,162.215,CYS-42
-99.5035,135.02,GLN-43
-60.5815,128.042,LEU-44
87.8649,-37.0032,ALA-45
-70.3345,163.083,LYS-46
-92.7168,141.296,THR-47
-132.249,101.283,CYS-48
-67.8865,113.253,PRO-49
-94.6882,132.44,VAL-50
-106.705,168.082,GLN-51
-151.86,135.897,LEU-52
-118.895,151.074,TRP-53
-131.043,122.634,VAL-54
-72.7792,-50.4595,ASP-55
-101.224,-6.31748,SER-56
81.0193,149.519,THR-57
-89.6586,166.042,PRO-58
-56.8638,161.021,PRO-59
-65.3831,160.094,PRO-60
80.7914,-0.267976,GLY-61
-68.9549,151.821,THR-62
-155.987,151.813,ARG-63
-110.532,108.313,VAL-64
-95.9829,142.416,ARG-65
-138.977,141.89,ALA-66
-161.457,170.756,MET-67
-149.353,115.31,ALA-68
-93.5133,126.157,ILE-69
-94.563,110.167,TYR-70
-82.799,164.829,LYS-71
-153.737,177.267,GLN-72
-62.1563,-44.2171,SER-73
-85.7302,-13.3741,GLN-74
-153.643,148.917,HIS-75
-88.9889,-37.272,MET-76
-112.694,74.901,THR-77
-129.692,172.254,GLU-78
-110.484,149.966,VAL-79
-66.1702,112.925,VAL-80
-110.574,147.899,ARG-81
-57.769,153.962,ARG-82
-44.1964,150.886,CYS-83
-59.0309,-27.6585,PRO-84
-85.2491,-3.907,HIS-85
-126.583,-17.5657,HIS-86
-81.6245,11.777,GLU-87
-141.93,-48.7427,ARG-88
-66.8601,162.257,CYS-89
-53.1984,-16.3801,SER-90
-67.1212,-27.1069,ASP-91
-105.235,-32.6188,SER-92
-59.563,129.956,ASP-93
166.751,-149.522,GLY-94
-62.3188,-53.0505,LEU-95
-68.258,136.709,ALA-96
-50.7833,125.484,PRO-97
-55.3218,-17.2304,PRO-98
-72.4372,-33.5088,GLN-99
-73.0249,134.209,HIS-100
-81.4544,-44.9271,LEU-101
-74.1131,111.983,ILE-102
-134.645,169.118,ARG-103
-173.131,145.274,VAL-104
-140.359,-158.705,GLU-105
106.574,-15.7868,GLY-106
-147.233,157.917,ASN-107
-54.1779,-59.5936,LEU-108
-69.4899,149.503,ARG-109
179.54,143.633,VAL-110
-168.788,175.727,GLU-111
-119.821,123.285,TYR-112
-134.039,164.337,LEU-113
-64.5002,138.036,ASP-114
-53.1345,126.55,ASP-115
-71.7598,-7.31107,ARG-116
-115.149,-44.3365,ASN-117
-98.0109,-21.8373,THR-118
86.8162,-12.2496,PHE-119
-47.4531,112.613,ARG-120
-63.3821,128.966,HIS-121
-173.093,155.133,SER-122
-78.4776,148.647,VAL-123
-129.346,127.383,VAL-124
-98.8042,158.475,VAL-125
-71.8841,148.163,PRO-126
-82.4034,109.476,TYR-127
-89.8933,110.484,GLU-128
-55.3798,156.718,PRO-129
-59.8767,139.273,PRO-130
-72.7092,161.41,GLU-131
-47.3088,129.838,VAL-132
88.3687,-10.7969,GLY-133
-91.4695,145.495,SER-134
-88.9164,-18.1379,ASP-135
-167.757,162.876,CYS-136
-88.002,151.803,THR-137
-134.264,118.613,THR-138
-101.767,128.27,ILE-139
-112.087,73.3544,HIS-140
-59.4955,147.412,TYR-141
-144.691,153.223,ASN-142
-140.382,145.956,TYR-143
-128.478,127.288,MET-144
-143.066,132.166,CYS-145
-77.9246,137.173,ASN-146
-55.7671,-30.5424,SER-147
-81.8269,4.75296,SER-148
-64.3084,160.201,CYS-149
-85.5235,-40.935,MET-150
66.7094,158.32,GLY-151
-80.5828,177.602,GLY-152
-52.9201,-28.7545,ILE-153
-137.097,86.3849,ASN-154
-53.2123,108.617,ARG-155
-126.102,141.076,ARG-156
-63.1791,169.543,PRO-157
-127.974,122.237,ILE-158
-101.314,130.52,LEU-159
-102.198,138.048,THR-160
-111.483,96.5445,ILE-161
-85.9545,138.442,ILE-162
-142.804,136.616,THR-163
-93.0478,125.981,LEU-164
-140.636,160.911,GLU-165
-76.3796,165.856,ASP-166
-53.3891,-25.1426,SER-167
-91.4228,11.2569,SER-168
82.4597,-13.3724,GLY-169
-70.009,131.709,ASN-170
-75.0009,128.811,LEU-171
-106.002,-32.626,LEU-172
-171.059,174.341,GLY-173
-156.899,148.71,ARG-174
-166.094,128.993,ASN-175
-131.492,146.75,SER-176
-155.582,152.659,PHE-177
-69.8326,137.254,GLU-178
-113.472,133.109,VAL-179
-119.601,113.854,ARG-180
-91.0372,132.336,VAL-181
-170.651,175.104,CYS-182
-86.3403,-38.9075,ALA-183
-130.022,81.9348,CYS-184
-56.8199,-26.8633,PRO-185
-70.0712,-44.5553,GLY-186
-58.9883,-44.9631,ARG-187
-68.0252,-42.0408,ASP-188
-48.9308,-66.8419,ARG-189
-52.3383,-29.4346,ARG-190
-75.3013,-69.1889,THR-191
-66.6087,-33.4789,GLU-192
-73.0664,-9.33983,GLU-193
-61.7828,-28.9167,GLU-194
-69.8463,-9.41698,ASN-195
-72.9662,146.528,LEU-196
-62.5913,-36.1698,ARG-197
-76.8844,166.037,LYS-198
-84.4202,157.827,LYS-199
-113.372,-140.128,GLY-200
-104.103,160.633,GLU-201
-84.7087,174.767,PRO-202
-178.618,162.215,HIS-203
-58.2227,145.365,HIS-204
-101.895,-3.40684,GLU-205
-91.4782,-20.4189,LEU-206
-71.9092,136.116,PRO-207
-71.5074,170.086,PRO-208
-63.5986,140.967,GLY-209
-65.2722,-172.627,SER-210
-81.1783,155.135,THR-211
-93.2771,142.428,LYS-212
74.8752,152.973,ARG-213
-61.7583,159.416,ALA-214
-65.9164,-31.1716,LEU-215
-70.9884,158.963,PRO-216
-78.0099,28.2351,ASN-217
-61.8727,126.077,ASN-218
-92.808,171.606,SER-2
-159.998,160.205,SER-3
-63.5191,118.788,VAL-4
-66.631,144.894,PRO-5
-76.4096,157.369,SER-6
-117.535,-2.52046,GLN-7
-82.03,126.102,LYS-8
-73.5208,136.167,THR-9
-170.373,151.996,TYR-10
-99.7893,-24.298,GLN-11
91.5393,-174.518,GLY-12
-74.812,-1.20716,SER-13
-106.66,-27.3701,TYR-14
94.0117,40.7876,GLY-15
-74.5291,121.094,PHE-16
-156.095,142.752,ARG-17
-97.3666,157.561,LEU-18
-130.124,85.7379,GLY-19
-64.0848,113.071,PHE-20
-82.8338,95.0558,LEU-21
-85.2094,122.699,HIS-22
-129.011,-26.5274,SER-23
177.913,-158.182,GLY-24
-142.783,-8.57619,THR-25
-63.4872,161.179,ALA-26
-51.0184,-34.8909,LYS-27
-48.5838,-19.6486,SER-28
-85.0999,146.813,VAL-29
-80.4663,-57.1172,THR-30
-129.538,159.261,CYS-31
-148.137,148.611,THR-32
-139.322,135.172,TYR-33
-104.151,99.6689,SER-34
-69.8634,-22.6363,PRO-35
-85.9289,-3.94836,ALA-36
-125.362,-2.50851,LEU-37
40.5977,42.574,ASN-38
-116.413,136.174,LYS-39
-111.184,133.32,MET-40
-90.8264,143.29,PHE-41
-139.371,116.823,CYS-42
-78.6796,122.784,GLN-43
-47.1108,127.029,LEU-44
53.8333,1.74302,ALA-45
-74.8634,159.732,LYS-46
-69.5,114.358,THR-47
-106.364,101.455,CYS-48
-72.5239,146.808,PRO-49
-150.575,126.087,VAL-50
-77.864,145.814,GLN-51
-127.747,121.858,LEU-52
-103.663,161.882,TRP-53
-145.352,96.7674,VAL-54
-51.5136,-36.5218,ASP-55
-115.564,7.89312,SER-56
66.1921,139.606,THR-57
-74.5011,162.57,PRO-58
-63.0852,166.463,PRO-59
-79.1896,150.759,PRO-60
86.9279,24.1409,GLY-61
-115.15,141.669,THR-62
-134.132,134.322,ARG-63
-91.753,121.558,VAL-64
-105.926,138.195,ARG-65
-116.194,130.999,ALA-66
-139.701,172.63,MET-67
-166.527,124.81,ALA-68
-109.119,155.692,ILE-69
-127.067,102.734,TYR-70
-94.0189,150.691,LYS-71
-137.435,171.382,GLN-72
-68.0307,6.07925,SER-73
-149.435,11.1902,GLN-74
-172.061,159.018,HIS-75
-131.977,-26.5817,MET-76
-98.1819,92.3664,THR-77
-169.648,147.307,GLU-78
-87.3882,150.185,VAL-79
-66.1081,136.182,VAL-80
-156.202,178.022,ARG-81
-97.4832,146.522,ARG-82
-55.7979,160.107,CYS-83
-62.9017,-32.4143,PRO-84
-67.3776,-14.5199,HIS-85
-117.398,-13.235,HIS-86
-70.9484,-0.0665664,GLU-87
-128.154,-16.0179,ARG-88
-83.4809,174.878,CYS-89
-64.9043,-14.796,SER-90
-59.5801,-25.6173,ASP-91
-106.248,-46.399,SER-92
-73.1794,154.294,ASP-93
129.438,-149.881,GLY-94
-50.4843,-47.3051,LEU-95
-87.9452,129.203,ALA-96
-51.0746,131.858,PRO-97
-53.126,-28.9684,PRO-98
-63.8126,-35.8475,GLN-99
-71.0088,139.821,HIS-100
-96.4575,-34.5471,LEU-101
-70.9471,106.382,ILE-102
-131.292,152.89,ARG-103
-144.715,158.039,VAL-104
-149.323,-176.375,GLU-105
135.47,-75.0664,GLY-106
-74.2272,154.979,ASN-107
-55.7356,-47.8496,LEU-108
-78.1829,144.072,ARG-109
-178.775,137.379,VAL-110
-177.975,167.586,GLU-111
-111.655,143.883,TYR-112
-152.055,164.284,LEU-113
-81.5098,174.055,ASP-114
-111.807,138.6,ASP-115
-69.9787,1.81455,ARG-116
-123.382,-47.2153,ASN-117
-113.343,-18.3918,THR-118
80.1602,-7.27239,PHE-119
-64.085,114.077,ARG-120
-73.4437,135.44,HIS-121
-176.407,152.272,SER-122
-74.8718,140.08,VAL-123
-115.284,138.632,VAL-124
-125.951,143.284,VAL-125
-70.9806,143.256,PRO-126
-75.7523,127.113,TYR-127
-115.097,110.134,GLU-128
-54.3934,161.154,PRO-129
-62.4597,153.651,PRO-130
-127.058,154.088,GLU-131
-33.0045,121.733,VAL-132
86.5797,-12.5049,GLY-133
-105.385,172.42,SER-134
-135.007,-52.8703,ASP-135
-116.824,158.26,CYS-136
-64.0786,136.769,THR-137
-119.907,128.61,THR-138
-97.8679,137.375,ILE-139
-102.918,75.289,HIS-140
-59.1688,154.3,TYR-141
-165.543,157.647,ASN-142
-154.982,155.493,TYR-143
-143.409,136.769,MET-144
-166.389,146.025,CYS-145
-102.779,-177.241,ASN-146
-75.4546,-33.1073,SER-147
-75.1457,-23.3001,SER-148
-52.4343,136.903,CYS-149
-105.21,-34.2172,MET-150
80.344,-178.29,GLY-151
-88.7827,177.926,GLY-152
-56.5733,-21.9967,ILE-153
-131.999,109.967,ASN-154
-67.2236,130.954,ARG-155
-150.841,158.769,ARG-156
-85.3012,170.651,PRO-157
-124.022,115.838,ILE-158
-75.0843,146.907,LEU-159
-111.241,146.586,THR-160
-112.775,118.755,ILE-161
-117.172,135.688,ILE-162
-128.768,151.914,THR-163
-103.502,131.983,LEU-164
-149.149,170.045,GLU-165
-81.9538,166.38,ASP-166
-62.7459,-17.7393,SER-167
-79.8441,-11.653,SER-168
88.8757,1.89934,GLY-169
-58.8246,130.297,ASN-170
-92.7418,113.952,LEU-171
-116.834,-13.6413,LEU-172
-167.167,178.457,GLY-173
-148.267,155.235,ARG-174
-168.916,123.807,ASN-175
-143.839,142.692,SER-176
-145.367,161.415,PHE-177
-87.5688,142.128,GLU-178
-119.95,145.789,VAL-179
-134.238,130.626,ARG-180
-86.5612,126.054,VAL-181
-155.312,169.052,CYS-182
-78.4146,-52.585,ALA-183
-119.012,89.138,CYS-184
-49.572,-40.2732,PRO-185
-76.2754,-26.3594,GLY-186
-64.4449,-54.0331,ARG-187
-61.0532,-35.552,ASP-188
-65.5856,-41.857,ARG-189
-70.5245,-22.052,ARG-190
-62.5094,-69.7602,THR-191
-79.9915,-27.9372,GLU-192
-74.6543,-7.59425,GLU-193
-64.8335,-7.51541,GLU-194
-85.469,5.14477,ASN-195
-93.0304,154.753,LEU-196
-57.4081,-48.3643,ARG-197
-74.4691,158.275,LYS-198
-85.153,122.957,LYS-199
-79.9086,-170.649,GLY-200
-59.7298,128.279,GLU-201
-79.2885,161.298,PRO-202
-167.426,148.636,HIS-203
-48.1511,131.254,HIS-204
-92.8899,-3.88814,GLU-205
-84.4003,-25.6274,LEU-206
-74.9283,164.412,PRO-207
-80.347,152.179,PRO-208
-76.1125,156.93,GLY-209
-84.9945,-160.496,SER-210
-96.695,179.664,THR-211
-125.123,147.834,LYS-212
78.455,177.312,ARG-213
-109.039,169.331,ALA-214
-62.4688,-42.6712,LEU-215
-50.004,151.517,PRO-216
-73.2314,-8.45718,ASN-217
-38.6202,119.338,ASN-218
-83.7453,157.683,SER-2
-161.122,148.644,SER-3
-54.8779,113.954,VAL-4
-67.4358,128.675,PRO-5
-75.3061,158.51,SER-6
-120.811,-3.22699,GLN-7
-65.5944,118.677,LYS-8
-58.3856,123.339,THR-9
-145.096,152.274,TYR-10
-99.7728,-16.3755,GLN-11
61.3284,-160.03,GLY-12
-81.679,-8.49439,SER-13
-92.3196,-23.6153,TYR-14
77.012,40.0939,GLY-15
-60.8283,105.375,PHE-16
-147.653,157.366,ARG-17
-116.96,131.052,LEU-18
-113.321,117.879,GLY-19
-83.3137,131.896,PHE-20
-86.2871,83.5967,LEU-21
-69.2611,108.844,HIS-22
-113.897,-3.38134,SER-23
148.956,174.196,GLY-24
-125.305,-35.1023,THR-25
-61.1532,147.27,ALA-26
-41.891,-23.0208,LYS-27
-78.7693,-17.0583,SER-28
-69.0608,144.585,VAL-29
-91.4721,-22.0084,THR-30
-161.631,-179.241,CYS-31
-174.137,153.499,THR-32
-136.014,117.526,TYR-33
-77.9072,107.912,SER-34
-68.4322,-29.5893,PRO-35
-77.175,-5.23688,ALA-36
-115.691,-6.46527,LEU-37
45.0625,48.8954,ASN-38
-140.112,118.909,LYS-39
-100.406,119.933,MET-40
-84.5836,125.505,PHE-41
-132.675,146.71,CYS-42
-91.6092,136.166,GLN-43
-56.2723,111.268,LEU-44
79.8747,-13.1269,ALA-45
-62.6113,147.473,LYS-46
-64.6309,138.117,THR-47
-114.687,93.9414,CYS-48
-57.5598,126.683,PRO-49
-135.261,118.513,VAL-50
-98.5598,147.253,GLN-51
-138.114,111.914,LEU-52
-89.9677,154.504,TRP-53
-151,77.168,VAL-54
-59.2117,-29.7013,ASP-55
-94.9155,-3.44776,SER-56
85.8472,139.906,THR-57
-82.6166,157.384,PRO-58
-52.3222,162.41,PRO-59
-65.2224,161.04,PRO-60
59.9346,10.8107,GLY-61
-75.1507,146.697,THR-62
-134.044,158.622,ARG-63
-108.303,127.259,VAL-64
-102.257,163.383,ARG-65
-164.398,128.848,ALA-66
-150.701,169.335,MET-67
-164.564,119.882,ALA-68
-96.236,157.115,ILE-69
-114.725,82.4628,TYR-70
-66.4004,135.941,LYS-71
-134.508,172.357,GLN-72
-65.8704,2.85073,SER-73
-151.282,-25.2075,GLN-74
-125.859,166.316,HIS-75
-105.351,-25.4127,MET-76
-84.523,68.7358,THR-77
-145.146,165.186,GLU-78
-115.082,165.471,VAL-79
-73.4775,111.634,VAL-80
-134.374,168.237,ARG-81
-75.8272,170.038,ARG-82
-77.3037,150.28,CYS-83
-54.9426,-36.7373,PRO-84
-76.9738,-23.4896,HIS-85
-92.9445,6.78485,HIS-86
-98.7224,22.1331,GLU-87
-141.516,-20.6894,ARG-88
-77.0977,159.066,CYS-89
-75.2845,-1.3561,SER-90
-72.242,-21.9654,ASP-91
-110.352,-45.3994,SER-92
-93.509,136.029,ASP-93
170.721,-113.543,GLY-94
-69.4054,-56.6492,LEU-95
-72.0837,146.079,ALA-96
-57.1201,145.395,PRO-97
-76.3056,-3.96118,PRO-98
-78.7009,-38.7368,GLN-99
-65.3268,127.162,HIS-100
-109.41,-25.9577,LEU-101
-83.8071,100.945,ILE-102
-131.453,159.982,ARG-103
-150.901,165.262,VAL-104
-157.252,-162.676,GLU-105
94.1055,16.8728,GLY-106
-139.141,164.745,ASN-107
-59.8806,-47.8732,LEU-108
-95.6474,161.626,ARG-109
174.999,127.911,VAL-110
-155.271,155.113,GLU-111
-109.005,131.578,TYR-112
-139.093,156.46,LEU-113
-69.2887,157.397,ASP-114
-94.0316,143.115,ASP-115
-80.5433,-9.42318,ARG-116
-138.348,3.58185,ASN-117
-136.473,-26.1612,THR-118
69.0623,-3.80042,PHE-119
-63.3875,128.076,ARG-120
-81.3657,136.263,HIS-121
-169.973,161.837,SER-122
-65.4178,146.358,VAL-123
-120.263,142.334,VAL-124
-119.417,153.788,VAL-125
-59.0514,174.383,PRO-126
-112.791,115.953,TYR-127
-99.0814,120.737,GLU-128
-46.2223,146.729,PRO-129
-82.9327,111.833,PRO-130
-71.3373,163.312,GLU-131
-45.3231,133.292,VAL-132
108.52,-26.9627,GLY-133
-109.929,158.189,SER-134
-103.013,-16.3025,ASP-135
-158.015,-169.016,CYS-136
-121.49,141.148,THR-137
-100.498,136.181,THR-138
-101.696,155.355,ILE-139
-129.817,92.8435,HIS-140
-62.7404,171.136,TYR-141
-167.512,161.472,ASN-142
-159.044,149.13,TYR-143
-138.182,150.157,MET-144
-168.272,-173.101,CYS-145
-154.357,160.43,ASN-146
-70.2067,-23.3804,SER-147
-47.3047,-28.0429,SER-148
-67.4158,127.407,CYS-149
-76.2068,-25.5857,MET-150
73.3511,-175.161,GLY-151
-96.1169,-172.489,GLY-152
-68.9285,-44.6783,ILE-153
-122.751,97.5482,ASN-154
-55.4651,129.398,ARG-155
-149.185,161.189,ARG-156
-77.1828,144.023,PRO-157
-112.867,132.995,ILE-158
-120.117,117.953,LEU-159
-86.3783,146.37,THR-160
-116.856,123.281,ILE-161
-113.23,128.579,ILE-162
-135.928,142.722,THR-163
-90.0673,133.065,LEU-164
-150.477,161.148,GLU-165
-74.1061,166.594,ASP-166
-63.0229,-13.5064,SER-167
-80.57,-16.3516,SER-168
83.4227,1.77128,GLY-169
-57.1529,128.651,ASN-170
-76.4672,137.097,LEU-171
-131.498,-26.819,LEU-172
-160.881,149.873,GLY-173
-140.113,149.661,ARG-174
-159.805,146.601,ASN-175
-140.189,156.182,SER-176
-165.438,141.369,PHE-177
-65.8892,144.154,GLU-178
-111.678,142.958,VAL-179
-139.825,123.494,ARG-180
-107.024,141.771,VAL-181
-176.532,-171.335,CYS-182
-101.545,-29.6214,ALA-183
-128.879,94.5981,CYS-184
-49.707,-42.1678,PRO-185
-75.2825,-29.4131,GLY-186
-69.5154,-48.4847,ARG-187
-66.5193,-34.0243,ASP-188
-57.7872,-63.7888,ARG-189
-49.7076,-27.9049,ARG-190
-69.2084,-48.9188,THR-191
-99.3581,-23.9526,GLU-192
-70.1996,-11.944,GLU-193
-65.0287,-27.1839,GLU-194
-71.2923,-13.9777,ASN-195
-60.7908,151.005,LEU-196
-86.5454,-18.6263,ARG-197
-95.8545,158.787,LYS-198
-68.9998,155.179,LYS-199
-98.1444,173.417,GLY-200
-69.9724,137.239,GLU-201
-62.6127,171.109,PRO-202
-161.155,162.311,HIS-203
-44.5238,134.386,HIS-204
-90.8533,-11.4242,GLU-205
-85.3744,-37.0428,LEU-206
-70.5496,159.027,PRO-207
-73.1124,161.633,PRO-208
-90.8567,-174.636,GLY-209
-99.6828,-154.089,SER-210
-97.1182,162.821,THR-211
-99.5308,146.76,LYS-212
82.5365,165.549,ARG-213
-71.3109,172.462,ALA-214
-75.2844,-43.4147,LEU-215
-62.2307,147.22,PRO-216
-70.6078,17.8792,ASN-217
-61.6558,135.691,ASN-218
-59.6217,154.753,SER-2
-157.256,154.917,SER-3
-70.4679,115.327,VAL-4
-69.2579,159.06,PRO-5
-90.4547,140.262,SER-6
-105.637,8.74402,GLN-7
-63.2243,111.949,LYS-8
-63.0079,126.991,THR-9
-143.917,140.1,TYR-10
-66.4442,-31.1323,GLN-11
68.1073,-168.555,GLY-12
-98.3642,-5.38992,SER-13
-93.5574,-4.80764,TYR-14
68.4044,29.7158,GLY-15
-66.9523,128.644,PHE-16
-152.933,126.264,ARG-17
-78.9699,161.172,LEU-18
-156.062,159.109,GLY-19
-112.731,157.359,PHE-20
-125.837,72.6037,LEU-21
-72.8302,127.48,HIS-22
-147.816,21.0054,SER-23
116.433,-161.609,GLY-24
-147.252,-0.884961,THR-25
-65.9414,155.187,ALA-26
-61.01,-29.9715,LYS-27
-68.767,-10.1767,SER-28
-66.8974,135.641,VAL-29
-69.5439,-56.2213,THR-30
-144.642,164.227,CYS-31
-152.307,134.514,THR-32
-113.01,138.867,TYR-33
-114.675,110.693,SER-34
-63.1895,-29.5789,PRO-35
-78.4179,-16.6884,ALA-36
-95.9263,-26.3042,LEU-37
52.765,64.3154,ASN-38
-148.342,135.963,LYS-39
-118.241,119.78,MET-40
-87.233,122.309,PHE-41
-126.713,133.936,CYS-42
-78.2841,141.83,GLN-43
-67.1345,124.924,LEU-44
69.0555,-5.10021,ALA-45
-85.4468,152.269,LYS-46
-75.3508,108.306,THR-47
-84.2791,95.3365,CYS-48
-71.0362,128.8,PRO-49
-131.895,139.663,VAL-50
-119.744,161.661,GLN-51
-144.519,124.74,LEU-52
-113.924,146.814,TRP-53
-142.805,94.4547,VAL-54
-60.7663,-45.357,ASP-55
-84.2664,-17.4785,SER-56
93.9876,135.246,THR-57
-71.542,161.446,PRO-58
-52.9874,160.623,PRO-59
-84.2399,161.918,PRO-60
63.2656,43.9074,GLY-61
-121.121,167.006,THR-62
-151.18,153.033,ARG-63
-90.7519,151.366,VAL-64
-131.911,148.862,ARG-65
-136.801,122.15,ALA-66
-143.164,172.812,MET-67
-155.626,125.056,ALA-68
-109.468,136.485,ILE-69
-122.963,110.489,TYR-70
-104.24,158.597,LYS-71
-136.535,158.615,GLN-72
-54.4477,-10.5158,SER-73
-128.898,0.337056,GLN-74
-153.891,160.554,HIS-75
-128.442,-28.2931,MET-76
-82.4825,84.3618,THR-77
-164.282,156.462,GLU-78
-113.884,152.947,VAL-79
-56.5792,128.896,VAL-80
-149.975,164.102,ARG-81
-65.5155,168.212,ARG-82
-75.9667,161.877,CYS-83
-70.5657,-34.0533,PRO-84
-73.6506,21.4744,HIS-85
-144.946,-23.7107,HIS-86
-78.8484,26.5155,GLU-87
-158.545,-25.5935,ARG-88
-66.1357,168.965,CYS-89
-66.8859,-19.3032,SER-90
-65.7125,-27.5441,ASP-91
-114.905,-34.4467,SER-92
-65.4411,161,ASP-93
118.45,-125.309,GLY-94
-44.2349,-64.6854,LEU-95
-83.4195,163.59,ALA-96
-65.2037,140.994,PRO-97
-65.2423,-32.269,PRO-98
-61.1989,-44.9674,GLN-99
-66.4829,123.814,HIS-100
-89.3029,-27.8325,LEU-101
-92.1073,111.667,ILE-102
-135.002,171.099,ARG-103
-165.441,166.037,VAL-104
-167.668,-179.106,GLU-105
127.302,-28.5881,GLY-106
-116.82,163.714,ASN-107
-50.0047,-62.1024,LEU-108
-62.7797,144.671,ARG-109
-178.832,123.17,VAL-110
-163.048,133.379,GLU-111
-91.3389,123.282,TYR-112
-122.526,147.48,LEU-113
-63.9898,132.829,ASP-114
-72.3309,128.014,ASP-115
-83.6735,29.0433,ARG-116
-143.566,-33.9807,ASN-117
-115.342,-26.2059,THR-118
89.4318,-0.328939,PHE-119
-66.9172,106.832,ARG-120
-54.5864,119.73,HIS-121
-161.358,166.788,SER-122
-95.6503,134.803,VAL-123
-116.935,141.048,VAL-124
-131.674,142.015,VAL-125
-67.5589,134.212,PRO-126
-58.6202,127.319,TYR-127
-131.153,123.862,GLU-128
-68.8906,157.712,PRO-129
-70.1868,151.313,PRO-130
-94.6027,152.031,GLU-131
-47.6371,139.578,VAL-132
88.0409,-2.9085,GLY-133
-125.906,146.321,SER-134
-81.7288,-24.6306,ASP-135
-165.576,164.868,CYS-136
-81.3464,145.232,THR-137
-121.228,129.695,THR-138
-124.523,121.528,ILE-139
-103.481,76.3997,HIS-140
-55.5187,148.675,TYR-141
-143.634,145.686,ASN-142
-134.564,177.249,TYR-143
-159.106,147.902,MET-144
-165.862,-170.158,CYS-145
-142.936,159.785,ASN-146
-49.6888,-30.1397,SER-147
-102.314,1.91398,SER-148
-60.3385,135.672,CYS-149
-114.532,-11.932,MET-150
80.8285,-173.43,GLY-151
-85.1002,169.723,GLY-152
-59.0705,-30.2192,ILE-153
-129.245,87.3494,ASN-154
-44.1975,114.306,ARG-155
-141.66,169.35,ARG-156
-68.0716,161.124,PRO-157
-118.048,139.219,ILE-158
-121.668,125.554,LEU-159
-104.699,143.617,THR-160
-124.954,131.776,ILE-161
-127.282,126.945,ILE-162
-126.844,157.924,THR-163
-95.3926,140.816,LEU-164
-142.503,159.211,GLU-165
-86.2119,144.754,ASP-166
-65.7462,-1.19318,SER-167
-66.759,-7.34101,SER-168
73.6821,65.1863,GLY-169
-150.248,126.62,ASN-170
-64.4869,146.705,LEU-171
-134.146,-35.9693,LEU-172
-159.684,171.031,GLY-173
-161.741,149.218,ARG-174
-154.448,143.67,ASN-175
-136.523,151.026,SER-176
-164.276,157.507,PHE-177
-84.3562,143.17,GLU-178
-109.487,148.796,VAL-179
-141.592,102.017,ARG-180
-80.2511,141.334,VAL-181
-165.555,-174.938,CYS-182
-92.1898,-39.4936,ALA-183
-131.296,100.188,CYS-184
-60.43,-20.6978,PRO-185
-88.1276,-34.7539,GLY-186
-60.1822,-37.676,ARG-187
-94.819,-29.8287,ASP-188
-62.2791,-57.2343,ARG-189
-54.4249,-39.8594,ARG-190
-59.9119,-47.5944,THR-191
-97.1665,-22.3116,GLU-192
-68.5107,-11.8162,GLU-193
-58.5971,-30.9028,GLU-194
-80.3167,48.5816,ASN-195
-134.131,149.352,LEU-196
-76.7386,-22.6265,ARG-197
-101.53,146.324,LYS-198
-58.2721,139.375,LYS-199
-99.334,-172.586,GLY-200
-64.248,137.088,GLU-201
-77.3309,170.98,PRO-202
-160.463,156.244,HIS-203
-47.2135,141.036,HIS-204
-90.3433,-11.9424,GLU-205
-84.7918,-36.0425,LEU-206
-58.9474,129.338,PRO-207
-60.0342,175.082,PRO-208
-65.1247,141.432,GLY-209
-78.3804,-177.269,SER-210
-80.0208,167.94,THR-211
-123.268,142.166,LYS-212
72.68,143.971,ARG-213
-50.0752,167.68,ALA-214
-76.7701,-44.4903,LEU-215
-62.6365,149.649,PRO-216
-59.9135,13.4727,ASN-217
-68.3604,122.42,ASN-218
-128.883,150.028,SER-2
-170.057,145.338,SER-3
-72.8628,133.046,VAL-4
-57.3972,156.033,PRO-5
-100.177,152.413,SER-6
-120.041,3.34548,GLN-7
-66.812,103.939,LYS-8
-54.2972,139.381,THR-9
-161.418,150.482,TYR-10
-82.0146,-42.539,GLN-11
72.34,-166.395,GLY-12
-74.8448,-21.4195,SER-13
-78.3352,-30.0122,TYR-14
89.5823,32.0727,GLY-15
-70.3743,139.383,PHE-16
-169.773,144.989,ARG-17
-96.1158,165.523,LEU-18
-138.734,174.152,GLY-19
-126.655,129.904,PHE-20
-85.8693,71.5596,LEU-21
-75.6971,114.476,HIS-22
-121.851,-23.7706,SER-23
-175.837,-177.367,GLY-24
-133.016,-5.71692,THR-25
-63.2876,165.008,ALA-26
-56.3944,-24.3316,LYS-27
-70.5589,-18.8262,SER-28
-64.7487,143.042,VAL-29
-80.2334,-36.2414,THR-30
-157.156,175.095,CYS-31
-169.91,132.729,THR-32
-120.16,133.299,TYR-33
-105.296,96.8941,SER-34
-54.4997,-40.2375,PRO-35
-72.9836,-13.8381,ALA-36
-110.677,-10.6136,LEU-37
48.6531,63.6258,ASN-38
-132.605,147.457,LYS-39
-106.823,145.472,MET-40
-105.617,118.191,PHE-41
-114.422,147.341,CYS-42
-88.5882,134.268,GLN-43
-52.8949,126.756,LEU-44
78.9469,-27.6404,ALA-45
-68.5114,147.318,LYS-46
-65.9665,111.025,THR-47
-89.0768,96.8027,CYS-48
-67.3583,120.997,PRO-49
-113.462,128.048,VAL-50
-85.2414,177.398,GLN-51
-164.926,129.016,LEU-52
-128.355,151.848,TRP-53
-153.609,86.9041,VAL-54
-65.1916,-40.8033,ASP-55
-77.1324,-23.1197,SER-56
81.902,148.309,THR-57
-98.2617,165.84,PRO-58
-69.3121,152.386,PRO-59
-73.6827,169.411,PRO-60
64.2284,6.31226,GLY-61
-78.027,152.152,THR-62
-150.427,166.746,ARG-63
-110.339,129.422,VAL-64
-116.185,145.539,ARG-65
-137.333,123.842,ALA-66
-141.557,165.323,MET-67
-140.609,128.47,ALA-68
-97.4903,156.307,ILE-69
-121.232,137.027,TYR-70
-123.1,146.752,LYS-71
-131.234,174.309,GLN-72
-59.7829,-23.973,SER-73
-110.331,-0.430464,GLN-74
-157.643,143.219,HIS-75
-105.705,-15.3952,MET-76
-85.4928,80.937,THR-77
-160.481,159.891,GLU-78
-114.16,150.277,VAL-79
-62.5962,136.434,VAL-80
-147.609,142.213,ARG-81
-59.8852,151.545,ARG-82
-45.494,159.833,CYS-83
-69.7915,-29.3529,PRO-84
-72.8344,-16.2112,HIS-85
-111.334,0.484239,HIS-86
-81.257,2.36326,GLU-87
-152.554,-16.7255,ARG-88
-53.6896,153.862,CYS-89
-55.7636,-28.799,SER-90
-66.6875,-29.8785,ASP-91
-85.4212,-23.3283,SER-92
-98.9499,133.821,ASP-93
-162.966,-131.811,GLY-94
-56.4351,-46.943,LEU-95
-75.0861,140.496,ALA-96
-69.4529,155.668,PRO-97
-81.804,-12.5591,PRO-98
-70.4375,-39.3209,GLN-99
-67.5511,115.036,HIS-100
-73.5009,-30.4418,LEU-101
-96.1153,111.88,ILE-102
-129.67,169.406,ARG-103
-168.98,150.994,VAL-104
-153.418,-163.372,GLU-105
119.176,-80.8102,GLY-106
-58.7882,150.915,ASN-107
-66.2988,-31.0026,LEU-108
-85.4057,149.923,ARG-109
171.334,132.209,VAL-110
-168.843,140.254,GLU-111
-85.226,122.044,TYR-112
-128.332,166.988,LEU-113
-78.0219,140.543,ASP-114
-78.0954,125.182,ASP-115
-79.6611,43.7502,ARG-116
-137.892,-37.7692,ASN-117
-116.775,-18.7115,THR-118
76.6243,-22.8117,PHE-119
-46.0314,115.087,ARG-120
-74.7512,132.39,HIS-121
-166.737,146.611,SER-122
-70.9166,147.692,VAL-123
-122.533,144.923,VAL-124
-122.867,157.135,VAL-125
-79.5325,151.32,PRO-126
-73.8881,116.13,TYR-127
-110.114,117.004,GLU-128
-71.9329,170.027,PRO-129
-54.2655,161.658,PRO-130
-136.74,166.37,GLU-131
-38.1956,128.292,VAL-132
84.5433,10.7197,GLY-133
-131.511,165.329,SER-134
-126.68,-32.2405,ASP-135
-132.237,-179.348,CYS-136
-102.815,136.467,THR-137
-112.23,136.806,THR-138
-128.171,121.624,ILE-139
-88.6385,74.6127,HIS-140
-58.779,166.404,TYR-141
-164.436,143.36,ASN-142
-136.015,166.735,TYR-143
-137.421,136.802,MET-144
-175.573,146.32,CYS-145
-123.505,161.154,ASN-146
-56.0761,-24.5401,SER-147
-90.2708,-8.20517,SER-148
-66.2332,154.913,CYS-149
-93.8378,-53.5401,MET-150
87.7304,-148.838,GLY-151
-74.214,153.143,GLY-152
-64.6882,-21.5513,ILE-153
-144.058,96.9035,ASN-154
-69.9156,121.607,ARG-155
-146.027,145.761,ARG-156
-71.3223,167.955,PRO-157
-139.996,150.878,ILE-158
-136.603,144.587,LEU-159
-105.994,153.645,THR-160
-126.182,132.215,ILE-161
-133.45,114.454,ILE-162
-134.789,129.274,THR-163
-78.4407,125.942,LEU-164
-151.143,162.795,GLU-165
-82.1292,158.498,ASP-166
-61.8997,-25.0025,SER-167
-74.4431,-4.48854,SER-168
103.064,-8.8583,GLY-169
-71.5454,136.762,ASN-170
-84.5462,140.991,LEU-171
-127.614,-41.5896,LEU-172
-147.266,156.026,GLY-173
-130.572,139.114,ARG-174
-137.093,171.887,ASN-175
-164.852,139.909,SER-176
-164.62,154.202,PHE-177
-92.6565,151.724,GLU-178
-129.076,155.369,VAL-179
-145.518,151.09,ARG-180
-137.635,125.385,VAL-181
-159.799,176.602,CYS-182
-83.8562,-42.8993,ALA-183
-112.804,104.748,CYS-184
-51.6168,-34.7358,PRO-185
-89.7326,-11.1149,GLY-186
-89.2211,-51.8232,ARG-187
-58.951,-42.04,ASP-188
-47.1784,-56.8683,ARG-189
-63.7005,-18.4872,ARG-190
-78.2825,-47.7547,THR-191
-100.022,-30.8447,GLU-192
-61.2636,-23.9049,GLU-193
-70.8677,-3.24563,GLU-194
-69.8152,-10.5123,ASN-195
-72.2736,154.14,LEU-196
-78.9119,-19.835,ARG-197
-111.597,166.94,LYS-198
-41.7686,149.585,LYS-199
-117.758,177.909,GLY-200
-63.413,154.662,GLU-201
-66.1912,171.323,PRO-202
-165.973,152.742,HIS-203
-46.9205,121.595,HIS-204
-78.2478,-19.4995,GLU-205
-61.9723,-48.2273,LEU-206
-89.0886,154.196,PRO-207
-84.8873,-164.674,PRO-208
-67.8145,170.733,GLY-209
-103.543,-164.065,SER-210
-75.831,145.099,THR-211
-90.3921,133.375,LYS-212
68.8774,154.612,ARG-213
-70.4093,153.018,ALA-214
-64.9703,-40.8731,LEU-215
-53.0387,155.607,PRO-216
-75.3513,12.6718,ASN-217
-46.4473,120.854,ASN-218
-135.178,134.353,SER-2
-172.86,146.563,SER-3
-67.8767,129.642,VAL-4
-62.8648,148.113,PRO-5
-88.7808,140.3,SER-6
-85.2724,2.26006,GLN-7
-64.6286,116.725,LYS-8
-66.6387,137.769,THR-9
-171.085,151.03,TYR-10
-104.447,-41.7155,GLN-11
72.1881,-157.879,GLY-12
-76.8496,-12.0116,SER-13
-98.3104,-2.65364,TYR-14
75.2205,24.131,GLY-15
-62.6115,136.792,PHE-16
-157.164,137.893,ARG-17
-82.186,-176.654,LEU-18
-165.809,151.684,GLY-19
-125.295,143.273,PHE-20
-108.717,82.4849,LEU-21
-80.1664,123.035,HIS-22
-116.153,-10.4304,SER-23
150.773,-163.969,GLY-24
-129.301,24.179,THR-25
-88.5734,164.613,ALA-26
-63.902,-29.8758,LYS-27
-68.185,-0.550014,SER-28
-96.8102,156.627,VAL-29
-114.445,-19.3985,THR-30
-154.906,152.192,CYS-31
-138.771,147.218,THR-32
-134.256,126.91,TYR-33
-97.3973,107.713,SER-34
-63.1313,-39.6643,PRO-35
-75.5951,6.75171,ALA-36
-126.756,-12.912,LEU-37
56.5774,43.872,ASN-38
-127.758,138.551,LYS-39
-109.124,131.887,MET-40
-104.62,121.82,PHE-41
-124.103,130.813,CYS-42
-80.745,135.337,GLN-43
-50.0663,144.903,LEU-44
62.3502,-18.6322,ALA-45
-103.697,152.636,LYS-46
-62.7923,124.052,THR-47
-110.688,104.945,CYS-48
-77.7429,136.648,PRO-49
-137.236,150.412,VAL-50
-115.424,149.688,GLN-51
-133.044,146.967,LEU-52
-138.454,160.311,TRP-53
-146.098,55.073,VAL-54
-51.8846,-52.6554,ASP-55
-65.5274,-1.96216,SER-56
74.9594,129.497,THR-57
-85.2306,165.291,PRO-58
-56.9529,155.422,PRO-59
-59.5993,146.532,PRO-60
80.8459,1.54431,GLY-61
-67.088,167.052,THR-62
-155.607,137.468,ARG-63
-85.9139,127.97,VAL-64
-115.856,135.758,ARG-65
-123.692,137.393,ALA-66
-144.21,177.385,MET-67
-168.126,117.058,ALA-68
-107.949,156.524,ILE-69
-114.363,92.9695,TYR-70
-77.455,140.785,LYS-71
-124.837,175.7,GLN-72
-58.3306,-23.0368,SER-73
-115.57,-3.88578,GLN-74
-146.102,164.11,HIS-75
-120.457,-17.329,MET-76
-91.5122,89.6426,THR-77
-179.929,164.513,GLU-78
-127.778,155.839,VAL-79
-71.4731,142.194,VAL-80
-150.573,148.906,ARG-81
-57.329,169.384,ARG-82
-70.174,150.345,CYS-83
-42.2631,-40.6474,PRO-84
-91.3554,-0.612931,HIS-85
-122.819,-6.74171,HIS-86
-96.17,29.1408,GLU-87
-161.882,-33.9938,ARG-88
-55.4876,170.691,CYS-89
-59.6871,-22.8571,SER-90
-69.0369,-14.5593,ASP-91
-123.667,-24.714,SER-92
-80.9093,-178.718,ASP-93
117.061,-127.942,GLY-94
-56.7078,-60.9712,LEU-95
-81.3966,148.803,ALA-96
-55.6358,139.497,PRO-97
-73.47,-16.4674,PRO-98
-65.9467,-40.5815,GLN-99
-61.9722,118.725,HIS-100
-73.5285,-56.9535,LEU-101
-66.8916,117.264,ILE-102
-137.021,153.203,ARG-103
-140.64,149.948,VAL-104
-146.342,-168.751,GLU-105
89.9544,19.8737,GLY-106
-146.588,146.077,ASN-107
-54.6515,-32.7107,LEU-108
-106.978,160.8,ARG-109
169.276,133.405,VAL-110
172.408,144.578,GLU-111
-98.8871,130.362,TYR-112
-132.209,171.488,LEU-113
-69.7345,149.078,ASP-114
-94.9506,128.124,ASP-115
-66.5437,-21.1604,ARG-116
-94.259,-53.9361,ASN-117
-93.5274,-30.1887,THR-118
95.7163,0.399574,PHE-119
-84.7577,114.573,ARG-120
-65.2151,131.769,HIS-121
-169.822,146.087,SER-122
-65.8527,134.682,VAL-123
-116.647,133.706,VAL-124
-131.758,121.537,VAL-125
-64.8103,164.627,PRO-126
-92.4182,125.968,TYR-127
-117.317,114.181,GLU-128
-50.5019,147.642,PRO-129
-81.1193,120.106,PRO-130
-70.3514,158.691,GLU-131
-41.1439,142.672,VAL-132
88.486,-22.6054,GLY-133
-82.8595,143.926,SER-134
-108.26,-4.70102,ASP-135
-172.896,171.572,CYS-136
-90.162,142.261,THR-137
-117.897,136.28,THR-138
-120.826,138.565,ILE-139
-115.065,88.2638,HIS-140
-65.4533,155.833,TYR-141
-160.437,151.061,ASN-142
-137.397,159.348,TYR-143
-143.545,98.6205,MET-144
-147.714,151.869,CYS-145
-111.376,179.186,ASN-146
-92.8515,-19.4408,SER-147
-85.3266,-0.951207,SER-148
-78.7049,144.397,CYS-149
-50.8551,-62.7924,MET-150
85.0994,174.097,GLY-151
-68.2123,162.022,GLY-152
-65.3121,-38.7715,ILE-153
-119.018,88.3391,ASN-154
-62.4878,129.629,ARG-155
-148.108,170.912,ARG-156
-77.4091,177.027,PRO-157
-125.1,145.866,ILE-158
-118.332,139.554,LEU-159
-105.642,126.878,THR-160
-98.2048,135.838,ILE-161
-125.051,124.458,ILE-162
-126.002,150.247,THR-163
-99.5673,135.43,LEU-164
-140.012,172.17,GLU-165
-92.202,174.823,ASP-166
-64.2359,-15.633,SER-167
-78.5491,-15.2855,SER-168
94.7985,6.49406,GLY-169
-87.8695,126.549,ASN-170
-74.2773,130.226,LEU-171
-105.356,-45.171,LEU-172
-155.364,160.176,GLY-173
-154.336,150.482,ARG-174
-134.592,165.894,ASN-175
-150.011,152.896,SER-176
-145.609,156.734,PHE-177
-80.9582,145.789,GLU-178
-130.185,146.711,VAL-179
-148.132,128.339,ARG-180
-102.316,141.15,VAL-181
-172.729,175.381,CYS-182
-85.6828,-46.0989,ALA-183
-124.142,100.683,CYS-184
-53.9448,-39.7012,PRO-185
-63.8089,-27.4147,GLY-186
-81.3782,-46.1599,ARG-187
-67.3628,-37.1933,ASP-188
-54.0078,-55.7687,ARG-189
-49.8593,-38.7769,ARG-190
-62.4898,-72.657,THR-191
-82.0754,-19.376,GLU-192
-85.1357,-6.58562,GLU-193
-61.0959,-14.9017,GLU-194
-79.1613,-13.8041,ASN-195
-67.7137,159.438,LEU-196
-80.246,-30.5464,ARG-197
-87.0385,167.486,LYS-198
-70.7005,157.066,LYS-199
-104.291,159.535,GLY-200
-60.605,163.655,GLU-201
-93.7583,178.103,PRO-202
-170.929,157.943,HIS-203
-65.6026,123.186,HIS-204
-86.6282,-2.54887,GLU-205
-71.0771,-39.187,LEU-206
-85.7371,154.52,PRO-207
-81.95,-171.043,PRO-208
-82.9788,-179.879,GLY-209
-103.456,-167.799,SER-210
-89.1954,161.879,THR-211
-93.3203,150.248,LYS-212
66.8571,146.634,ARG-213
-68.6383,159.409,ALA-214
-69.5002,-38.7198,LEU-215
-72.1076,166.579,PRO-216
-81.109,21.8242,ASN-217
-65.654,136.268,ASN-218
-115.032,127.398,SER-2
-161.978,151.12,SER-3
-67.0746,133.121,VAL-4
-81.3579,154.007,PRO-5
-90.0867,150.624,SER-6
-102.409,-4.75821,GLN-7
-53.0891,105.421,LYS-8
-52.1304,130.825,THR-9
-158.333,137.593,TYR-10
-87.8966,-45.3175,GLN-11
63.1268,-162.323,GLY-12
-73.2678,-20.6573,SER-13
-73.8824,-38.7481,TYR-14
94.0359,29.1962,GLY-15
-68.688,117.288,PHE-16
-126.831,151.544,ARG-17
-141.157,134.727,LEU-18
-127.443,173.623,GLY-19
-127.128,144.537,PHE-20
-100.055,71.3933,LEU-21
-70.436,124.13,HIS-22
-132.859,2.4359,SER-23
122.064,-170.838,GLY-24
-138.303,30.1474,THR-25
-74.1302,157.298,ALA-26
-65.5837,-20.4625,LYS-27
-79.9718,-14.8651,SER-28
-66.3627,145.229,VAL-29
-78.6207,-42.5524,THR-30
-158.904,165.068,CYS-31
-147.906,135.86,THR-32
-106.584,142.295,TYR-33
-117.731,95.4762,SER-34
-48.2072,-45.4067,PRO-35
-72.9271,-6.5835,ALA-36
-105.552,-8.26593,LEU-37
32.9529,45.2731,ASN-38
-116.964,139.005,LYS-39
-106.684,137.737,MET-40
-102.861,118.664,PHE-41
-111.735,143.97,CYS-42
-79.5617,140.505,GLN-43
-54.0385,131.108,LEU-44
68.8957,-20.9886,ALA-45
-65.8326,149.431,LYS-46
-85.5684,118.86,THR-47
-101.295,96.288,CYS-48
-64.8163,123.06,PRO-49
-130.098,147.718,VAL-50
-120.446,144.639,GLN-51
-128.944,150.133,LEU-52
-150.675,151.803,TRP-53
-137.332,159.517,VAL-54
-82.4007,-44.397,ASP-55
-115.918,139.778,SER-56
-76.8945,125.872,THR-57
-86.0963,148.558,PRO-58
-53.3021,157.197,PRO-59
-63.6281,153.466,PRO-60
99.6577,-2.63301,GLY-61
-75.3355,144.672,THR-62
-138.482,150.14,ARG-63
-87.6264,121.769,VAL-64
-96.3171,141.189,ARG-65
-126.649,136.128,ALA-66
-147.337,175.713,MET-67
-164.315,123.358,ALA-68
-97.8175,154.896,ILE-69
-113.943,88.363,TYR-70
-71.4977,137.216,LYS-71
-131.572,174.06,GLN-72
-69.7495,0.750136,SER-73
-130.517,-11.6506,GLN-74
-156.276,167.167,HIS-75
-132.75,-9.81254,MET-76
-73.1335,55.1925,THR-77
-140.866,164.391,GLU-78
-122.196,161.966,VAL-79
-79.3183,125.037,VAL-80
-125.418,167.251,ARG-81
-69.5645,150.237,ARG-82
-61.7546,167.968,CYS-83
-68.0999,-35.8507,PRO-84
-65.8649,-7.69911,HIS-85
-137.594,-10.8448,HIS-86
-77.3339,12.8952,GLU-87
-132.777,-17.5267,ARG-88
-61.3177,156.165,CYS-89
-51.9005,-34.4803,SER-90
-66.2947,-28.9066,ASP-91
-83.9509,-38.4213,SER-92
-84.143,142.851,ASP-93
161.664,-145.402,GLY-94
-46.8425,-47.1467,LEU-95
-82.7377,132.992,ALA-96
-49.9249,145.563,PRO-97
-71.2537,-26.7144,PRO-98
-75.4292,-25.2498,GLN-99
-87.4405,131.551,HIS-100
-83.756,-38.8547,LEU-101
-82.8859,115.33,ILE-102
-133.712,158.148,ARG-103
-152.631,154.76,VAL-104
-152.408,-170.606,GLU-105
115.661,-14.0733,GLY-106
-156.282,154.01,ASN-107
-61.508,-47.5594,LEU-108
-78.7662,136.326,ARG-109
-173.048,126.295,VAL-110
-173.726,162.94,GLU-111
-103.15,132.729,TYR-112
-120.034,161.481,LEU-113
-68.3294,147.037,ASP-114
-72.7142,134.284,ASP-115
-79.6183,6.79727,ARG-116
-132.361,-32.1225,ASN-117
-108.67,-23.8342,THR-118
90.1947,-28.5533,PHE-119
-39.7109,102.408,ARG-120
-65.7314,118.618,HIS-121
-159.979,150.273,SER-122
-70.3257,129.128,VAL-123
-118.985,131.039,VAL-124
-126.464,142.5,VAL-125
-55.5769,137.457,PRO-126
-68.0869,116.945,TYR-127
-112.923,124.426,GLU-128
-76.5439,148.816,PRO-129
-61.0385,163.173,PRO-130
-102.806,172.953,GLU-131
-60.4958,119.342,VAL-132
99.8648,-28.0213,GLY-133
-69.8626,134.118,SER-134
-80.9467,-21.4843,ASP-135
-161.313,-179.566,CYS-136
-102.13,124.864,THR-137
-110.202,127.232,THR-138
-114.005,129.875,ILE-139
-104.854,88.3519,HIS-140
-86.8432,158.426,TYR-141
-157.658,155.961,ASN-142
-163.689,165.629,TYR-143
-154.035,113.524,MET-144
-146.581,167.431,CYS-145
-148.576,155.936,ASN-146
-80.3063,-2.2266,SER-147
-86.7538,0.547123,SER-148
-95.8334,168.646,CYS-149
-77.784,-33.8363,MET-150
76.3418,-167.136,GLY-151
-91.7635,143.192,GLY-152
-62.9569,-31.6403,ILE-153
-118.378,107.909,ASN-154
-62.8372,126.093,ARG-155
-148.102,162.902,ARG-156
-69.0124,155.76,PRO-157
-120.239,155.094,ILE-158
-136.058,147.985,LEU-159
-105.097,151.66,THR-160
-115.015,104.782,ILE-161
-103.694,108.74,ILE-162
-120.255,132.619,THR-163
-79.5859,138.625,LEU-164
-148.357,166.047,GLU-165
-70.1318,164.393,ASP-166
-54.7706,-20.7098,SER-167
-90.1383,-6.28306,SER-168
89.6576,5.22848,GLY-169
-74.3214,138.827,ASN-170
-74.1349,119.602,LEU-171
-92.3106,-39.0931,LEU-172
-168.243,164.631,GLY-173
-148.992,132.848,ARG-174
-139.098,162.771,ASN-175
-150.953,151.686,SER-176
-157.657,148.002,PHE-177
-82.2142,150.637,GLU-178
-136.828,145.625,VAL-179
-122.988,136.106,ARG-180
-104.946,120.375,VAL-181
-143.696,-162.315,CYS-182
-84.7895,-59.5291,ALA-183
-111.217,98.4107,CYS-184
-51.5191,-50.2932,PRO-185
-53.5265,-38.3392,GLY-186
-73.3738,-52.7775,ARG-187
-55.2091,-38.3602,ASP-188
-69.1238,-42.5902,ARG-189
-53.5626,-49.5657,ARG-190
-60.8548,-54.1493,THR-191
-86.9323,-28.4972,GLU-192
-68.3666,-19.5777,GLU-193
-72.2848,-5.82734,GLU-194
-70.528,1.15909,ASN-195
-83.1322,173.102,LEU-196
-72.4723,-45.0246,ARG-197
-88.2249,151.363,LYS-198
-64.3437,159.638,LYS-199
-137.256,177.01,GLY-200
-55.4882,133.356,GLU-201
-74.6382,174.999,PRO-202
-168.122,157.796,HIS-203
-52.7492,122.217,HIS-204
-82.0702,-2.85542,GLU-205
-79.5903,-54.1897,LEU-206
-68.9285,153.481,PRO-207
-82.1379,-162.569,PRO-208
-72.7153,174.115,GLY-209
-92.5644,173.884,SER-210
-72.5538,153.469,THR-211
-78.366,145.367,LYS-212
79.5436,137.941,ARG-213
-57.5586,149.693,ALA-214
-68.1608,-17.238,LEU-215
-90.9648,170.02,PRO-216
-85.0542,13.3021,ASN-217
-60.3918,129.475,ASN-218
-94.362,149.98,SER-2
-168.534,140.191,SER-3
-67.1573,115.473,VAL-4
-62.2466,138.394,PRO-5
-59.4539,140.045,SER-6
-89.3966,-4.36251,GLN-7
-52.1052,112.856,LYS-8
-55.8998,127.646,THR-9
-158.545,140.368,TYR-10
-89.0989,-38.5982,GLN-11
74.7434,-142.308,GLY-12
-82.8225,-30.809,SER-13
-81.7679,-18.9282,TYR-14
73.9807,31.1738,GLY-15
-63.3266,131.041,PHE-16
-159.882,145.789,ARG-17
-88.0089,145.658,LEU-18
-110.786,163.256,GLY-19
-134.151,129.673,PHE-20
-93.3424,74.136,LEU-21
-78.8179,130.595,HIS-22
-140.816,-13.3916,SER-23
162.725,-157.321,GLY-24
-143.654,15.6805,THR-25
-64.5518,163.299,ALA-26
-64.8668,-22.4164,LYS-27
-69.3043,-14.7662,SER-28
-77.0839,128.92,VAL-29
-84.6041,-37.1697,THR-30
-147.272,141.842,CYS-31
-137.151,120.924,THR-32
-92.7662,138.449,TYR-33
-105.985,101.247,SER-34
-47.0999,-44.1118,PRO-35
-71.4093,-4.38095,ALA-36
-114.005,-23.2353,LEU-37
48.1952,40.4821,ASN-38
-125.745,142.349,LYS-39
-118.823,125.393,MET-40
-92.3894,135.748,PHE-41
-135.311,138.007,CYS-42
-92.5739,125.053,GLN-43
-42.1641,114.568,LEU-44
70.0171,-23.7242,ALA-45
-70.7272,136.815,LYS-46
-72.1461,113.789,THR-47
-90.6194,97.6872,CYS-48
-63.3378,123.783,PRO-49
-121.382,144.48,VAL-50
-111.951,160.991,GLN-51
-146.977,124.093,LEU-52
-115.119,159.619,TRP-53
-139.682,139.605,VAL-54
-88.299,-26.4708,ASP-55
-128.665,127.612,SER-56
-52.6838,131.623,THR-57
-76.0507,148.993,PRO-58
-67.1198,166.271,PRO-59
-69.3001,142.11,PRO-60
87.9267,15.6097,GLY-61
-83.2921,157.338,THR-62
-151.529,147.818,ARG-63
-99.2419,137.052,VAL-64
-110.198,145.591,ARG-65
-118.058,132.013,ALA-66
-153.57,159.879,MET-67
-155.309,122.68,ALA-68
-115.136,147.954,ILE-69
-93.8445,121.988,TYR-70
-101.162,144.164,LYS-71
-138.517,170.591,GLN-72
-69.3743,-9.76925,SER-73
-128.973,-17.3966,GLN-74
-154.222,161.542,HIS-75
-126.651,25.12,MET-76
-125.111,90.1208,THR-77
-177.424,156.652,GLU-78
-83.3001,136.454,VAL-79
-61.228,127.12,VAL-80
-148.728,166.849,ARG-81
-67.356,141.639,ARG-82
-58.8934,162.35,CYS-83
-54.1481,-21.445,PRO-84
-85.0662,-9.30833,HIS-85
-126.656,-14.7293,HIS-86
-64.9977,32.8261,GLU-87
-168.312,-34.3947,ARG-88
-61.8858,162.288,CYS-89
-52.4442,-27.5802,SER-90
-70.869,-13.4247,ASP-91
-121.204,-32.7096,SER-92
-76.7734,108.718,ASP-93
-157.914,-133.518,GLY-94
-55.7907,-69.7648,LEU-95
-64.3477,142.968,ALA-96
-67.1721,159.534,PRO-97
-50.354,-37.1978,PRO-98
-68.2811,-30.9347,GLN-99
-84.1947,117.637,HIS-100
-77.5622,-43.0048,LEU-101
-71.3189,114.945,ILE-102
-134.466,165.381,ARG-103
-158.429,156.758,VAL-104
-159.225,-154.558,GLU-105
84.8659,9.83623,GLY-106
-144.907,166.511,ASN-107
-65.8499,-40.5221,LEU-108
-81.4418,161.91,ARG-109
162.904,129.235,VAL-110
-171.945,144.854,GLU-111
-96.6741,115.579,TYR-112
-114.331,162.707,LEU-113
-88.8951,125.298,ASP-114
-56.3583,138.86,ASP-115
-63.9165,-39.8742,ARG-116
-97.0944,-27.543,ASN-117
-114.74,-22.9277,THR-118
78.6572,-0.229911,PHE-119
-76.9875,114.33,ARG-120
-76.9772,137.445,HIS-121
-177.361,150.085,SER-122
-74.5508,143.834,VAL-123
-117.866,134.805,VAL-124
-129.231,132.439,VAL-125
-65.0078,138.511,PRO-126
-76.0353,108.785,TYR-127
-96.8382,100.557,GLU-128
-41.2642,150.204,PRO-129
-62.8833,145.117,PRO-130
-86.1578,150.371,GLU-131
-55.8811,125.004,VAL-132
102.791,-29.5312,GLY-133
-100.05,148.918,SER-134
-86.6021,-28.5815,ASP-135
-155.409,166.266,CYS-136
-86.8878,137.813,THR-137
-101.331,153.953,THR-138
-132.695,140.532,ILE-139
-108.845,84.3779,HIS-140
-77.4704,163.093,TYR-141
-154.005,160.728,ASN-142
-153.148,149.516,TYR-143
-152.577,108.542,MET-144
-140.351,122.42,CYS-145
-91.7677,164.621,ASN-146
-49.9863,-25.3531,SER-147
-86.069,6.36275,SER-148
-69.1148,153.299,CYS-149
-82.7259,-36.3554,MET-150
68.754,-170.301,GLY-151
-106.432,157.146,GLY-152
-55.5931,-38.3715,ILE-153
-126.156,89.6771,ASN-154
-44.3614,118.296,ARG-155
-147.856,153.77,ARG-156
-68.1319,148.179,PRO-157
-110.827,143.372,ILE-158
-111.719,148.346,LEU-159
-112.018,158.253,THR-160
-119.74,118.81,ILE-161
-101.864,135.228,ILE-162
-129.233,167.266,THR-163
-109.565,138.924,LEU-164
-141.557,152.83,GLU-165
-54.3253,155.747,ASP-166
-50.2835,-29.9341,SER-167
-74.3896,-7.51159,SER-168
83.238,7.958,GLY-169
-84.4953,133.028,ASN-170
-70.7925,123.675,LEU-171
-103.167,-27.5972,LEU-172
177.238,170.697,GLY-173
-154.472,161.018,ARG-174
-170.031,137.768,ASN-175
-132.931,147.397,SER-176
-157.695,142.141,PHE-177
-83.0254,142.619,GLU-178
-117.811,141.816,VAL-179
-154.42,127.705,ARG-180
-103.178,144.511,VAL-181
-165.475,162.549,CYS-182
-75.5581,-41.7407,ALA-183
-130.255,106.101,CYS-184
-41.7067,-39.1212,PRO-185
-63.3742,-27.3158,GLY-186
-79.7989,-60.7192,ARG-187
-60.0437,-31.4093,ASP-188
-60.3236,-52.9345,ARG-189
-60.0637,-38.9473,ARG-190
-58.7274,-43.9758,THR-191
-112.658,-24.3272,GLU-192
-59.1706,-24.5937,GLU-193
-54.7856,-34.4876,GLU-194
-61.2533,-2.20717,ASN-195
-76.9963,176.654,LEU-196
-93.8753,-13.7085,ARG-197
-93.7277,165.413,LYS-198
-68.9598,141.252,LYS-199
-103.598,157.442,GLY-200
-58.9062,154.263,GLU-201
-69.2825,161.361,PRO-202
-161.45,150.357,HIS-203
-55.4604,140.441,HIS-204
-95.7088,-18.2471,GLU-205
-65.1008,-42.8232,LEU-206
-76.3686,140.459,PRO-207
-56.9134,174.764,PRO-208
-78.9475,-158.354,GLY-209
-111.705,176.989,SER-210
-66.4623,152.684,THR-211
-78.683,157.192,LYS-212
73.9983,142.994,ARG-213
-69.7482,158.5,ALA-214
-44.4063,-43.2213,LEU-215
-96.0224,168.151,PRO-216
-89.4177,35.778,ASN-217
-63.4875,121.114,ASN-218
-104.287,153.893,SER-2
-176.887,159.27,SER-3
-73.4362,126.829,VAL-4
-64.7674,151.977,PRO-5
-97.5132,165.045,SER-6
-103.985,-26.7315,GLN-7
-53.1298,118.582,LYS-8
-57.9739,140.58,THR-9
-166.801,154.012,TYR-10
-107.015,-29.5075,GLN-11
71.7932,-178.59,GLY-12
-59.8873,-29.648,SER-13
-56.0403,-29.0053,TYR-14
86.9981,8.10347,GLY-15
-62.4897,123.401,PHE-16
-151.278,159.078,ARG-17
-101.03,161.978,LEU-18
-131.533,135.381,GLY-19
-101.528,102.005,PHE-20
-73.7501,91.5582,LEU-21
-88.7541,99.8692,HIS-22
-94.954,-9.04462,SER-23
144.891,-176.802,GLY-24
-131.404,13.8503,THR-25
-61.1206,159.307,ALA-26
-63.2236,-9.73015,LYS-27
-81.1499,-20.4693,SER-28
-58.6376,119.78,VAL-29
-73.4273,-22.7807,THR-30
-160.454,155.331,CYS-31
-138.989,145.491,THR-32
-115.866,143.477,TYR-33
-100.466,112.848,SER-34
-66.9458,-27.5388,PRO-35
-84.6203,-37.3022,ALA-36
-68.5207,-27.936,LEU-37
58.6895,46.0845,ASN-38
-132.186,137.126,LYS-39
-117.219,124.882,MET-40
-85.8549,139.117,PHE-41
-130.939,121,CYS-42
-74.5307,122.915,GLN-43
-46.5704,122.613,LEU-44
64.9651,-18.381,ALA-45
-71.6874,152.498,LYS-46
-75.8234,128.65,THR-47
-117.283,89.6406,CYS-48
-61.2157,122.493,PRO-49
-111.115,146.242,VAL-50
-101.961,144.578,GLN-51
-124.093,151.218,LEU-52
-144.996,159.777,TRP-53
-145.214,170.91,VAL-54
-125.539,-37.5829,ASP-55
-106.053,128.088,SER-56
-75.3856,132.099,THR-57
-65.6309,144.896,PRO-58
-30.9411,158.043,PRO-59
-69.0483,155.762,PRO-60
78.6889,3.87114,GLY-61
-65.4678,153.96,THR-62
-159.506,149.833,ARG-63
-106.145,136.149,VAL-64
-123.436,152.129,ARG-65
-132.737,140.079,ALA-66
-157.492,169.048,MET-67
-169.706,132.259,ALA-68
-112.406,141.916,ILE-69
-99.8033,129.201,TYR-70
-111.759,141.333,LYS-71
-126.263,169.95,GLN-72
-62.0839,-35.741,SER-73
-83.2349,-24.4558,GLN-74
-133.388,151.076,HIS-75
-131.186,-19.9446,MET-76
-82.8166,79.8426,THR-77
-158.415,147.146,GLU-78
-84.1869,156.213,VAL-79
-67.1707,134.536,VAL-80
-155.911,161.901,ARG-81
-60.8403,148.33,ARG-82
-47.1942,143.432,CYS-83
-54.5628,-13.2886,PRO-84
-91.608,4.1085,HIS-85
-143.027,-22.4129,HIS-86
-67.0221,4.34022,GLU-87
-132.156,-23.4629,ARG-88
-71.1072,161.356,CYS-89
-65.2023,-22.4389,SER-90
-52.9202,-22.3979,ASP-91
-119.883,-21.9776,SER-92
-91.2075,123.003,ASP-93
-169.84,-128.239,GLY-94
-53.8799,-57.3031,LEU-95
-70.9667,143.525,ALA-96
-70.9212,154.643,PRO-97
-69.3579,-12.7735,PRO-98
-74.3243,-45.2298,GLN-99
-51.1908,121.135,HIS-100
-87.8602,-23.7596,LEU-101
-77.8373,104.334,ILE-102
-124.899,169.315,ARG-103
-147.2,164.92,VAL-104
-165.798,-166.173,GLU-105
113.535,-18.9328,GLY-106
-142.445,167.626,ASN-107
-58.3385,-58.7371,LEU-108
-79.763,151.689,ARG-109
-174.486,126.26,VAL-110
-171.377,141.609,GLU-111
-90.3042,133.669,TYR-112
-141.516,153.156,LEU-113
-70.7487,125.281,ASP-114
-65.0829,148.722,ASP-115
-77.6901,-15.2803,ARG-116
-105.999,-28.2073,ASN-117
-129.209,-9.39149,THR-118
65.733,-1.82164,PHE-119
-46.1451,115.022,ARG-120
-81.6302,119.822,HIS-121
-164.111,150.749,SER-122
-66.9687,127.487,VAL-123
-115.371,146.305,VAL-124
-129.706,154.399,VAL-125
-64.2905,141.303,PRO-126
-78.1166,130.207,TYR-127
-124.67,133.428,GLU-128
-79.0377,159.223,PRO-129
-75.5092,140.977,PRO-130
-91.5063,161.67,GLU-131
-56.837,119.643,VAL-132
113.107,-5.40362,GLY-133
-135.67,164.718,SER-134
-114.232,-3.92946,ASP-135
-162.09,160.183,CYS-136
-73.1888,120.601,THR-137
-102.163,132.768,THR-138
-129.472,138.822,ILE-139
-111.03,84.3293,HIS-140
-60.3787,165.528,TYR-141
-154.399,147.963,ASN-142
-147.996,113.17,TYR-143
-94.438,113.595,MET-144
-143.931,124.58,CYS-145
-82.1784,164.6,ASN-146
-70.4706,-20.2475,SER-147
-90.4508,-5.39336,SER-148
-60.8599,138.02,CYS-149
-61.6066,-51.4427,MET-150
72.519,-170.445,GLY-151
-68.8768,165.95,GLY-152
-86.3589,-23.5504,ILE-153
-124.695,102.154,ASN-154
-60.8089,122.584,ARG-155
-152.98,159.799,ARG-156
-80.5844,150.608,PRO-157
-111.907,137.273,ILE-158
-102.099,143.648,LEU-159
-107.96,152.148,THR-160
-114.757,123.299,ILE-161
-114.77,134.67,ILE-162
-132.047,136.001,THR-163
-90.5583,139.474,LEU-164
-156.588,173.457,GLU-165
-81.4051,169.309,ASP-166
-61.577,-22.4938,SER-167
-80.1629,-7.65165,SER-168
78.1639,8.93312,GLY-169
-56.6972,128.484,ASN-170
-88.3916,137.065,LEU-171
-120.725,-30.6347,LEU-172
-170.107,159.077,GLY-173
-148.793,157.619,ARG-174
-160.35,137.171,ASN-175
-143.029,151.601,SER-176
-159.115,149.298,PHE-177
-69.3305,151.749,GLU-178
-134.101,156.645,VAL-179
-154.283,113.474,ARG-180
-78.7177,128.863,VAL-181
-153.181,-174.703,CYS-182
-103.813,-20.1306,ALA-183
-142.728,87.7715,CYS-184
-49.6455,-39.7978,PRO-185
-68.9069,-18.3922,GLY-186
-84.3421,-56.9294,ARG-187
-54.1832,-32.2509,ASP-188
-65.7053,-51.2018,ARG-189
-55.9946,-30.0344,ARG-190
-65.2135,-67.4519,THR-191
-87.3725,-7.99184,GLU-192
-83.1171,-5.9122,GLU-193
-59.8395,-25.1036,GLU-194
-66.3958,1.49858,ASN-195
-116.358,156.137,LEU-196
-77.7696,-38.7338,ARG-197
-53.238,136.465,LYS-198
-57.954,121.316,LYS-199
-88.7364,-170.883,GLY-200
-70.2477,152.342,GLU-201
-50.1203,164.047,PRO-202
-166.254,169.502,HIS-203
-80.6954,124.979,HIS-204
-82.3733,-11.3166,GLU-205
-74.4924,-41.5174,LEU-206
-83.3794,171.962,PRO-207
-71.2796,176.249,PRO-208
-87.6716,174.084,GLY-209
-84.959,-175.195,SER-210
-93.3442,160.24,THR-211
-65.7289,177.278,LYS-212
79.5167,142.246,ARG-213
-68.5786,168.703,ALA-214
-69.4853,-44.4955,LEU-215
-93.0921,178.525,PRO-216
-76.3867,7.07905,ASN-217
-43.6658,133.691,ASN-218
-97.0204,144.805,SER-2
-156.739,148.488,SER-3
-63.5116,131.622,VAL-4
-75.2047,154.006,PRO-5
-76.3659,141.351,SER-6
-102.073,-5.21866,GLN-7
-69.3019,108.143,LYS-8
-55.8041,131.204,THR-9
-149.906,152.341,TYR-10
-87.6226,-36.6601,GLN-11
75.9309,-144.364,GLY-12
-89.3303,-9.39418,SER-13
-116.326,-6.16483,TYR-14
79.9893,24.1955,GLY-15
-67.1852,150.108,PHE-16
-157.855,168.101,ARG-17
-117.394,161.012,LEU-18
-148.364,162.142,GLY-19
-134.556,127.394,PHE-20
-78.3938,91.9461,LEU-21
-86.8624,134.822,HIS-22
-140.981,-38.526,SER-23
-165.1,-166.431,GLY-24
-133.875,-1.52063,THR-25
-75.4109,171.811,ALA-26
-66.5212,-30.8212,LYS-27
-50.7761,-25.6584,SER-28
-72.578,141.053,VAL-29
-95.5296,-24.3043,THR-30
-170.852,160.554,CYS-31
-160.489,137.113,THR-32
-123.614,131.741,TYR-33
-89.639,113.862,SER-34
-74.9668,-17.8016,PRO-35
-79.5456,-10.8614,ALA-36
-125.64,-5.15965,LEU-37
48.3424,57.3211,ASN-38
-146.232,120.344,LYS-39
-88.6933,138.773,MET-40
-101.448,133.204,PHE-41
-141.839,127.538,CYS-42
-76.0769,143.187,GLN-43
-67.9542,121.307,LEU-44
73.6475,-0.526822,ALA-45
-87.8251,153.755,LYS-46
-69.7842,114.827,THR-47
-102.317,101.677,CYS-48
-60.875,114.939,PRO-49
-93.8345,126.544,VAL-50
-110.309,132.659,GLN-51
-124.658,156.591,LEU-52
-136.176,161.542,TRP-53
-141.579,162.87,VAL-54
-107.686,-43.7758,ASP-55
-81.882,148.861,SER-56
-61.7855,106.607,THR-57
-61.7749,144.172,PRO-58
-75.7816,154.409,PRO-59
-81.0391,137.166,PRO-60
71.4501,12.8283,GLY-61
-51.4872,154.871,THR-62
-137.856,151.253,ARG-63
-99.0296,149.78,VAL-64
-139.216,143.483,ARG-65
-133.695,148.225,ALA-66
-155.151,155.064,MET-67
-144.25,122.594,ALA-68
-108.316,149.496,ILE-69
-127.806,123.273,TYR-70
-113.295,144.855,LYS-71
-131.577,-178.209,GLN-72
-79.7198,13.992,SER-73
-128.637,-22.5048,GLN-74
-144.324,162.81,HIS-75
-138.517,1.4566,MET-76
-96.0587,99.908,THR-77
-177.29,152.759,GLU-78
-101.411,148.827,VAL-79
-65.5848,132.619,VAL-80
-142.904,161.887,ARG-81
-64.1056,159.738,ARG-82
-61.6269,144.269,CYS-83
-41.9243,-38.1216,PRO-84
-81.2049,-19.9376,HIS-85
-96.0038,-14.6903,HIS-86
-86.2572,-5.59887,GLU-87
-118.596,-22.2353,ARG-88
-76.8971,165.239,CYS-89
-65.214,-21.6817,SER-90
-61.8365,-32.4684,ASP-91
-101.858,-9.66403,SER-92
-82.8785,138.168,ASP-93
167.701,-136.608,GLY-94
-57.1656,-36.2808,LEU-95
-89.1027,153.231,ALA-96
-48.0091,133.968,PRO-97
-66.9355,-12.6528,PRO-98
-67.4021,-47.6627,GLN-99
-63.2956,137.943,HIS-100
-89.3917,-24.8989,LEU-101
-87.3745,97.6037,ILE-102
-123.921,163.834,ARG-103
-137.934,167.257,VAL-104
-160.41,-172.22,GLU-105
91.8029,12.7801,GLY-106
-151.334,149.541,ASN-107
-67.4824,-32.2711,LEU-108
-100.968,133.607,ARG-109
-176.907,144.14,VAL-110
172.038,169.914,GLU-111
-105.999,117.718,TYR-112
-119.164,143.179,LEU-113
-71.8848,115.913,ASP-114
-41.5243,132.348,ASP-115
-68.7962,-18.9254,ARG-116
-108.765,-41.406,ASN-117
-103.372,-25.4543,THR-118
74.784,12.0817,PHE-119
-69.7811,113.575,ARG-120
-65.3713,121.264,HIS-121
-156.907,149.011,SER-122
-63.9943,145.001,VAL-123
-129.232,144.823,VAL-124
-136.542,148.451,VAL-125
-64.0061,143.218,PRO-126
-78.25,122.185,TYR-127
-114.918,113.306,GLU-128
-62.8795,139.342,PRO-129
-57.8141,134.778,PRO-130
-98.2341,156.115,GLU-131
-73.0546,130.246,VAL-132
105.13,-17.2718,GLY-133
-99.2443,169.465,SER-134
-121.966,-16.2216,ASP-135
-151.302,157.244,CYS-136
-81.0181,108.574,THR-137
-92.8024,140.684,THR-138
-135.172,137.347,ILE-139
-114.434,95.5975,HIS-140
-78.0807,169.46,TYR-141
-163.952,142.375,ASN-142
-144.275,138.452,TYR-143
-146.037,114.376,MET-144
-158.89,132.716,CYS-145
-93.1216,158.248,ASN-146
-68.6522,-28.4846,SER-147
-76.5475,-3.04799,SER-148
-59.0374,160.224,CYS-149
-88.3875,-53.4753,MET-150
79.5992,-160.261,GLY-151
-76.7844,157.892,GLY-152
-66.3429,-25.801,ILE-153
-121.221,93.8387,ASN-154
-57.8337,112.243,ARG-155
-134.109,173.305,ARG-156
-80.1533,168.584,PRO-157
-129.711,128.202,ILE-158
-88.7591,147.444,LEU-159
-111.881,156.578,THR-160
-111.004,114.12,ILE-161
-98.7541,147.595,ILE-162
-141.444,158.014,THR-163
-115.583,144.157,LEU-164
-158.583,149.558,GLU-165
-67.1389,162.218,ASP-166
-67.9505,-15.4306,SER-167
-81.8061,-5.95013,SER-168
93.3128,-14.7953,GLY-169
-53.6863,132.863,ASN-170
-76.4077,138.279,LEU-171
-112.528,-43.6258,LEU-172
-163.813,169.803,GLY-173
-147.028,154.725,ARG-174
-156.648,143.143,ASN-175
-127.127,142.608,SER-176
-146.373,159.424,PHE-177
-92.3298,150.859,GLU-178
-129.358,125.842,VAL-179
-120.416,118.26,ARG-180
-72.3114,130.008,VAL-181
-160.16,160.804,CYS-182
-66.5372,-31.8457,ALA-183
-147.265,80.4555,CYS-184
-38.8281,-44.8324,PRO-185
-72.8256,-42.4327,GLY-186
-58.1729,-57.8276,ARG-187
-62.3329,-32.3339,ASP-188
-71.4928,-36.1536,ARG-189
-68.2216,-25.9263,ARG-190
-76.3318,-40.3092,THR-191
-98.6432,-25.7644,GLU-192
-84.2461,-14.067,GLU-193
-44.121,-27.2333,GLU-194
-80.6599,-3.90477,ASN-195
-70.6354,174.996,LEU-196
-98.4862,20.545,ARG-197
-154.931,158.029,LYS-198
-69.3302,141.263,LYS-199
-84.5037,-177.392,GLY-200
-68.9751,141.016,GLU-201
-76.4205,147.036,PRO-202
-125.922,-105.67,HIS-203
-161.717,150.626,HIS-204
-112.913,-14.1726,GLU-205
-72.1338,-33.3143,LEU-206
-75.6446,153.761,PRO-207
-85.7317,162.891,PRO-208
-69.2531,154.844,GLY-209
-77.9761,-167.67,SER-210
-100.183,145.742,THR-211
-68.535,154.804,LYS-212
72.4118,145.879,ARG-213
-88.1418,143.746,ALA-214
-28.134,-54.7061,LEU-215
-73.3244,154.688,PRO-216
-74.242,8.92112,ASN-217
-51.6214,135.75,ASN-218
-138.274,155.369,SER-2
-174.894,149.218,SER-3
-73.4674,131.514,VAL-4
-67.7342,146.12,PRO-5
-88.0783,127.483,SER-6
-77.1793,-24.1005,GLN-7
-66.2606,123.883,LYS-8
-67.272,128.792,THR-9
-143.115,146.562,TYR-10
-87.9219,-18.9242,GLN-11
82.7798,-144.405,GLY-12
-95.8891,5.36294,SER-13
-122.265,-9.55324,TYR-14
71.2982,28.6838,GLY-15
-72.2254,103.342,PHE-16
-137.071,156.039,ARG-17
-109.305,162.203,LEU-18
-140.103,144.63,GLY-19
-116.311,120.169,PHE-20
-68.8178,60.3778,LEU-21
-69.7744,126.419,HIS-22
-122.926,-24.0604,SER-23
165.077,-162.44,GLY-24
-137.681,11.5947,THR-25
-62.4638,169.05,ALA-26
-76.8281,-13.2992,LYS-27
-73.3001,-15.2223,SER-28
-78.3615,136.162,VAL-29
-77.5374,-33.8483,THR-30
-158.017,156.845,CYS-31
-166.211,131.079,THR-32
-101.717,141.944,TYR-33
-99.2168,111.263,SER-34
-73.9256,-16.8539,PRO-35
-77.4664,-16.2201,ALA-36
-122.184,-17.8679,LEU-37
64.8761,41.8181,ASN-38
-138.742,129.724,LYS-39
-111.377,121.619,MET-40
-92.1723,128.525,PHE-41
-129.63,126.743,CYS-42
-82.3025,130.932,GLN-43
-69.7901,130.657,LEU-44
65.8089,1.08368,ALA-45
-80.2438,163.5,LYS-46
-73.4955,134.614,THR-47
-106.961,101.229,CYS-48
-79.5905,126.896,PRO-49
-111.069,137.306,VAL-50
-98.5568,150.416,GLN-51
-137.926,151.564,LEU-52
-154.27,141.122,TRP-53
-146.53,142.147,VAL-54
-102.463,6.61992,ASP-55
-149.915,140.667,SER-56
-63.3162,132.421,THR-57
-67.1778,162.535,PRO-58
-44.5891,159.984,PRO-59
-80.1149,119.43,PRO-60
101.844,0.140262,GLY-61
-63.8427,148.299,THR-62
-136.582,141.638,ARG-63
-85.1222,121.214,VAL-64
-113.752,146.567,ARG-65
-141.273,121.929,ALA-66
-128.768,155.053,MET-67
-145.844,125.38,ALA-68
-95.8811,170.106,ILE-69
-138.77,104.095,TYR-70
-93.6127,152.34,LYS-71
-137.656,-177.933,GLN-72
-74.2215,-30.1146,SER-73
-108.367,1.63859,GLN-74
-169.532,167.215,HIS-75
-128.786,-2.99506,MET-76
-88.9306,74.9628,THR-77
-168.244,165.924,GLU-78
-120.243,157.408,VAL-79
-69.4501,126.166,VAL-80
-147.94,152.216,ARG-81
-56.1453,154.955,ARG-82
-75.0097,161.857,CYS-83
-57.0909,-24.0575,PRO-84
-89.5189,-5.65586,HIS-85
-125.66,-11.163,HIS-86
-79.7928,8.45896,GLU-87
-151.49,-10.7159,ARG-88
-77.6681,171.274,CYS-89
-76.1812,-10.553,SER-90
-67.9056,-12.9107,ASP-91
-129.033,-39.8755,SER-92
-74.8818,114.507,ASP-93
-147.376,-127.492,GLY-94
-47.2919,-58.3998,LEU-95
-69.8034,144.972,ALA-96
-61.3989,139.316,PRO-97
-65.1044,-21.7639,PRO-98
-77.7485,-23.7966,GLN-99
-69.9292,125.177,HIS-100
-82.5117,-22.2365,LEU-101
-91.4266,101.775,ILE-102
-121.994,179.492,ARG-103
-162.345,150.843,VAL-104
-139.619,-175.385,GLU-105
133.787,-77.9427,GLY-106
-62.9519,142.406,ASN-107
-54.7537,-48.1909,LEU-108
-80.3734,155.526,ARG-109
-178.517,125.225,VAL-110
-159.387,161.16,GLU-111
-108.025,123.446,TYR-112
-128.432,143.68,LEU-113
-57.5328,123.253,ASP-114
-71.9603,134.317,ASP-115
-68.5443,-25.2566,ARG-116
-103.225,-43.0552,ASN-117
-95.3693,-22.1647,THR-118
80.6506,-22.5062,PHE-119
-49.2984,107.912,ARG-120
-69.9345,116.76,HIS-121
-161.623,143.848,SER-122
-63.1874,133.3,VAL-123
-111.747,143.512,VAL-124
-140.784,133.855,VAL-125
-51.631,153.622,PRO-126
-93.9185,137.759,TYR-127
-151.85,128.261,GLU-128
-65.222,155.406,PRO-129
-56.2279,137.478,PRO-130
-66.8211,-176.244,GLU-131
-77.3008,143.236,VAL-132
83.3971,-13.1232,GLY-133
-94.0365,141.106,SER-134
-84.5122,-37.1284,ASP-135
-158.944,-164.244,CYS-136
-88.4012,130.449,THR-137
-131.102,114.259,THR-138
-110.333,134.08,ILE-139
-115.048,92.2379,HIS-140
-71.8001,164.688,TYR-141
-160.427,144.652,ASN-142
-141.103,123.915,TYR-143
-128.79,97.2836,MET-144
-119.864,111.416,CYS-145
-48.9885,159.797,ASN-146
-73.3994,-10.2958,SER-147
-102.686,16.946,SER-148
-64.8278,143.093,CYS-149
-63.917,-36.9966,MET-150
78.4223,168.078,GLY-151
-67.7179,155.787,GLY-152
-62.631,-35.7348,ILE-153
-111.352,97.4307,ASN-154
-57.8656,128.623,ARG-155
-152.55,148.592,ARG-156
-50.2857,155.957,PRO-157
-144.704,138.855,ILE-158
-120.243,136.944,LEU-159
-110.228,150.095,THR-160
-116.689,111.145,ILE-161
-101.622,127.248,ILE-162
-133.384,156.676,THR-163
-98.7343,119.125,LEU-164
-126.568,169.62,GLU-165
-88.1141,173.729,ASP-166
-76.8923,-12.5601,SER-167
-88.9931,2.74327,SER-168
90.6443,-0.814489,GLY-169
-67.9009,129.403,ASN-170
-80.9992,129.363,LEU-171
-120.524,-45.6921,LEU-172
-147.16,178.529,GLY-173
-159.004,143.185,ARG-174
-153.13,130.834,ASN-175
-125.102,150.04,SER-176
-152.627,164.021,PHE-177
-82.2451,132.862,GLU-178
-98.5919,147.338,VAL-179
-140.413,143.177,ARG-180
-107.128,138.198,VAL-181
-160.42,176.446,CYS-182
-104.351,-31.6798,ALA-183
-130.017,91.7837,CYS-184
-65.0701,-26.4954,PRO-185
-83.0559,-34.3985,GLY-186
-57.8133,-52.7978,ARG-187
-61.1593,-42.0951,ASP-188
-58.7313,-56.1583,ARG-189
-44.6985,-46.1761,ARG-190
-38.3331,-73.9545,THR-191
-82.2743,-24.4512,GLU-192
-71.8771,-15.8358,GLU-193
-69.667,-13.2743,GLU-194
-71.5812,-6.37982,ASN-195
-79.3578,151.634,LEU-196
-85.2889,39.3124,ARG-197
-166.526,144.637,LYS-198
-45.5564,144.329,LYS-199
-115.489,-169.946,GLY-200
-77.0704,147.082,GLU-201
-77.8288,147.803,PRO-202
-132.078,154.362,HIS-203
-52.8122,141.657,HIS-204
-77.7177,-25.6016,GLU-205
-71.6211,-47.0918,LEU-206
-67.7664,150.658,PRO-207
-69.9675,-168.441,PRO-208
-93.5519,-170.697,GLY-209
-117.965,-176.527,SER-210
-79.1317,161.591,THR-211
-93.6077,162.989,LYS-212
66.4142,157.743,ARG-213
-88.8484,169.387,ALA-214
-70.2498,-34.4424,LEU-215
-91.1155,175.933,PRO-216
-81.069,9.68131,ASN-217
-40.9251,97.6936,ASN-218
-80.956,-172.841,SER-2
175.501,134.035,SER-3
-66.8274,120.973,VAL-4
-64.5027,139.497,PRO-5
-70.0547,136.144,SER-6
-86.9897,-4.28542,GLN-7
-52.6146,104.794,LYS-8
-50.8908,135.767,THR-9
-151.911,150.227,TYR-10
-91.9186,-26.7249,GLN-11
72.516,-160.431,GLY-12
-76.8724,-30.1457,SER-13
-81.398,-24.2645,TYR-14
80.5875,24.8323,GLY-15
-57.0886,125.49,PHE-16
-150.059,149.51,ARG-17
-118.193,104.567,LEU-18
-91.4127,127.651,GLY-19
-101.563,129.561,PHE-20
-86.6553,82.3977,LEU-21
-78.541,117.164,HIS-22
-123.651,-22.4435,SER-23
172.659,-169.953,GLY-24
-132.811,-4.42799,THR-25
-78.8226,165.9,ALA-26
-72.4494,-15.0079,LYS-27
-63.6541,-26.5595,SER-28
-85.5361,132.476,VAL-29
-80.9729,-22.727,THR-30
-171.661,161.681,CYS-31
-157.204,141.163,THR-32
-117.769,139.778,TYR-33
-112.471,105.558,SER-34
-50.2889,-41.2955,PRO-35
-75.0384,-18.0808,ALA-36
-105.64,-23.134,LEU-37
58.0433,51.3628,ASN-38
-134.216,146.644,LYS-39
-130.33,118.199,MET-40
-92.6212,137.315,PHE-41
-142.944,120.502,CYS-42
-75.6773,126.453,GLN-43
-45.531,120.12,LEU-44
90.5788,-19.6268,ALA-45
-73.5564,149.505,LYS-46
-71.1409,128.53,THR-47
-95.0051,121.47,CYS-48
-75.8841,124.03,PRO-49
-119.665,133.066,VAL-50
-92.5256,154.248,GLN-51
-145.04,157.352,LEU-52
-164.654,150.997,TRP-53
-124.535,147.983,VAL-54
-57.6498,-49.5631,ASP-55
-147.13,129.366,SER-56
-48.9837,136.546,THR-57
-75.4123,159.025,PRO-58
-60.9023,144.836,PRO-59
-56.9714,162.92,PRO-60
83.9348,-11.1578,GLY-61
-68.9835,142.101,THR-62
-145.277,156.28,ARG-63
-107.685,118.111,VAL-64
-93.1203,138.926,ARG-65
-130.491,141.491,ALA-66
-165.912,161.5,MET-67
-152.197,125.866,ALA-68
-104.069,154.42,ILE-69
-117.638,135.875,TYR-70
-117.471,138.926,LYS-71
-133.592,170.501,GLN-72
-51.2787,-16.0489,SER-73
-114.369,-31.4902,GLN-74
-125.328,154.275,HIS-75
-129.325,-5.2556,MET-76
-90.0216,63.2411,THR-77
-144.675,157.55,GLU-78
-105.374,144.399,VAL-79
-66.6087,123.406,VAL-80
-141.459,161.517,ARG-81
-50.5952,151.716,ARG-82
-39.9027,149.936,CYS-83
-62.8902,-25.9251,PRO-84
-98.417,-0.715267,HIS-85
-122.902,-11.4107,HIS-86
-77.8912,-2.21872,GLU-87
-136.223,-28.0693,ARG-88
-56.1232,165.31,CYS-89
-59.6904,-23.7863,SER-90
-74.11,-28.1781,ASP-91
-95.4912,-33.2779,SER-92
-59.7955,153.201,ASP-93
140.439,-126.754,GLY-94
-61.7327,-56.716,LEU-95
-79.5621,122.294,ALA-96
-59.4264,153.152,PRO-97
-78.3869,-13.7795,PRO-98
-69.2926,-37.135,GLN-99
-72.8611,121.503,HIS-100
-78.1341,-42.9185,LEU-101
-77.492,90.977,ILE-102
-109.754,170.305,ARG-103
-171.422,149.72,VAL-104
-159.39,-172.936,GLU-105
109.434,23.7766,GLY-106
-165.558,148.76,ASN-107
-67.6912,-9.37851,LEU-108
-126.797,159.446,ARG-109
172.148,123.817,VAL-110
-152.592,149.169,GLU-111
-100.549,121.478,TYR-112
-143.437,143.405,LEU-113
-59.5848,115.196,ASP-114
-55.5805,142.816,ASP-115
-76.711,-25.0906,ARG-116
-98.77,-34.663,ASN-117
-108.743,-19.066,THR-118
66.6791,17.3194,PHE-119
-91.3162,111.082,ARG-120
-52.8754,115.596,HIS-121
-160.408,155.333,SER-122
-72.9476,137.742,VAL-123
-115.719,133.2,VAL-124
-121.468,152.617,VAL-125
-55.6525,142.784,PRO-126
-85.5475,103.556,TYR-127
-115.572,127.131,GLU-128
-66.9019,148.835,PRO-129
-62.2001,144.924,PRO-130
-100.948,169.759,GLU-131
-55.8788,102.739,VAL-132
121.39,-7.29454,GLY-133
-100.05,160.04,SER-134
-103.963,-39.3598,ASP-135
-154.88,163.753,CYS-136
-53.0628,126.133,THR-137
-144.839,131.657,THR-138
-121.006,130.307,ILE-139
-105.716,83.1119,HIS-140
-66.2866,164.04,TYR-141
-158.415,142.611,ASN-142
-130.32,138.894,TYR-143
-123.23,123.297,MET-144
-145.894,135.527,CYS-145
-82.22,147.972,ASN-146
-68.7343,-35.4668,SER-147
-92.1041,5.81864,SER-148
-66.0384,160.115,CYS-149
-81.2158,-24.5889,MET-150
69.7943,-169.592,GLY-151
-76.0339,147.056,GLY-152
-68.3505,-19.2631,ILE-153
-132.687,84.0469,ASN-154
-51.893,132.712,ARG-155
-153.533,170.485,ARG-156
-59.8897,149.333,PRO-157
-119.076,150.853,ILE-158
-135.532,137.158,LEU-159
-92.6601,143.11,THR-160
-111.296,125.977,ILE-161
-111.23,139.08,ILE-162
-134.017,121.389,THR-163
-59.6183,126.681,LEU-164
-142.787,169.808,GLU-165
-86.8231,167.855,ASP-166
-72.4099,-8.43349,SER-167
-68.0214,-22.7853,SER-168
89.0426,2.20815,GLY-169
-73.1902,121.126,ASN-170
-68.2759,129.103,LEU-171
-120.009,-29.4739,LEU-172
-156.152,145.615,GLY-173
-135.308,149.707,ARG-174
-153.861,139.458,ASN-175
-140.49,147.144,SER-176
-158.12,153.969,PHE-177
-80.2107,142.267,GLU-178
-127.242,147.533,VAL-179
-140.769,133.283,ARG-180
-107.272,143.556,VAL-181
-175.891,-176,CYS-182
-94.2344,-29.332,ALA-183
-135.105,88.4204,CYS-184
-52.799,-28.2086,PRO-185
-81.9359,-42.9524,GLY-186
-50.4479,-48.8955,ARG-187
-66.1111,-52.0663,ASP-188
-49.0332,-64.1361,ARG-189
-41.4623,-46.8435,ARG-190
-61.3745,-53.0753,THR-191
-83.2957,-27.03,GLU-192
-72.3359,-12.2307,GLU-193
-55.6896,-16.0054,GLU-194
-62.9934,-31.0758,ASN-195
-61.0538,127.797,LEU-196
-76.5674,-26.7436,ARG-197
-75.4978,175.843,LYS-198
-72.4193,147.895,LYS-199
-110.523,-155.385,GLY-200
-93.3144,152.199,GLU-201
-77.9173,164.06,PRO-202
-147.348,140.037,HIS-203
-37.0821,130.64,HIS-204
-77.5836,-29.204,GLU-205
-81.2356,-39.5453,LEU-206
-73.4948,152.939,PRO-207
-82.0338,-177.532,PRO-208
-78.2321,-171.493,GLY-209
-112.71,176.211,SER-210
-65.2698,156.902,THR-211
-89.262,152.691,LYS-212
77.6374,142,ARG-213
-67.7926,162.302,ALA-214
-62.0547,-35.0581,LEU-215
-91.3083,-176.494,PRO-216
-93.2356,16.8518,ASN-217
-56.8932,125.957,ASN-218
-122.256,165.929,SER-2
-170.806,158.385,SER-3
-64.5953,126.608,VAL-4
-50.6473,156.1,PRO-5
-114.121,152.3,SER-6
-117.119,-11.5637,GLN-7
-51.3706,111.753,LYS-8
-73.5887,123.991,THR-9
-153.32,146.803,TYR-10
-91.869,-35.1044,GLN-11
72.5856,-159.774,GLY-12
-66.5333,-17.2862,SER-13
-115.002,-8.87817,TYR-14
80.6552,4.76502,GLY-15
-35.7596,113.143,PHE-16
-158.848,135.705,ARG-17
-106.133,175.463,LEU-18
-170.007,159.918,GLY-19
-135.361,130.079,PHE-20
-78.3185,75.9746,LEU-21
-73.0824,112.606,HIS-22
-102.679,-32.9334,SER-23
157.708,-153.548,GLY-24
-137.683,-6.06793,THR-25
-60.0515,157.046,ALA-26
-60.061,-14.5823,LYS-27
-72.21,-33.5084,SER-28
-79.3087,126.998,VAL-29
-83.1051,-14.1603,THR-30
-176.637,152.13,CYS-31
-154.829,128.899,THR-32
-105.001,138.594,TYR-33
-104.34,96.1978,SER-34
-57.1911,-41.6371,PRO-35
-64.9241,0.669007,ALA-36
-120.102,-27.2654,LEU-37
66.3793,37.2237,ASN-38
-125.209,127.858,LYS-39
-88.8656,143.754,MET-40
-124.936,118.166,PHE-41
-119.829,127.673,CYS-42
-71.2404,129.737,GLN-43
-50.782,115.471,LEU-44
81.4178,-13.4909,ALA-45
-78.2546,150.866,LYS-46
-64.7084,139.314,THR-47
-132.526,127.585,CYS-48
-98.1506,117.65,PRO-49
-104.481,138.082,VAL-50
-110.044,139.83,GLN-51
-145.225,119.546,LEU-52
-102.032,161.383,TRP-53
-142.58,148.416,VAL-54
-86.7746,-13.0708,ASP-55
-163.818,164.926,SER-56
-62.2321,129.876,THR-57
-74.297,156.425,PRO-58
-51.5075,151.485,PRO-59
-67.0154,131.696,PRO-60
95.1599,-1.12145,GLY-61
-62.9025,148.655,THR-62
-142.769,137.368,ARG-63
-97.7868,133.794,VAL-64
-130.463,152.903,ARG-65
-143.679,156.836,ALA-66
-152.383,176.566,MET-67
-170.021,121.326,ALA-68
-103.991,152.58,ILE-69
-112.999,140.239,TYR-70
-123.066,150.901,LYS-71
-145.819,171.136,GLN-72
-68.0533,6.14346,SER-73
-134.005,-16.4732,GLN-74
-164.214,176.495,HIS-75
-145.758,-5.46845,MET-76
-77.3468,84.8418,THR-77
-167.605,146.52,GLU-78
-95.0427,151.942,VAL-79
-63.0518,128.174,VAL-80
-136.904,153.588,ARG-81
-49.6083,145.827,ARG-82
-59.6931,154.045,CYS-83
-53.6021,-19.8407,PRO-84
-92.8827,-5.98103,HIS-85
-131.26,-3.17297,HIS-86
-81.6286,-2.05006,GLU-87
-147.401,-13.2164,ARG-88
-69.3708,174.307,CYS-89
-75.2579,-24.9839,SER-90
-61.9197,-27.9793,ASP-91
-98.117,-31.9351,SER-92
-84.7435,142.889,ASP-93
-179.158,-118.544,GLY-94
-74.6282,-47.0046,LEU-95
-60.9007,127.392,ALA-96
-61.5566,136.383,PRO-97
-62.4588,-15.9647,PRO-98
-84.4935,-28.5226,GLN-99
-69.6457,118.753,HIS-100
-60.8335,-45.7226,LEU-101
-83.9776,103.667,ILE-102
-141.779,146.507,ARG-103
-155.832,152.548,VAL-104
-153.682,-171.962,GLU-105
135.063,-53.0889,GLY-106
-82.2949,161.923,ASN-107
-61.3533,-13.0158,LEU-108
-125.578,148.531,ARG-109
-176.913,134.768,VAL-110
-164.47,168.527,GLU-111
-103.107,139.315,TYR-112
-140.164,151.673,LEU-113
-63.9695,128.504,ASP-114
-63.4397,125.92,ASP-115
-72.7215,-20.1773,ARG-116
-90.1786,-63.2065,ASN-117
-75.3537,-26.4763,THR-118
86.0774,-1.57496,PHE-119
-73.4104,117.693,ARG-120
-63.1759,132.738,HIS-121
-169.306,164.861,SER-122
-89.542,133.057,VAL-123
-125.964,139.147,VAL-124
-137.154,143.398,VAL-125
-67.8822,152.733,PRO-126
-72.4191,141.891,TYR-127
-156.847,112.21,GLU-128
-57.4987,156.954,PRO-129
-69.127,133.892,PRO-130
-80.2723,-178.979,GLU-131
-49.4656,138.364,VAL-132
71.1371,-23.0182,GLY-133
-73.2142,179.656,SER-134
-142.28,-30.4262,ASP-135
-152.137,144.266,CYS-136
-63.7819,120.79,THR-137
-94.6135,114.996,THR-138
-97.2386,126.78,ILE-139
-95.226,98.1549,HIS-140
-70.8918,174.9,TYR-141
-168.103,134.469,ASN-142
-142.196,124.111,TYR-143
-122.92,112.837,MET-144
-137.369,151.122,CYS-145
-90.8664,132.917,ASN-146
-68.0079,-10.0819,SER-147
-128.128,26.8653,SER-148
-76.5779,153.763,CYS-149
-52.9712,-31.5023,MET-150
67.061,-160.654,GLY-151
-75.1176,147.078,GLY-152
-67.082,-17.1579,ILE-153
-135.78,104.592,ASN-154
-70.288,117.307,ARG-155
-136.348,153.634,ARG-156
-73.3497,154.218,PRO-157
-136.287,147.53,ILE-158
-135.721,130.756,LEU-159
-102.686,147.44,THR-160
-119.536,116.338,ILE-161
-106.657,133.949,ILE-162
-145.464,159.356,THR-163
-130.796,125.101,LEU-164
-138.779,155.683,GLU-165
-69.6348,161.485,ASP-166
-50.8379,-32.0088,SER-167
-76.8257,-5.29663,SER-168
97.2378,4.96184,GLY-169
-76.1652,118.826,ASN-170
-56.1293,127.595,LEU-171
-121.554,-18.6717,LEU-172
-173.3,157.961,GLY-173
-145.618,149.926,ARG-174
-149.687,124.355,ASN-175
-114.986,145.971,SER-176
-155.172,161.525,PHE-177
-82.8154,140.309,GLU-178
-128.398,158.436,VAL-179
-155.612,121.8,ARG-180
-91.8315,143.275,VAL-181
-167.257,164.664,CYS-182
-69.0805,-43.0418,ALA-183
-128.143,70.2826,CYS-184
-55.7718,-32.2794,PRO-185
-66.6057,-23.177,GLY-186
-99.0741,-34.6842,ARG-187
-65.9009,-48.5764,ASP-188
-55.4203,-46.7801,ARG-189
-55.9101,-44.3142,ARG-190
-67.057,-45.3035,THR-191
-88.0385,-23.4211,GLU-192
-87.959,-5.68393,GLU-193
-55.334,-29.4785,GLU-194
-67.6899,-5.296,ASN-195
-79.2905,159.695,LEU-196
-63.8067,-35.439,ARG-197
-86.5715,175.894,LYS-198
-86.5024,129.454,LYS-199
-80.5959,-168.72,GLY-200
-61.3075,131.009,GLU-201
-62.6153,134.542,PRO-202
-134.163,161.341,HIS-203
-60.6621,149.971,HIS-204
-44.156,-56.5862,GLU-205
-59.8286,-54.865,LEU-206
-69.1893,135.321,PRO-207
-69.3039,-174.982,PRO-208
-72.8457,167.169,GLY-209
-89.4723,-155.384,SER-210
-80.6669,171.081,THR-211
-90.2945,162.695,LYS-212
70.9859,148.997,ARG-213
-67.4741,161.324,ALA-214
-72.9887,-34.4186,LEU-215
-98.6817,171.571,PRO-216
-86.6941,3.38311,ASN-217
-31.3825,126.981,ASN-218
-98.6283,151.562,SER-2
-144.872,138.685,SER-3
-56.8359,129.398,VAL-4
-73.585,129.167,PRO-5
-71.8795,146.925,SER-6
-90.9265,-14.9598,GLN-7
-46.7465,142.093,LYS-8
-107.242,136.785,THR-9
-164.308,142.915,TYR-10
-97.4362,-21.5254,GLN-11
78.3598,-153.244,GLY-12
-78.5679,-9.84616,SER-13
-117.719,-31.517,TYR-14
90.6373,33.76,GLY-15
-63.0477,111.782,PHE-16
-147.312,148.226,ARG-17
-103.867,148.768,LEU-18
-125.427,164.392,GLY-19
-137.015,116.101,PHE-20
-84.8884,118.315,LEU-21
-82.722,146.972,HIS-22
-147.893,-1.31477,SER-23
104.917,-149.362,GLY-24
-138.78,18.2218,THR-25
-75.2933,156.215,ALA-26
-54.8548,-24.2756,LYS-27
-65.1773,-23.7134,SER-28
-52.8515,127.337,VAL-29
-69.436,-57.8935,THR-30
-148.813,-175.999,CYS-31
-169.858,139.442,THR-32
-110.255,123.515,TYR-33
-85.0574,106.008,SER-34
-61.0748,-37.4962,PRO-35
-65.4046,-17.3868,ALA-36
-115.382,-7.23151,LEU-37
43.6374,40.2653,ASN-38
-126.176,137.236,LYS-39
-114.526,130.08,MET-40
-114.12,109.987,PHE-41
-112.599,146.889,CYS-42
-84.5748,136.905,GLN-43
-46.9954,119.446,LEU-44
82.1477,-13.2562,ALA-45
-80.3413,153.253,LYS-46
-81.8887,107.457,THR-47
-89.1161,120.911,CYS-48
-72.7451,90.9594,PRO-49
-89.2305,123.97,VAL-50
-91.9454,146.822,GLN-51
-139.785,145.677,LEU-52
-140.441,157.75,TRP-53
-146.793,155.38,VAL-54
-106.593,-14.0378,ASP-55
-112.601,160.342,SER-56
-79.64,112.443,THR-57
-67.2436,152.15,PRO-58
-68.6484,161.627,PRO-59
-63.6251,146.913,PRO-60
77.4903,16.4657,GLY-61
-82.645,160.931,THR-62
-153.376,162.76,ARG-63
-110.876,120.617,VAL-64
-103.364,149.026,ARG-65
-141.278,145.479,ALA-66
-155.029,-172.496,MET-67
-160.784,139.761,ALA-68
-124.181,144.221,ILE-69
-121.757,117.475,TYR-70
-98.4396,151.226,LYS-71
-132.379,173.603,GLN-72
-63.9934,-11.7328,SER-73
-115.058,-10.7375,GLN-74
-158.386,156.162,HIS-75
-119.781,-14.8126,MET-76
-94.4137,88.2133,THR-77
-174.363,164.631,GLU-78
-121.127,164.524,VAL-79
-66.8332,138.267,VAL-80
-160.4,149.71,ARG-81
-58.9673,156.095,ARG-82
-47.9685,159.382,CYS-83
-62.1608,-27.508,PRO-84
-75.5396,-10.1611,HIS-85
-141.666,-10.2212,HIS-86
-67.986,3.20264,GLU-87
-150.263,-6.43204,ARG-88
-73.675,176.233,CYS-89
-84.413,-22.534,SER-90
-68.8533,-26.7315,ASP-91
-93.6664,-49.0311,SER-92
-58.9743,140.519,ASP-93
170.852,-133.688,GLY-94
-54.9301,-62.5373,LEU-95
-82.9886,143.634,ALA-96
-65.6687,154.533,PRO-97
-62.9875,-17.3948,PRO-98
-75.0438,-24.319,GLN-99
-85.2339,118.369,HIS-100
-86.1078,-45.2934,LEU-101
-71.0937,116.378,ILE-102
-140.34,159.002,ARG-103
-150.616,159.295,VAL-104
-157.034,-161.28,GLU-105
140.555,-73.1544,GLY-106
-70.9214,158.103,ASN-107
-60.0373,-38.1498,LEU-108
-83.5354,150.929,ARG-109
-176.415,139.445,VAL-110
-173.511,169.402,GLU-111
-105.066,132.382,TYR-112
-144.037,151.003,LEU-113
-61.7395,136.4,ASP-114
-88.0909,127.346,ASP-115
-73.8735,-3.45007,ARG-116
-127.87,-45.1265,ASN-117
-102.089,-27.468,THR-118
86.6609,-19.4047,PHE-119
-62.1424,100.441,ARG-120
-54.3821,133.248,HIS-121
-164.996,158.695,SER-122
-61.6005,140.109,VAL-123
-138.53,146.238,VAL-124
-138.938,141.49,VAL-125
-51.9216,152.837,PRO-126
-81.9755,127.906,TYR-127
-123.942,130.788,GLU-128
-70.8269,163.234,PRO-129
-45.4796,127.19,PRO-130
-67.9653,167.203,GLU-131
-53.6837,113.297,VAL-132
88.4211,9.8913,GLY-133
-87.0665,162.83,SER-134
-105.271,-23.9878,ASP-135
-127.649,160.883,CYS-136
-72.2683,142.769,THR-137
-127,139.498,THR-138
-131.552,125.234,ILE-139
-104.016,95.9404,HIS-140
-78.7608,152.274,TYR-141
-140.153,133.466,ASN-142
-118.065,143.836,TYR-143
-136.341,123.351,MET-144
-150.973,127.503,CYS-145
-58.5471,146.171,ASN-146
-75.6576,-5.979,SER-147
-115.089,27.2357,SER-148
-80.4829,151.065,CYS-149
-84.6142,-40.761,MET-150
79.8095,-140.887,GLY-151
-88.4348,147.818,GLY-152
-59.1875,-27.4165,ILE-153
-137.022,122.983,ASN-154
-81.3453,129.187,ARG-155
-149.651,159.83,ARG-156
-81.5409,164.756,PRO-157
-145.847,162.149,ILE-158
-143.913,155.901,LEU-159
-129.331,138.756,THR-160
-114.656,114.752,ILE-161
-103.693,132.241,ILE-162
-135.585,122.962,THR-163
-71.7331,137.69,LEU-164
-157.225,162.955,GLU-165
-67.1168,160.41,ASP-166
-60.5282,-37.3008,SER-167
-76.2297,17.56,SER-168
86.5573,-14.4481,GLY-169
-59.7987,119.239,ASN-170
-62.729,140.789,LEU-171
-122.224,-31.3383,LEU-172
-161.141,150.811,GLY-173
-149.221,141.679,ARG-174
-143.544,156.676,ASN-175
-141.346,164.457,SER-176
-158.917,144.682,PHE-177
-73.3828,121.278,GLU-178
-93.7084,140.237,VAL-179
-146.612,119.68,ARG-180
-97.5551,117.474,VAL-181
-144.638,173.41,CYS-182
-78.6332,-32.3571,ALA-183
-147.681,96.9941,CYS-184
-55.5574,-32.0084,PRO-185
-65.1834,-48.9582,GLY-186
-56.9449,-58.1093,ARG-187
-72.3896,-42.3159,ASP-188
-55.0258,-45.039,ARG-189
-63.0412,-39.5547,ARG-190
-67.7552,-45.0188,THR-191
-81.5716,-32.9459,GLU-192
-76.3171,-11.0466,GLU-193
-56.3028,-30.0489,GLU-194
-68.745,5.97163,ASN-195
-83.2953,145.654,LEU-196
-66.3012,-30.9427,ARG-197
-96.7702,169.49,LYS-198
-84.8251,128.686,LYS-199
-89.9483,-152.268,GLY-200
-74.2096,141.614,GLU-201
-71.9525,163.861,PRO-202
-175.545,141.855,HIS-203
-48.6842,120.657,HIS-204
-72.6053,-14.6868,GLU-205
-74.4736,-61.138,LEU-206
-61.3065,157.4,PRO-207
-69.2198,161.231,PRO-208
-66.81,178.045,GLY-209
-109.983,-138.4,SER-210
-141.936,153.631,THR-211
-69.8718,147.695,LYS-212
81.8743,145.39,ARG-213
-62.2969,174.768,ALA-214
-77.3588,-42.0633,LEU-215
-83.8669,-179.506,PRO-216
-81.5443,10.2986,ASN-217
-60.046,127.838,ASN-218
-100.168,154.754,SER-2
-153.491,146.811,SER-3
-65.6796,131.286,VAL-4
-68.6417,123.228,PRO-5
-64.1105,137.916,SER-6
-103.559,8.94135,GLN-7
-57.0112,111.776,LYS-8
-70.5275,143.272,THR-9
-157.822,161.059,TYR-10
-88.5076,-30.3866,GLN-11
67.6074,-159.783,GLY-12
-71.6089,-27.1851,SER-13
-98.6977,-3.33615,TYR-14
67.4994,43.7254,GLY-15
-74.5657,133.125,PHE-16
-157.285,158.287,ARG-17
-141.257,129.928,LEU-18
-124.137,-174.956,GLY-19
-136.509,127.42,PHE-20
-66.0224,135.057,LEU-21
-89.188,130.215,HIS-22
-136.08,-2.76509,SER-23
107.889,-133.351,GLY-24
-129.278,4.90587,THR-25
-60.5758,155.716,ALA-26
-51.7676,-14.1679,LYS-27
-97.7642,-6.50953,SER-28
-58.3575,117.274,VAL-29
-58.3914,-55.314,THR-30
-160.082,156.955,CYS-31
-155.157,150.976,THR-32
-132.163,124.425,TYR-33
-103.817,99.4512,SER-34
-72.4675,-22.8415,PRO-35
-59.0905,-43.5071,ALA-36
-84.0152,-25.7894,LEU-37
57.1119,34.4584,ASN-38
-108.215,134.708,LYS-39
-105.793,112.609,MET-40
-94.9145,111.578,PHE-41
-121.154,160.362,CYS-42
-92.3225,142.923,GLN-43
-70.6602,139.769,LEU-44
67.8399,-17.9681,ALA-45
-62.9594,155.446,LYS-46
-89.6859,118.583,THR-47
-98.7413,107.063,CYS-48
-64.7574,91.2159,PRO-49
-104.967,135.226,VAL-50
-111.003,152.617,GLN-51
-140.339,131.745,LEU-52
-122.972,142.786,TRP-53
-137.532,145.52,VAL-54
-77.8311,-22.7376,ASP-55
-133.43,155.451,SER-56
-64.1853,135.91,THR-57
-76.0004,171.065,PRO-58
-56.5934,156.203,PRO-59
-40.2625,142.747,PRO-60
64.5461,26.236,GLY-61
-83.0989,145.937,THR-62
-132.111,142.962,ARG-63
-94.156,133.435,VAL-64
-104.929,160.314,ARG-65
-136.375,145.215,ALA-66
-147.971,147.53,MET-67
-150.614,114.643,ALA-68
-108.155,151.411,ILE-69
-126.99,145.916,TYR-70
-130.543,156.763,LYS-71
-149.941,179.54,GLN-72
-59.6578,-21.356,SER-73
-103.374,-6.03219,GLN-74
-147.406,151.616,HIS-75
-110.409,-23.0598,MET-76
-105.75,123.525,THR-77
172.486,159.48,GLU-78
-103.071,163.634,VAL-79
-75.1663,121.209,VAL-80
-133.954,156.81,ARG-81
-68.5577,159.053,ARG-82
-37.7923,135.323,CYS-83
-59.7196,-10.8431,PRO-84
-78.621,-4.22346,HIS-85
-136.16,-0.264486,HIS-86
-88.2461,7.02503,GLU-87
-142.966,-22.3759,ARG-88
-64.7729,148.687,CYS-89
-39.8543,-37.5185,SER-90
-64.4806,-9.11052,ASP-91
-122.664,-39.3975,SER-92
-76.4536,139.609,ASP-93
161.999,-136.698,GLY-94
-61.2324,-52.1421,LEU-95
-71.7703,124.37,ALA-96
-44.6003,155.461,PRO-97
-73.017,-16.6918,PRO-98
-78.7589,-34.2603,GLN-99
-70.1714,121.986,HIS-100
-81.5486,-39.0702,LEU-101
-84.8356,114.184,ILE-102
-128.143,161.892,ARG-103
-162.697,142.731,VAL-104
-141.27,-161.152,GLU-105
100.242,-13.9741,GLY-106
-128.424,178.412,ASN-107
-83.5085,-43.4286,LEU-108
-79.5297,144.945,ARG-109
-176.254,141.608,VAL-110
-177.784,161.062,GLU-111
-119.089,134.239,TYR-112
-138.998,150.917,LEU-113
-79.4213,107.272,ASP-114
-45.6348,137.73,ASP-115
-78.3786,0.0439011,ARG-116
-93.7036,-62.1545,ASN-117
-80.4641,-32.6146,THR-118
72.8807,11.992,PHE-119
-68.542,122.946,ARG-120
-74.9213,108.08,HIS-121
-154.338,148.497,SER-122
-64.0027,125.828,VAL-123
-112.108,148.967,VAL-124
-133.09,148.855,VAL-125
-70.4475,146.979,PRO-126
-68.5814,121.443,TYR-127
-113.777,113.683,GLU-128
-48.4061,150.383,PRO-129
-43.7501,132.399,PRO-130
-83.678,168.075,GLU-131
-60.1405,142.989,VAL-132
74.8513,-12.4141,GLY-133
-89.2451,142.159,SER-134
-102.972,-4.88977,ASP-135
-146.886,169.82,CYS-136
-93.8297,133.882,THR-137
-114.935,142.729,THR-138
-121.03,130.707,ILE-139
-106.333,72.9455,HIS-140
-69.9474,156.578,TYR-141
-152.667,146.92,ASN-142
-140.865,154.183,TYR-143
-155.658,111.104,MET-144
-120.082,141.171,CYS-145
-54.1499,139.431,ASN-146
-84.986,2.3952,SER-147
-98.8594,-18.8173,SER-148
-57.3004,147.945,CYS-149
-74.8018,-26.9119,MET-150
68.8021,-138.635,GLY-151
-81.8897,148.396,GLY-152
-67.3766,-27.872,ILE-153
-131.855,103.347,ASN-154
-72.7763,122.367,ARG-155
-145.687,144.706,ARG-156
-69.7932,163.12,PRO-157
-140.866,156.941,ILE-158
-121.308,136.377,LEU-159
-106.301,139.747,THR-160
-121.654,116.98,ILE-161
-103.137,133.682,ILE-162
-143.291,146.368,THR-163
-100.503,131.128,LEU-164
-148.545,160.294,GLU-165
-62.4585,163.041,ASP-166
-57.1672,-16.8566,SER-167
-94.4063,-9.12639,SER-168
91.8995,6.89093,GLY-169
-73.8574,111.126,ASN-170
-71.4024,121.143,LEU-171
-95.51,-50.1476,LEU-172
-154.516,168.023,GLY-173
-148.508,145.871,ARG-174
-151.484,140.197,ASN-175
-120.874,163.164,SER-176
-155.566,158.556,PHE-177
-93.4452,139.407,GLU-178
-115.963,137.799,VAL-179
-122.41,121.095,ARG-180
-95.5127,140.338,VAL-181
-162.306,174.759,CYS-182
-68.787,-51.4456,ALA-183
-131.708,90.3914,CYS-184
-61.0343,-34.6724,PRO-185
-60.5894,-42.3583,GLY-186
-72.0671,-41.6425,ARG-187
-75.0515,-34.4444,ASP-188
-55.5976,-57.3978,ARG-189
-56.5868,-40.8185,ARG-190
-67.202,-43.7896,THR-191
-92.2706,-12.8898,GLU-192
-82.7365,-23.5671,GLU-193
-50.8816,-27.2594,GLU-194
-65.9356,-15.5666,ASN-195
-67.9063,133.264,LEU-196
-83.1353,-24.5878,ARG-197
-68.3124,157.8,LYS-198
-57.6277,163.159,LYS-199
-117.842,-174.673,GLY-200
-62.5505,139.571,GLU-201
-67.8411,175.102,PRO-202
-162.314,158.107,HIS-203
-63.3287,137.226,HIS-204
-71.8726,-41.6372,GLU-205
-61.4146,-50.0969,LEU-206
-80.4059,138.166,PRO-207
-78.4031,-178.452,PRO-208
-73.5223,149.024,GLY-209
-75.3925,-162.526,SER-210
-93.1468,170.052,THR-211
-89.5977,162.759,LYS-212
67.7234,159.675,ARG-213
-80.9018,159.649,ALA-214
-68.7724,-34.9125,LEU-215
-80.8088,163.51,PRO-216
-82.0427,27.3528,ASN-217
-47.3625,110.68,ASN-218
-106.515,157.187,SER-2
-153.176,165.785,SER-3
-89.6743,136.324,VAL-4
-69.888,134.128,PRO-5
-54.2955,134.666,SER-6
-93.4803,-18.3827,GLN-7
-58.4079,116.182,LYS-8
-62.9747,132.458,THR-9
-158.482,147.74,TYR-10
-107.701,-26.2085,GLN-11
63.9449,-160.069,GLY-12
-66.8495,-10.9164,SER-13
-105.593,-12.5348,TYR-14
69.1409,30.8794,GLY-15
-61.0726,118.659,PHE-16
-140.375,147.055,ARG-17
-111.82,177.656,LEU-18
172.64,-155.36,GLY-19
-158.597,155.185,PHE-20
-61.501,117.643,LEU-21
-83.5206,125.861,HIS-22
-140.877,9.00595,SER-23
111.418,-147.885,GLY-24
-149.035,15.1337,THR-25
-59.2667,167.468,ALA-26
-61.4544,-26.7263,LYS-27
-79.8953,-10.9833,SER-28
-68.6677,114.509,VAL-29
-61.7864,-43.1145,THR-30
-160.895,174.986,CYS-31
-166.696,145.612,THR-32
-120.404,126.533,TYR-33
-98.2698,96.7367,SER-34
-64.3342,-34.3577,PRO-35
-69.2749,-15.6333,ALA-36
-104.327,-20.0553,LEU-37
60.0266,37.6121,ASN-38
-128.098,123.93,LYS-39
-106.181,130.78,MET-40
-102.215,116.369,PHE-41
-118.698,130.765,CYS-42
-61.3932,150.797,GLN-43
-64.4477,126.663,LEU-44
69.9978,-12.2947,ALA-45
-74.6614,155.095,LYS-46
-90.3384,78.2869,THR-47
-53.8871,112.575,CYS-48
-74.3255,132.108,PRO-49
-109.311,141.777,VAL-50
-121.482,126.499,GLN-51
-117.68,123.722,LEU-52
-108.806,141.142,TRP-53
-114.502,143.584,VAL-54
-73.8839,-28.3767,ASP-55
-142.374,140.933,SER-56
-64.735,132.627,THR-57
-55.3048,172.341,PRO-58
-72.2209,156.297,PRO-59
-70.4512,153.205,PRO-60
81.2152,-3.26045,GLY-61
-51.3585,147.72,THR-62
-134.227,137.216,ARG-63
-88.5155,136.687,VAL-64
-115.076,145.502,ARG-65
-121.541,138.184,ALA-66
-151.157,168.663,MET-67
-165.57,127.324,ALA-68
-113.469,167.499,ILE-69
-154.299,135.274,TYR-70
-130.263,152.674,LYS-71
-128.557,-154.924,GLN-72
-80.4104,-48.8901,SER-73
-71.147,-11.5884,GLN-74
-157.8,152.705,HIS-75
-129.719,-14.7805,MET-76
-80.7497,58.922,THR-77
-130.669,159.886,GLU-78
-107.642,163.669,VAL-79
-65.3765,126.734,VAL-80
-140.469,152.234,ARG-81
-69.3347,159.175,ARG-82
-50.9733,153.04,CYS-83
-53.228,-34.6907,PRO-84
-78.855,-7.67137,HIS-85
-129.877,-12.0536,HIS-86
-83.2043,16.6928,GLU-87
-156.666,-28.7918,ARG-88
-66.482,150.218,CYS-89
-69.5668,-7.15904,SER-90
-69.1346,-28.1713,ASP-91
-83.4136,-11.3932,SER-92
-92.3414,160.474,ASP-93
169.434,-141.095,GLY-94
-69.0362,-29.0137,LEU-95
-79.7684,128.763,ALA-96
-59.2764,158.566,PRO-97
-78.1367,-12.8416,PRO-98
-69.3571,-42.7862,GLN-99
-72.7006,118.965,HIS-100
-79.9103,-29.17,LEU-101
-82.2724,120.186,ILE-102
-145.035,167.131,ARG-103
-155.074,158.032,VAL-104
-154.342,-172.093,GLU-105
127.398,-32.5421,GLY-106
-129.727,161.494,ASN-107
-64.8739,-28.2477,LEU-108
-90.8419,168.576,ARG-109
164.991,127.7,VAL-110
-163.206,150.342,GLU-111
-84.2669,132.839,TYR-112
-126.634,148.32,LEU-113
-67.7005,130.612,ASP-114
-53.2386,139.695,ASP-115
-87.4343,12.0238,ARG-116
-140.348,-30.9987,ASN-117
-103.371,-26.923,THR-118
69.6544,14.1502,PHE-119
-71.7165,115.773,ARG-120
-61.6151,104.528,HIS-121
-148.234,133.857,SER-122
-62.5059,138.082,VAL-123
-121.646,152.087,VAL-124
-141.329,141.047,VAL-125
-60.0706,154.172,PRO-126
-77.6701,127.857,TYR-127
-130.691,120.139,GLU-128
-69.1527,157.311,PRO-129
-64.0111,155.633,PRO-130
-91.148,173.202,GLU-131
-53.7345,119.757,VAL-132
104.07,-26.1773,GLY-133
-70.2295,160.448,SER-134
-100.243,-40.7072,ASP-135
-154.243,178.313,CYS-136
-81.7579,121.856,THR-137
-92.5121,123.629,THR-138
-128.775,129.162,ILE-139
-95.7041,132.51,HIS-140
-128.226,167.464,TYR-141
-149.547,156.327,ASN-142
-155.571,130.479,TYR-143
-153.104,125.111,MET-144
-152.549,145.505,CYS-145
-72.9004,119.324,ASN-146
-53.382,-17.8124,SER-147
-110.422,-2.67554,SER-148
-55.4366,159.128,CYS-149
-72.5586,-29.9315,MET-150
79.7543,-146.746,GLY-151
-80.9155,153.79,GLY-152
-53.4846,-12.6044,ILE-153
-166.143,117.293,ASN-154
-81.4033,122.796,ARG-155
-137.784,147.23,ARG-156
-73.6449,156.046,PRO-157
-123.063,156.453,ILE-158
-131.193,143.044,LEU-159
-106.228,146.997,THR-160
-121.26,128.676,ILE-161
-115.658,133.833,ILE-162
-145.099,116.469,THR-163
-77.4723,124.719,LEU-164
-139.877,166.794,GLU-165
-72.8506,169.729,ASP-166
-81.0629,-15.8468,SER-167
-79.5322,-12.5775,SER-168
97.4286,20.1333,GLY-169
-87.7069,131.633,ASN-170
-79.4979,121.034,LEU-171
-102.016,-36.0458,LEU-172
-168.871,148.88,GLY-173
-136.996,151.476,ARG-174
-160.707,135.078,ASN-175
-136.178,139.354,SER-176
-145.025,155.765,PHE-177
-74.8876,151.587,GLU-178
-118.445,129.055,VAL-179
-124.021,99.6692,ARG-180
-76.617,133.92,VAL-181
-150.934,169.435,CYS-182
-81.7962,-46.6756,ALA-183
-134.517,83.1813,CYS-184
-46.6537,-25.1969,PRO-185
-68.1984,-36.3262,GLY-186
-78.7851,-44.3445,ARG-187
-65.3987,-38.1027,ASP-188
-63.1209,-59.8478,ARG-189
-44.7027,-43.844,ARG-190
-66.6164,-44.036,THR-191
-100.234,-3.38627,GLU-192
-99.0513,-14.6091,GLU-193
-59.505,-21.858,GLU-194
-84.3177,31.0606,ASN-195
-114.485,-168.039,LEU-196
-114.351,-30.7503,ARG-197
-58.9707,155.957,LYS-198
-79.2723,127.095,LYS-199
-74.3805,155.14,GLY-200
-60.2944,150.338,GLU-201
-83.6251,166.912,PRO-202
-151.796,-166.593,HIS-203
-74.0468,138.354,HIS-204
-80.4935,-42.4411,GLU-205
-69.5851,-45.9256,LEU-206
-75.754,170.208,PRO-207
-89.4848,165.465,PRO-208
-72.0272,163.736,GLY-209
-79.9275,-168.18,SER-210
-82.5142,156.607,THR-211
-93.7595,162.963,LYS-212
67.8309,161.312,ARG-213
-86.0694,153.168,ALA-214
-46.7101,-48.8072,LEU-215
-82.8898,175.769,PRO-216
-86.6117,0.695454,ASN-217
-48.2299,127.777,ASN-218
-79.7949,148.379,SER-2
-168.553,155.533,SER-3
-74.8786,130.457,VAL-4
-61.3324,157.588,PRO-5
-94.7125,149.481,SER-6
-94.9662,-4.43514,GLN-7
-59.5913,116.823,LYS-8
-66.4418,129.552,THR-9
-159.511,139.979,TYR-10
-82.6019,-38.3418,GLN-11
80.4133,-152.426,GLY-12
-70.8377,-9.23298,SER-13
-113.32,-25.45,TYR-14
78.9176,33.787,GLY-15
-62.4869,91.5959,PHE-16
-105.241,160.074,ARG-17
-133.798,168.892,LEU-18
-173.493,-157.222,GLY-19
-136.353,157.187,PHE-20
-67.6112,131.178,LEU-21
-99.5757,152.578,HIS-22
-165.291,16.827,SER-23
100.728,-156.597,GLY-24
-132.285,19.21,THR-25
-62.8993,168.975,ALA-26
-40.291,-38.9216,LYS-27
-70.61,-19.4507,SER-28
-67.2035,124.328,VAL-29
-80.2976,-40.523,THR-30
-145.628,132.977,CYS-31
-137.265,141.768,THR-32
-134.549,136.412,TYR-33
-97.2768,123.488,SER-34
-81.7478,-23.8267,PRO-35
-72.8334,-46.3949,ALA-36
-62.1545,-25.8013,LEU-37
48.8783,52.4666,ASN-38
-143.008,147.451,LYS-39
-132.609,115.251,MET-40
-89.1683,87.8071,PHE-41
-84.9261,155.267,CYS-42
-100.27,132.78,GLN-43
-55.5479,114.896,LEU-44
69.4896,2.75595,ALA-45
-78.7526,132.784,LYS-46
-76.4487,122.483,THR-47
-91.4482,110.433,CYS-48
-58.194,98.3599,PRO-49
-85.3758,152.129,VAL-50
-125.207,147.59,GLN-51
-146.626,129.084,LEU-52
-135.788,151.62,TRP-53
-134.805,160.69,VAL-54
-120.168,-37.1534,ASP-55
-126.504,127.116,SER-56
-59.336,142.715,THR-57
-75.1944,167.272,PRO-58
-67.132,164.722,PRO-59
-59.2956,134.099,PRO-60
103.193,-2.30909,GLY-61
-71.3613,154.844,THR-62
-151.41,143.995,ARG-63
-104.877,127.115,VAL-64
-104.141,161.451,ARG-65
-151.31,150.831,ALA-66
-169.142,-177.52,MET-67
-167.405,124.867,ALA-68
-100.576,145.776,ILE-69
-103.514,103.021,TYR-70
-75.6467,149.128,LYS-71
-133.689,166.232,GLN-72
-54.4815,-31.2233,SER-73
-104.469,-6.18135,GLN-74
-164.317,164.013,HIS-75
-122.831,-19.004,MET-76
-75.8947,86.894,THR-77
-170.339,162.242,GLU-78
-111.894,152.579,VAL-79
-73.194,113.696,VAL-80
-122.717,157.275,ARG-81
-64.0919,142.056,ARG-82
-44.2382,148.089,CYS-83
-63.1786,-27.6707,PRO-84
-76.4094,-8.79375,HIS-85
-118.006,-14.9632,HIS-86
-79.0663,19.3072,GLU-87
-142.366,-31.0412,ARG-88
-63.1652,162.174,CYS-89
-45.3884,-40.9652,SER-90
-45.0629,-28.1768,ASP-91
-120.325,-39.6905,SER-92
-84.3383,124.793,ASP-93
178.535,-150.612,GLY-94
-46.049,-47.1827,LEU-95
-88.5423,127.308,ALA-96
-54.8788,143.879,PRO-97
-66.7267,-25.5578,PRO-98
-68.9431,-32.4537,GLN-99
-73.2453,116.623,HIS-100
-72.455,-43.7002,LEU-101
-68.012,112.384,ILE-102
-141.612,152.772,ARG-103
-155.408,156.338,VAL-104
-158.607,-173.917,GLU-105
138.847,-92.6123,GLY-106
-57.0462,159.671,ASN-107
-64.8676,-38.3146,LEU-108
-85.6289,129.007,ARG-109
-163.171,144.266,VAL-110
-165.852,155.824,GLU-111
-99.7103,122.181,TYR-112
-122.338,157.571,LEU-113
-89.4342,125.415,ASP-114
-52.2787,138.036,ASP-115
-73.1027,-13.131,ARG-116
-111.009,-30.7378,ASN-117
-130.473,-16.6185,THR-118
73.8595,23.4488,PHE-119
-82.7271,109.166,ARG-120
-64.8166,115.57,HIS-121
-155.241,149.715,SER-122
-70.3709,137.689,VAL-123
-122.307,123.875,VAL-124
-108.049,149.879,VAL-125
-75.5443,158.446,PRO-126
-94.0005,103.399,TYR-127
-100.581,110.693,GLU-128
-62.1943,152.826,PRO-129
-72.0158,129.049,PRO-130
-70.629,159.885,GLU-131
-53.0807,130.621,VAL-132
79.4933,5.05784,GLY-133
-96.4012,159.887,SER-134
-101.151,-20.8669,ASP-135
-171.451,166.828,CYS-136
-95.1081,128.427,THR-137
-105.52,136.568,THR-138
-139.965,114.859,ILE-139
-92.2238,78.9782,HIS-140
-75.1588,155.868,TYR-141
-163.308,142.87,ASN-142
-151.044,149.414,TYR-143
-162.565,114.944,MET-144
-154.924,124.799,CYS-145
-73.5104,130.473,ASN-146
-64.7642,-27.9128,SER-147
-78.25,-2.41157,SER-148
-63.5187,133.835,CYS-149
-64.7413,-27.7741,MET-150
77.1321,-146.041,GLY-151
-105.747,179.294,GLY-152
-63.0168,-27.0843,ILE-153
-135.639,107.849,ASN-154
-63.5447,135.497,ARG-155
-147.448,161.815,ARG-156
-72.4511,161.325,PRO-157
-137.556,143.586,ILE-158
-116.062,145.145,LEU-159
-112.347,140.268,THR-160
-114.38,116.078,ILE-161
-111.951,140.925,ILE-162
-137.055,157.124,THR-163
-108.067,141.982,LEU-164
-148.609,164.332,GLU-165
-84.5419,172.968,ASP-166
-67.2317,-14.9163,SER-167
-101.888,3.96428,SER-168
78.2393,19.0017,GLY-169
-73.3388,132.77,ASN-170
-63.9525,105.512,LEU-171
-85.0072,-25.5349,LEU-172
179.328,160.013,GLY-173
-144.586,151.973,ARG-174
-147.898,145.476,ASN-175
-153.101,142.357,SER-176
-140.092,156.299,PHE-177
-81.9672,132.721,GLU-178
-98.4477,146.2,VAL-179
-138.585,113.024,ARG-180
-76.0518,129.824,VAL-181
-156.604,163.042,CYS-182
-74.0536,-51.287,ALA-183
-125.495,103.822,CYS-184
-71.2354,-20.1326,PRO-185
-68.1355,-31.1898,GLY-186
-64.974,-53.5256,ARG-187
-61.4285,-31.9194,ASP-188
-66.1282,-53.2451,ARG-189
-57.7211,-32.0293,ARG-190
-74.1627,-54.564,THR-191
-74.2862,-20.3847,GLU-192
-94.9441,10.8877,GLU-193
-76.3408,-9.06047,GLU-194
-88.0392,46.2589,ASN-195
-143.996,151.411,LEU-196
-83.2856,-48.8198,ARG-197
-46.4287,156.302,LYS-198
-97.3066,154.084,LYS-199
-102.478,-158.661,GLY-200
-81.3268,152.317,GLU-201
-69.5505,175.92,PRO-202
-157.115,171.182,HIS-203
-56.8753,136.324,HIS-204
-78.1517,-24.2096,GLU-205
-94.5747,-24.6482,LEU-206
-89.8852,160.722,PRO-207
-61.4015,176.993,PRO-208
-71.2088,163.531,GLY-209
-68.7559,-170.258,SER-210
-97.3846,157.617,THR-211
-95.2412,149.547,LYS-212
83.2057,139.721,ARG-213
-86.5301,-173.618,ALA-214
-65.5827,-42.4879,LEU-215
-92.7336,155.044,PRO-216
-73.0022,17.5813,ASN-217
-60.0792,97.3251,ASN-218
-106.546,147.472,SER-2
-141.922,169.797,SER-3
-94.236,141.108,VAL-4
-58.6941,161.886,PRO-5
-76.9337,156.263,SER-6
-100.179,-12.8703,GLN-7
-65.5406,119.014,LYS-8
-53.2927,142.261,THR-9
-161.09,145.25,TYR-10
-85.5598,-30.7627,GLN-11
68.9052,-168.584,GLY-12
-70.5454,-2.68862,SER-13
-105.708,-17.5419,TYR-14
61.0286,38.0631,GLY-15
-73.9604,106.12,PHE-16
-133.144,139.342,ARG-17
-94.7507,149.665,LEU-18
-137.581,179.902,GLY-19
-143.255,141.745,PHE-20
-78.9395,120.735,LEU-21
-81.5181,112.553,HIS-22
-119.785,-4.30057,SER-23
106.132,-139.516,GLY-24
-145.341,19.6356,THR-25
-61.5421,154.991,ALA-26
-57.7697,-27.7787,LYS-27
-75.9884,-14.1532,SER-28
-57.5117,132.59,VAL-29
-88.7974,-36.2382,THR-30
-157.089,144.636,CYS-31
-131.8,142.527,THR-32
-119.048,119.783,TYR-33
-91.8763,99.19,SER-34
-53.33,-41.1088,PRO-35
-82.7525,-26.4698,ALA-36
-80.8153,-3.52222,LEU-37
48.1907,47.6839,ASN-38
-139.734,131.215,LYS-39
-101.263,126.835,MET-40
-97.1967,132.545,PHE-41
-142.03,132.907,CYS-42
-83.8326,136.2,GLN-43
-55.0302,121.373,LEU-44
73.1393,-14.0788,ALA-45
-60.1442,134.317,LYS-46
-67.8666,90.3806,THR-47
-80.9544,115.097,CYS-48
-75.1436,99.1817,PRO-49
-75.8663,128.9,VAL-50
-98.1663,158.929,GLN-51
-150.816,124.443,LEU-52
-109.225,148.298,TRP-53
-122.994,139.099,VAL-54
-83.5704,-36.0434,ASP-55
-130.353,143.074,SER-56
-70.302,137.022,THR-57
-71.0511,164.68,PRO-58
-74.9865,163.089,PRO-59
-57.0891,156.255,PRO-60
75.32,15.2881,GLY-61
-99.1171,161.066,THR-62
-164.28,144.593,ARG-63
-102.688,134.73,VAL-64
-116.373,153.404,ARG-65
-143.442,153.447,ALA-66
-166.229,178.721,MET-67
-159.165,110.252,ALA-68
-91.5087,147.01,ILE-69
-109.046,131.926,TYR-70
-116.421,148.129,LYS-71
-141.489,173.534,GLN-72
-54.3612,-21.8876,SER-73
-126.436,10.0523,GLN-74
-174.116,168.717,HIS-75
-140.874,10.9771,MET-76
-92.241,74.5334,THR-77
-165.988,148.361,GLU-78
-95.0496,151.238,VAL-79
-66.7125,128.01,VAL-80
-136.667,170.453,ARG-81
-71.3667,166.651,ARG-82
-61.0265,147.925,CYS-83
-53.3171,-49.2736,PRO-84
-60.9004,-25.1886,HIS-85
-104.215,23.4669,HIS-86
-96.6179,0.687217,GLU-87
-159.494,-17.4071,ARG-88
-61.8573,164.693,CYS-89
-71.5033,-19.3193,SER-90
-70.1028,-24.5168,ASP-91
-92.6466,-39.8198,SER-92
-77.7896,154.931,ASP-93
151.555,-137.453,GLY-94
-50.2148,-57.1136,LEU-95
-72.4748,131.727,ALA-96
-45.9952,144.094,PRO-97
-61.3161,-29.2036,PRO-98
-76.5463,-28.5729,GLN-99
-78.59,118.138,HIS-100
-79.8129,-31.5432,LEU-101
-86.514,109.557,ILE-102
-138.06,160.37,ARG-103
-150.586,158.054,VAL-104
-156.582,-175.18,GLU-105
119.522,-93.7348,GLY-106
-52.2228,146.007,ASN-107
-63.3031,-46.2839,LEU-108
-72.5057,150.76,ARG-109
-178.396,128.564,VAL-110
-145.204,143.898,GLU-111
-96.5467,93.3402,TYR-112
-121.877,156.265,LEU-113
-78.9661,112.537,ASP-114
-61.1228,147.161,ASP-115
-75.4264,-34.5175,ARG-116
-66.3159,-51.5063,ASN-117
-105.267,-13.8327,THR-118
61.996,5.908,PHE-119
-56.1459,122.507,ARG-120
-70.0555,125.16,HIS-121
-160.666,141.981,SER-122
-67.3973,127.951,VAL-123
-123.931,139.239,VAL-124
-139.949,132.528,VAL-125
-50.1917,143.885,PRO-126
-79.9563,110.165,TYR-127
-89.868,115.774,GLU-128
-73.69,148.465,PRO-129
-54.5956,137.716,PRO-130
-68.225,154.366,GLU-131
-43.2201,124.936,VAL-132
74.6053,0.928542,GLY-133
-81.4948,150.672,SER-134
-77.7618,-38.5568,ASP-135
-176.177,169.659,CYS-136
-90.2703,134.415,THR-137
-101.611,130.951,THR-138
-126.69,130.709,ILE-139
-100.826,67.75,HIS-140
-60.3547,150.111,TYR-141
-153.856,140.859,ASN-142
-138.881,155.467,TYR-143
-141.346,135.146,MET-144
-166.223,178.618,CYS-145
-112.331,128.86,ASN-146
-72.546,-3.15817,SER-147
-117.405,8.07256,SER-148
-52.7724,154.486,CYS-149
-70.7023,-33.7739,MET-150
58.7466,-161.414,GLY-151
-60.9416,147.559,GLY-152
-64.619,-14.8285,ILE-153
-149.453,90.888,ASN-154
-48.8095,120.476,ARG-155
-148.902,166.197,ARG-156
-82.3744,163.035,PRO-157
-151.274,126.687,ILE-158
-91.9779,151.546,LEU-159
-117.079,133.421,THR-160
-107.618,133.49,ILE-161
-127.435,136.532,ILE-162
-136.14,137.33,THR-163
-90.7489,133.311,LEU-164
-148.667,161.583,GLU-165
-82.9411,166.073,ASP-166
-65.048,-17.8823,SER-167
-77.6265,-20.6071,SER-168
105.011,9.07533,GLY-169
-70.5723,130,ASN-170
-95.0922,132.013,LEU-171
-103.146,-24.6659,LEU-172
-172.098,176.496,GLY-173
-146.54,148.179,ARG-174
-153.083,154.428,ASN-175
-151.907,160.044,SER-176
-153.804,156.303,PHE-177
-81.722,140.201,GLU-178
-121.263,141.283,VAL-179
-151.339,112.272,ARG-180
-72.5288,145.587,VAL-181
-168.104,-178.502,CYS-182
-76.3102,-27.6021,ALA-183
-147.276,76.2883,CYS-184
-56.9212,-42.4683,PRO-185
-55.1466,-39.8794,GLY-186
-64.3765,-55.3934,ARG-187
-61.7646,-35.6886,ASP-188
-64.1854,-55.3598,ARG-189
-46.9243,-40.9603,ARG-190
-68.4107,-51.773,THR-191
-79.8053,-22.774,GLU-192
-85.8892,-7.57264,GLU-193
-56.6397,-34.0025,GLU-194
-62.665,-16.3092,ASN-195
-62.7026,143.893,LEU-196
-62.6522,-39.7065,ARG-197
-86.0161,154.196,LYS-198
-60.3381,133.541,LYS-199
-88.5419,-168.516,GLY-200
-77.0302,133.065,GLU-201
-71.6537,142.345,PRO-202
-129.389,145.111,HIS-203
-50.4509,135.206,HIS-204
-79.4609,-30.6229,GLU-205
-61.7238,-43.1274,LEU-206
-75.7739,139.932,PRO-207
-93.0541,-144.668,PRO-208
-108.204,167.858,GLY-209
-94.0487,-166.361,SER-210
-65.6582,164.034,THR-211
-92.7584,147.609,LYS-212
78.8349,141.423,ARG-213
-66.7787,161.642,ALA-214
-60.8014,-51.6048,LEU-215
-88.8986,160.053,PRO-216
-69.8773,13.9466,ASN-217
-58.2279,121.98,ASN-218
-83.7051,164.176,SER-2
-163.912,152.015,SER-3
-77.0617,117.565,VAL-4
-50.7578,127.244,PRO-5
-70.9645,134.074,SER-6
-90.6208,-3.60129,GLN-7
-61.9521,138.016,LYS-8
-93.6568,145.904,THR-9
-161.77,153.754,TYR-10
-84.5972,-28.2934,GLN-11
68.1467,-150.765,GLY-12
-63.3092,-45.4753,SER-13
-87.8866,5.79935,TYR-14
78.5202,1.04332,GLY-15
-56.6046,121.005,PHE-16
-149.262,153.42,ARG-17
-118.153,169.244,LEU-18
-175.414,-158.418,GLY-19
-148.641,172.373,PHE-20
-89.8779,127.662,LEU-21
-113.882,78.2655,HIS-22
-105.693,-0.0511578,SER-23
144.952,177.557,GLY-24
-130.915,23.5443,THR-25
-90.2124,159.899,ALA-26
-62.4873,-15.0838,LYS-27
-74.4708,-21.2084,SER-28
-87.2188,135.612,VAL-29
-92.5256,-12.7491,THR-30
-163.53,155.491,CYS-31
-165.217,142.224,THR-32
-124.578,133.914,TYR-33
-97.5443,109.62,SER-34
-63.9872,-42.4061,PRO-35
-68.155,-8.56727,ALA-36
-115.815,-6.66559,LEU-37
56.0851,31.9322,ASN-38
-116.525,123.323,LYS-39
-109.245,119.467,MET-40
-94.0872,112.539,PHE-41
-117.228,150.44,CYS-42
-95.2927,120.024,GLN-43
-42.0951,128.59,LEU-44
62.8111,-25.1569,ALA-45
-73.572,160.454,LYS-46
-73.1233,117.495,THR-47
-104.24,104.896,CYS-48
-71.2518,96.6124,PRO-49
-92.7048,146.661,VAL-50
-132.442,165.601,GLN-51
-151.194,128.214,LEU-52
-120.191,145.879,TRP-53
-139.647,139.525,VAL-54
-98.8173,-4.53079,ASP-55
-146.724,147.191,SER-56
-61.8993,118.15,THR-57
-59.1256,151.933,PRO-58
-70.6936,168.496,PRO-59
-54.0773,158.586,PRO-60
65.5757,6.58289,GLY-61
-75.1278,151.958,THR-62
-150.075,144.502,ARG-63
-93.3789,107.137,VAL-64
-76.7036,141.102,ARG-65
-130.732,125.382,ALA-66
-132.334,169.69,MET-67
-166.461,128.857,ALA-68
-111.153,141.178,ILE-69
-105.648,118.997,TYR-70
-106.68,149.93,LYS-71
-150.929,169.998,GLN-72
-68.8503,-30.139,SER-73
-95.3956,-3.63206,GLN-74
-155.772,149.541,HIS-75
-111.135,-17.8562,MET-76
-114.144,94.5307,THR-77
-158.45,165.579,GLU-78
-103.807,155.084,VAL-79
-84.9236,111.833,VAL-80
-124.282,165.411,ARG-81
-63.6138,162.973,ARG-82
-58.1403,157.741,CYS-83
-68.226,-34.4773,PRO-84
-65.5723,-2.3406,HIS-85
-139.726,24.0302,HIS-86
-99.0615,-11.9816,GLU-87
-159.576,-17.5606,ARG-88
-59.5072,168.66,CYS-89
-72.8271,-23.2555,SER-90
-71.1126,-15.2517,ASP-91
-109.541,15.4983,SER-92
-80.8639,144.672,ASP-93
154.904,-149.581,GLY-94
-68.0154,-51.8992,LEU-95
-62.8834,151.634,ALA-96
-68.2047,146.5,PRO-97
-56.978,-22.5273,PRO-98
-78.2221,-37.7674,GLN-99
-72.7362,135.512,HIS-100
-85.1098,-42.4257,LEU-101
-65.4986,116.426,ILE-102
-145.69,156.561,ARG-103
-150.709,172.329,VAL-104
-161.921,171.502,GLU-105
105.334,-26.5742,GLY-106
-82.2313,144.398,ASN-107
-57.5262,-37.6589,LEU-108
-94.159,140.335,ARG-109
-161.993,145.383,VAL-110
-165.703,157.259,GLU-111
-96.6851,130.229,TYR-112
-144.663,142.75,LEU-113
-62.6567,118.18,ASP-114
-62.5846,144.332,ASP-115
-78.4134,-33.5729,ARG-116
-76.6777,-56.1448,ASN-117
-102.497,-3.83232,THR-118
73.5285,-5.67523,PHE-119
-61.2634,120.538,ARG-120
-72.8773,115.804,HIS-121
-145.046,154.413,SER-122
-56.4175,124.828,VAL-123
-119.379,128.262,VAL-124
-128.595,140.243,VAL-125
-62.8431,144.898,PRO-126
-75.8704,158.062,TYR-127
-129.944,103.596,GLU-128
-54.3947,148.155,PRO-129
-75.5836,120.692,PRO-130
-67.0505,157.908,GLU-131
-72.1387,120.621,VAL-132
108.81,-16.036,GLY-133
-71.4597,133.682,SER-134
-71.3881,-23.349,ASP-135
-174.619,179.931,CYS-136
-125.547,124.18,THR-137
-98.4346,150.306,THR-138
-140.803,125.91,ILE-139
-88.2418,76.1467,HIS-140
-67.4521,175.767,TYR-141
-167.485,156.327,ASN-142
-159.331,126.448,TYR-143
-132.833,127.902,MET-144
-177.309,153.012,CYS-145
-98.4456,127.848,ASN-146
-81.9961,-9.27723,SER-147
-86.2513,-18.4072,SER-148
-55.7825,161.565,CYS-149
-53.6489,-42.5977,MET-150
49.4738,-135.734,GLY-151
-90.2763,137.861,GLY-152
-64.2118,-18.2838,ILE-153
-121.759,104.556,ASN-154
-73.433,122.598,ARG-155
-148.006,161.518,ARG-156
-84.2964,177.355,PRO-157
-165.982,134.834,ILE-158
-87.2978,141.096,LEU-159
-95.9143,134.191,THR-160
-92.5383,119.811,ILE-161
-114.321,129.342,ILE-162
-128.561,124.617,THR-163
-82.1697,126.511,LEU-164
-142.473,160.601,GLU-165
-68.2834,174.121,ASP-166
-78.4049,-17.9431,SER-167
-76.9339,-9.85939,SER-168
95.4452,-5.76413,GLY-169
-57.4717,108.831,ASN-170
-61.5936,127.21,LEU-171
-118.92,-28.5691,LEU-172
-153.188,152.333,GLY-173
-137.728,153.28,ARG-174
-159.06,140.858,ASN-175
-137.323,126.471,SER-176
-121.086,145.618,PHE-177
-90.6909,131.576,GLU-178
-101.68,144.399,VAL-179
-149.583,125.466,ARG-180
-93.8517,130.611,VAL-181
-139.903,177.226,CYS-182
-84.9364,-41.9675,ALA-183
-130.871,93.0154,CYS-184
-53.3767,-37.304,PRO-185
-73.1436,-46.8015,GLY-186
-56.6414,-52.9618,ARG-187
-62.7793,-45.2249,ASP-188
-52.1355,-52.5016,ARG-189
-60.9201,-37.7815,ARG-190
-65.4276,-31.8803,THR-191
-99.1994,-50.2825,GLU-192
-60.8315,-20.5807,GLU-193
-62.9642,-25.2505,GLU-194
-81.5074,-21.3381,ASN-195
-48.5648,168.669,LEU-196
-102.016,-11.661,ARG-197
-101.276,163.493,LYS-198
-52.9008,136.73,LYS-199
-98.8798,-165.748,GLY-200
-102.667,153.458,GLU-201
-84.1457,163.322,PRO-202
-144.768,171.796,HIS-203
-59.3822,138.953,HIS-204
-72.8062,-48.0007,GLU-205
-54.6986,-63.7677,LEU-206
-70.0004,150.868,PRO-207
-101.022,-165.294,PRO-208
-75.6263,137.23,GLY-209
-77.8191,-103.391,SER-210
-141.536,155.638,THR-211
-82.9948,151.51,LYS-212
70.3927,163.112,ARG-213
-88.5191,162.186,ALA-214
-71.9357,-43.2499,LEU-215
-72.6822,165.491,PRO-216
-81.9107,21.3021,ASN-217
-56.8728,130.849,ASN-218
-99.412,153.358,SER-2
176.837,157.38,SER-3
-71.7122,122.363,VAL-4
-55.1538,160.99,PRO-5
-83.0631,140.991,SER-6
-100.161,11.3843,GLN-7
-67.8573,116.829,LYS-8
-59.6762,128.374,THR-9
-148.672,141.636,TYR-10
-87.6254,-35.9572,GLN-11
70.5415,-135.584,GLY-12
-93.139,-15.4973,SER-13
-94.2123,-17.377,TYR-14
78.1566,35.1711,GLY-15
-75.647,138.464,PHE-16
-163.844,171.652,ARG-17
-139.909,138.289,LEU-18
-124.749,-161.242,GLY-19
-137.071,136.087,PHE-20
-78.6343,136.433,LEU-21
-82.561,163.904,HIS-22
-156.457,-14.6765,SER-23
127.176,-148.644,GLY-24
-126.966,-17.5935,THR-25
-48.4421,164.749,ALA-26
-54.8999,-39.3921,LYS-27
-35.1602,-18.951,SER-28
-81.3604,130.869,VAL-29
-92.4624,-26.4183,THR-30
-156.794,163.617,CYS-31
-163.843,138.759,THR-32
-122.215,133.329,TYR-33
-99.5417,104.522,SER-34
-56.8607,-42.3523,PRO-35
-69.6056,-5.4659,ALA-36
-104.793,-29.9572,LEU-37
64.3918,25.0455,ASN-38
-96.6552,116.973,LYS-39
-100.176,114.963,MET-40
-98.0177,118.865,PHE-41
-124.027,159.421,CYS-42
-92.4478,133.808,GLN-43
-52.9648,116.11,LEU-44
77.5702,-10.2016,ALA-45
-74.3621,156.086,LYS-46
-77.2365,126.545,THR-47
-106.852,111.099,CYS-48
-66.6576,90.3207,PRO-49
-86.9957,140.954,VAL-50
-140.841,147.392,GLN-51
-136.259,125.326,LEU-52
-116.236,143.438,TRP-53
-147.004,166.487,VAL-54
-106.822,-32.254,ASP-55
-120.407,141.04,SER-56
-91.4869,141.984,THR-57
-88.301,174.489,PRO-58
-64.5138,167.691,PRO-59
-82.194,168.783,PRO-60
62.1164,18.5205,GLY-61
-81.3639,158.848,THR-62
-154.79,160.845,ARG-63
-114.257,132.669,VAL-64
-130.492,141.668,ARG-65
-118.437,143.921,ALA-66
-150.523,168.64,MET-67
-163.967,117.736,ALA-68
-104.031,126.656,ILE-69
-96.3267,141.974,TYR-70
-121.074,146.994,LYS-71
-130.877,171.64,GLN-72
-52.326,-28.648,SER-73
-117.69,-15.3415,GLN-74
-137.496,161.128,HIS-75
-139.814,-6.22092,MET-76
-85.598,113.696,THR-77
-176.629,170.767,GLU-78
-119.089,156.279,VAL-79
-68.2901,127.276,VAL-80
-146.223,150.74,ARG-81
-53.1047,163.881,ARG-82
-86.296,160.434,CYS-83
-61.413,-46.6162,PRO-84
-39.216,-43.1533,HIS-85
-108.21,6.84852,HIS-86
-87.2905,-6.76841,GLU-87
-140.757,-15.677,ARG-88
-77.5037,167.558,CYS-89
-63.7337,-6.64152,SER-90
-84.7297,-31.8644,ASP-91
-80.0821,-39.8917,SER-92
-60.3692,151.741,ASP-93
135.683,-140.266,GLY-94
-41.7825,-47.9672,LEU-95
-87.6932,118.449,ALA-96
-49.9243,166.215,PRO-97
-72.7452,-25.0789,PRO-98
-80.4086,-22.8866,GLN-99
-63.0414,137.927,HIS-100
-90.6108,-41.4268,LEU-101
-81.3079,107.543,ILE-102
-131.908,164.168,ARG-103
-160.355,167.247,VAL-104
-174.442,-172.082,GLU-105
104.792,1.73922,GLY-106
-128.79,165.931,ASN-107
-71.8212,-45.8574,LEU-108
-72.1169,144.229,ARG-109
-169.914,135.381,VAL-110
-149.419,166.98,GLU-111
-104.108,140.355,TYR-112
-144.357,161.188,LEU-113
-85.5669,150.739,ASP-114
-85.2657,135.945,ASP-115
-61.1047,-41.6331,ARG-116
-83.079,-23.1075,ASN-117
-133.266,-8.82855,THR-118
71.4457,11.1339,PHE-119
-73.5807,124.04,ARG-120
-82.1106,129.017,HIS-121
-165.299,147.406,SER-122
-77.1964,141.717,VAL-123
-138.035,134.909,VAL-124
-142.202,147.403,VAL-125
-52.5796,143.362,PRO-126
-75.3095,99.2528,TYR-127
-88.3287,128.596,GLU-128
-78.7263,173.759,PRO-129
-64.7955,-179.42,PRO-130
-161.262,162.187,GLU-131
-45.4915,125.055,VAL-132
89.4953,-24.8378,GLY-133
-83.2326,150.431,SER-134
-93.5083,-11.9314,ASP-135
173.992,-164.471,CYS-136
-110.337,133.767,THR-137
-106.478,127.269,THR-138
-123.679,137.727,ILE-139
-97.4297,93.6514,HIS-140
-76.6429,158.944,TYR-141
-154.49,166.193,ASN-142
-160.47,124.516,TYR-143
-134.786,117.383,MET-144
-169.105,140.265,CYS-145
-86.5108,135.534,ASN-146
-86.2249,-4.91758,SER-147
-86.2766,8.28109,SER-148
-75.0986,154.913,CYS-149
-53.3736,-42.8076,MET-150
64.2288,-155.395,GLY-151
-79.3925,146.601,GLY-152
-55.6026,-28.4609,ILE-153
-139.148,111.163,ASN-154
-68.4047,123.644,ARG-155
-146.527,154.362,ARG-156
-67.2744,151.205,PRO-157
-131.793,129.279,ILE-158
-83.2472,160.987,LEU-159
-119.963,148.276,THR-160
-131.289,125.474,ILE-161
-115.059,111.494,ILE-162
-106.971,140.62,THR-163
-106.384,125.441,LEU-164
-152.712,174.352,GLU-165
-91.3108,162.537,ASP-166
-67.6638,-19.51,SER-167
-70.4452,-22.5263,SER-168
86.753,11.1157,GLY-169
-61.3481,138.064,ASN-170
-96.7148,134.863,LEU-171
-118.876,-13.0412,LEU-172
175.481,158.569,GLY-173
-135.667,145.877,ARG-174
-138.249,138.142,ASN-175
-128.923,139.242,SER-176
-148.405,158.813,PHE-177
-98.9356,120.104,GLU-178
-83.4492,148.332,VAL-179
-138.589,144.615,ARG-180
-125.063,137.566,VAL-181
-159.157,176.28,CYS-182
-77.4079,-48.8492,ALA-183
-122.838,80.5407,CYS-184
-53.2217,-26.9493,PRO-185
-79.4737,-26.6094,GLY-186
-75.1899,-44.9181,ARG-187
-60.3073,-48.2669,ASP-188
-53.6238,-62.3724,ARG-189
-54.2729,-38.6744,ARG-190
-59.0692,-45.5603,THR-191
-79.9181,-45.4344,GLU-192
-65.0188,-20.8583,GLU-193
-60.2734,-26.9499,GLU-194
-80.0193,1.98118,ASN-195
-91.8391,175.202,LEU-196
-104.813,-2.75946,ARG-197
-111.251,154.266,LYS-198
-78.8752,155.94,LYS-199
-100.998,-159.767,GLY-200
-79.7303,160.984,GLU-201
-83.5656,158.747,PRO-202
-154.791,157.691,HIS-203
-21.4027,115.071,HIS-204
-68.8656,-24.0623,GLU-205
-92.4885,-44.4257,LEU-206
-59.058,136.169,PRO-207
-73.3311,-167.577,PRO-208
-64.5928,147.918,GLY-209
-78.5706,-112.698,SER-210
-138.179,155.241,THR-211
-76.6199,152.715,LYS-212
56.0037,149.895,ARG-213
-57.667,164.654,ALA-214
-62.1026,-46.199,LEU-215
-90.6341,162.011,PRO-216
-85.2071,20.4197,ASN-217
-58.7898,145.469,ASN-218
-147.384,141.888,SER-2
-161.607,149.273,SER-3
-64.936,121.825,VAL-4
-65.5281,131.833,PRO-5
-61.4899,149.353,SER-6
-104.481,5.91738,GLN-7
-60.3102,118.184,LYS-8
-68.591,118.238,THR-9
-158.659,140.69,TYR-10
-90.6937,-26.8823,GLN-11
63.4653,-155.621,GLY-12
-60.3804,-22.0589,SER-13
-106.93,-8.49293,TYR-14
74.8057,37.8147,GLY-15
-62.2807,141.252,PHE-16
-168.359,174.138,ARG-17
-149.242,135.807,LEU-18
-146.764,174.528,GLY-19
-118.25,138.816,PHE-20
-58.8563,108.916,LEU-21
-71.8064,139.826,HIS-22
-158.547,-13.0044,SER-23
112.479,-170.583,GLY-24
-142.601,-18.1718,THR-25
-61.9083,167.142,ALA-26
-48.1872,-33.5187,LYS-27
-72.1349,-16.5983,SER-28
-84.1512,143.638,VAL-29
-86.4259,-29.1285,THR-30
-160.982,159.762,CYS-31
-160.91,156.414,THR-32
-137.895,137.429,TYR-33
-105.165,92.0056,SER-34
-56.8936,-39.605,PRO-35
-59.759,-21.4885,ALA-36
-109.368,-12.15,LEU-37
57.8782,22.4999,ASN-38
-96.2727,141.333,LYS-39
-124.01,125.751,MET-40
-100.433,111.097,PHE-41
-115.527,144.911,CYS-42
-92.5379,143.369,GLN-43
-67.1869,142.192,LEU-44
80.775,-45.1363,ALA-45
-59.7869,149.525,LYS-46
-63.4781,142.944,THR-47
-129.285,106.145,CYS-48
-76.7376,134.533,PRO-49
-128.481,135.364,VAL-50
-123.951,136.425,GLN-51
-126.423,123.099,LEU-52
-107.649,142.305,TRP-53
-125.543,147.14,VAL-54
-80.3846,-22.064,ASP-55
-141.793,141.124,SER-56
-63.6939,125.421,THR-57
-58.7153,149.032,PRO-58
-71.9585,169.998,PRO-59
-63.4176,151.552,PRO-60
88.3797,11.0816,GLY-61
-86.1531,161.216,THR-62
-150.882,156.016,ARG-63
-113.054,126.272,VAL-64
-118.339,124.827,ARG-65
-115.685,141.999,ALA-66
-150.11,170.476,MET-67
-157.138,124.265,ALA-68
-99.6333,137.593,ILE-69
-81.1038,143.459,TYR-70
-141.322,140.739,LYS-71
-133.787,-177.688,GLN-72
-51.6365,-27.7738,SER-73
-114.683,-2.02222,GLN-74
-159.232,165.458,HIS-75
-147.888,-20.1999,MET-76
-101.173,88.6098,THR-77
-165.859,160.879,GLU-78
-109.565,146.965,VAL-79
-63.776,139.285,VAL-80
-157.253,148.649,ARG-81
-62.5302,158.491,ARG-82
-63.1113,156.581,CYS-83
-29.0657,-51.4196,PRO-84
-74.2255,-23.6666,HIS-85
-123.098,7.34518,HIS-86
-75.2694,-2.71594,GLU-87
-142.967,-49.0438,ARG-88
-48.4582,172.509,CYS-89
-68.3194,-35.2965,SER-90
-57.2592,-35.9157,ASP-91
-76.4267,-41.7772,SER-92
-71.377,149.92,ASP-93
171.46,-166.203,GLY-94
-56.428,-46.4735,LEU-95
-73.5027,127.124,ALA-96
-62.2315,155.536,PRO-97
-81.053,-20.0775,PRO-98
-76.7907,-40.4314,GLN-99
-66.7717,112.924,HIS-100
-69.0692,-40.9056,LEU-101
-66.5899,128.051,ILE-102
-140.051,161.479,ARG-103
-155.789,167.672,VAL-104
-164.035,-178.372,GLU-105
98.7472,-4.59666,GLY-106
-110.765,151.887,ASN-107
-51.1654,-47.3529,LEU-108
-93.8494,143.129,ARG-109
-156.866,144.543,VAL-110
-166.764,165.703,GLU-111
-105.558,133.678,TYR-112
-150.877,149.079,LEU-113
-63.1668,122.644,ASP-114
-51.5764,133.468,ASP-115
-82.068,4.82921,ARG-116
-111.7,-53.3644,ASN-117
-88.0899,-26.2677,THR-118
76.28,16.4759,PHE-119
-76.1153,108.869,ARG-120
-57.8098,117.124,HIS-121
-154.301,155.93,SER-122
-74.3271,143.46,VAL-123
-131.958,132.348,VAL-124
-117.16,152.947,VAL-125
-63.8308,146.068,PRO-126
-78.5696,128.175,TYR-127
-116.556,132.383,GLU-128
-64.1336,157.046,PRO-129
-49.1741,131.308,PRO-130
-71.8488,165.584,GLU-131
-64.1339,109.652,VAL-132
115.938,-12.1976,GLY-133
-108.713,161.675,SER-134
-109.449,-33.8091,ASP-135
-114.149,160.736,CYS-136
-76.7552,143.672,THR-137
-120.311,146.5,THR-138
-133.722,150.421,ILE-139
-111.482,82.5353,HIS-140
-69.1251,171.101,TYR-141
-169.234,149.329,ASN-142
-144.404,152.216,TYR-143
-144.628,98.7159,MET-144
-143.735,156.482,CYS-145
-111.383,142.346,ASN-146
-73.3436,-8.59958,SER-147
-104.422,2.84578,SER-148
-51.8311,160.808,CYS-149
-72.2397,-43.4765,MET-150
66.7479,-156.047,GLY-151
-81.309,148.659,GLY-152
-61.925,-7.78172,ILE-153
-153.583,135.545,ASN-154
-86.1224,118.389,ARG-155
-139.017,151.85,ARG-156
-63.5327,159.304,PRO-157
-128.315,132.037,ILE-158
-85.7583,148.072,LEU-159
-100.495,148.863,THR-160
-121.977,113.754,ILE-161
-101.43,137.705,ILE-162
-119.62,143.982,THR-163
-99.1512,130.773,LEU-164
-159.876,165.473,GLU-165
-79.7059,160.717,ASP-166
-39.6588,-45.6139,SER-167
-75.1827,-12.7961,SER-168
97.8328,2.31687,GLY-169
-57.9135,117.218,ASN-170
-66.1959,129.766,LEU-171
-114.244,-40.9108,LEU-172
-155.735,173.931,GLY-173
-139.706,150.485,ARG-174
-154.219,141.259,ASN-175
-132.983,154.923,SER-176
-146.348,153.758,PHE-177
-81.8876,111.668,GLU-178
-86.9596,137.732,VAL-179
-139.243,113.379,ARG-180
-93.4412,106.596,VAL-181
-130.724,-179.201,CYS-182
-110.934,-21.9016,ALA-183
-134.488,79.4544,CYS-184
-51.9001,-30.5844,PRO-185
-89.0373,-21.4637,GLY-186
-84.4025,-41.9697,ARG-187
-63.2572,-48.1259,ASP-188
-59.8031,-48.5455,ARG-189
-62.3709,-34.0089,ARG-190
-64.5177,-39.3111,THR-191
-86.2227,-26.2244,GLU-192
-99.5145,-23.4711,GLU-193
-64.5096,-17.059,GLU-194
-63.4611,-17.2072,ASN-195
-95.6669,139.041,LEU-196
-62.073,-43.7803,ARG-197
-61.1347,137.4,LYS-198
-76.7194,145.987,LYS-199
-96.8477,-164.724,GLY-200
-80.7287,146.321,GLU-201
-78.6131,177.041,PRO-202
-158.131,178.272,HIS-203
-57.5112,116.778,HIS-204
-86.3797,-15.3127,GLU-205
-69.8097,-42.6198,LEU-206
-52.0494,144.823,PRO-207
-73.6102,178.576,PRO-208
-63.6389,145.511,GLY-209
-104.447,-90.7183,SER-210
-145.106,157.392,THR-211
-82.0417,124.34,LYS-212
81.7786,150.297,ARG-213
-52.2013,163.424,ALA-214
-76.7071,-30.0998,LEU-215
-88.4875,154.082,PRO-216
-62.9662,12.2252,ASN-217
-63.6588,138.317,ASN-218
-151.099,106.832,SER-2
-153.088,153.402,SER-3
-71.9171,134.161,VAL-4
-78.0055,154.213,PRO-5
-89.3163,130.122,SER-6
-84.4304,11.5824,GLN-7
-58.6194,128.237,LYS-8
-84.5041,123.207,THR-9
-149.62,159.285,TYR-10
-97.8892,-37.4819,GLN-11
74.6872,-158.905,GLY-12
-62.5719,-11.26,SER-13
-115.644,-18.9037,TYR-14
74.6582,38.9709,GLY-15
-74.7625,135.218,PHE-16
-159.883,165.497,ARG-17
-124.64,145.212,LEU-18
-153.056,-169.708,GLY-19
-141.657,127.837,PHE-20
-63.9679,127.498,LEU-21
-75.6195,138.754,HIS-22
-149.537,-20.4315,SER-23
117.614,-140.824,GLY-24
-142.849,-23.3018,THR-25
-47.2395,146.638,ALA-26
-51.2074,-35.0284,LYS-27
-55.9685,-22.6461,SER-28
-81.51,144.694,VAL-29
-89.9709,-32.8924,THR-30
-140.313,162.197,CYS-31
-174.836,145.452,THR-32
-121.69,144.185,TYR-33
-128.905,99.5736,SER-34
-69.9231,-36.3599,PRO-35
-66.5025,-6.63344,ALA-36
-117.48,3.86677,LEU-37
49.3495,0.816709,ASN-38
-94.4326,144.131,LYS-39
-114.65,147.93,MET-40
-123.625,98.8851,PHE-41
-94.6408,117.269,CYS-42
-76.2699,120.906,GLN-43
-62.1114,140.415,LEU-44
87.3355,-53.1014,ALA-45
-61.5522,162.056,LYS-46
-76.7919,133.101,THR-47
-101.444,104.909,CYS-48
-76.8886,104.597,PRO-49
-104.496,141.139,VAL-50
-118.15,136.789,GLN-51
-129.564,120.9,LEU-52
-104.769,148.087,TRP-53
-133.191,144.392,VAL-54
-65.5958,-42.1415,ASP-55
-128.07,129.022,SER-56
-54.0024,129.798,THR-57
-76.945,165.936,PRO-58
-63.8968,166.723,PRO-59
-92.7818,166.409,PRO-60
77.2648,-2.05807,GLY-61
-52.9688,154.661,THR-62
-144.276,142.121,ARG-63
-84.0938,110.782,VAL-64
-93.4355,153.827,ARG-65
-139.924,135.427,ALA-66
-145.824,150.446,MET-67
-132.786,125.98,ALA-68
-121.371,138.931,ILE-69
-121.363,151.755,TYR-70
-138.13,144.121,LYS-71
-130.255,-169.819,GLN-72
-75.09,-11.324,SER-73
-116.327,-6.03511,GLN-74
-159.231,161.647,HIS-75
-146.168,-22.6127,MET-76
-92.2593,92.9561,THR-77
-174.113,156.386,GLU-78
-108.62,146.605,VAL-79
-50.9852,119.565,VAL-80
-139.77,148.225,ARG-81
-62.2904,178.28,ARG-82
-66.8937,150.504,CYS-83
-58.1238,-41.9221,PRO-84
-69.5836,-10.6706,HIS-85
-125.416,18.4124,HIS-86
-94.8493,-12.9944,GLU-87
-154.781,-31.8165,ARG-88
-76.9448,174.087,CYS-89
-66.367,-23.2607,SER-90
-68.8232,-2.52202,ASP-91
-128.377,-36.4822,SER-92
-72.7376,172.276,ASP-93
149.59,-152.545,GLY-94
-60.1566,-53.5457,LEU-95
-73.8931,131.966,ALA-96
-72.5753,160.853,PRO-97
-75.5125,-29.6222,PRO-98
-61.1696,-39.1743,GLN-99
-73.2647,130.894,HIS-100
-85.5705,-30.3331,LEU-101
-86.9806,118.878,ILE-102
-147.048,162.508,ARG-103
-153.636,154.995,VAL-104
-150.154,-179.363,GLU-105
79.7881,26.0725,GLY-106
-141.548,142.158,ASN-107
-64.966,-46.298,LEU-108
-94.4978,131.335,ARG-109
-170.585,133.16,VAL-110
-174.637,152.372,GLU-111
-94.2064,128.574,TYR-112
-141.148,158.381,LEU-113
-69.6438,129.88,ASP-114
-68.3626,141.135,ASP-115
-86.6731,-0.852046,ARG-116
-122.104,-41.9708,ASN-117
-95.9828,-24.4609,THR-118
70.5516,20.1019,PHE-119
-85.986,111.932,ARG-120
-71.0841,112.847,HIS-121
-154.389,153.169,SER-122
-63.5023,129.172,VAL-123
-119.108,139.754,VAL-124
-137.619,137.672,VAL-125
-66.2337,145.874,PRO-126
-80.518,117.385,TYR-127
-100.207,108.99,GLU-128
-54.7333,159.701,PRO-129
-58.1449,131.031,PRO-130
-57.1162,172.537,GLU-131
-62.0197,129.042,VAL-132
82.6346,-4.21304,GLY-133
-89.828,138.477,SER-134
-82.3266,-29.2166,ASP-135
-164.194,154.906,CYS-136
-72.6951,127.727,THR-137
-97.4292,134.319,THR-138
-129.804,123.051,ILE-139
-89.9436,88.2915,HIS-140
-71.758,172.71,TYR-141
-173.242,155.377,ASN-142
-153.194,130.554,TYR-143
-133.236,120.321,MET-144
-158.857,140.624,CYS-145
-91.874,121.606,ASN-146
-75.797,-16.0372,SER-147
-76.3978,14.2712,SER-148
-90.6552,155.467,CYS-149
-70.8372,-35.1422,MET-150
45.8742,-123.513,GLY-151
-88.1002,134.113,GLY-152
-62.8933,-20.5949,ILE-153
-122.108,127.124,ASN-154
-66.493,113.497,ARG-155
-139.722,154.712,ARG-156
-50.3308,146.143,PRO-157
-132.483,145.358,ILE-158
-96.8225,-172.593,LEU-159
-147.383,151.207,THR-160
-120.897,129.515,ILE-161
-121.576,136.159,ILE-162
-148.145,133.651,THR-163
-92.2962,126.431,LEU-164
-140.868,148.67,GLU-165
-68.0353,169.519,ASP-166
-42.2891,-47.2335,SER-167
-67.3839,-8.64993,SER-168
89.0484,15.1978,GLY-169
-96.2743,109.86,ASN-170
-64.4196,119.037,LEU-171
-92.2394,-38.5217,LEU-172
-160.631,142.269,GLY-173
-140.004,151.842,ARG-174
-152.927,149.57,ASN-175
-139.792,152.863,SER-176
-143.991,154.905,PHE-177
-78.3445,131.279,GLU-178
-94.5931,152.864,VAL-179
-156.119,120.574,ARG-180
-88.8918,135.933,VAL-181
-162.899,172.886,CYS-182
-98.3209,-18.9464,ALA-183
-130.811,96.2045,CYS-184
-69.4207,-27.7963,PRO-185
-78.8856,-37.2526,GLY-186
-65.3995,-46.8753,ARG-187
-71.8539,-35.2497,ASP-188
-61.1007,-58.4143,ARG-189
-47.9162,-45.9591,ARG-190
-66.6653,-32.8088,THR-191
-88.2481,-29.657,GLU-192
-77.0277,-18.712,GLU-193
-63.8265,-14.812,GLU-194
-73.8555,-14.4218,ASN-195
-62.7579,168.967,LEU-196
-97.7768,-35.3334,ARG-197
-70.4591,157.25,LYS-198
-82.1212,146.693,LYS-199
-95.9898,-179.446,GLY-200
-85.7787,150.967,GLU-201
-91.6058,174.553,PRO-202
-152.256,147.066,HIS-203
-42.9384,136.268,HIS-204
-90.9286,-24.8245,GLU-205
-58.7539,-28.5109,LEU-206
-85.9085,127.504,PRO-207
-59.4565,179.884,PRO-208
-67.7291,158.324,GLY-209
-121.065,-90.3369,SER-210
-145.518,153.863,THR-211
-100.046,160.249,LYS-212
73.6758,145.79,ARG-213
-83.1749,157.12,ALA-214
-53.231,-41.1936,LEU-215
-97.9908,169.46,PRO-216
-71.0336,7.9906,ASN-217
-52.198,148.057,ASN-218
-120.833,156.231,SER-2
175.144,141.855,SER-3
-47.7821,119.576,VAL-4
-70.9827,155.222,PRO-5
-90.2754,164.517,SER-6
-121.675,5.25529,GLN-7
-48.6652,133.058,LYS-8
-90.0923,107.895,THR-9
-142.896,151.153,TYR-10
-87.4868,-29.4332,GLN-11
63.565,-136.282,GLY-12
-84.256,-2.71895,SER-13
-122.967,-27.2641,TYR-14
95.8723,19.9775,GLY-15
-69.0958,121.133,PHE-16
-147.725,177.912,ARG-17
-137.044,151.793,LEU-18
-149.998,177.832,GLY-19
-132.969,149.368,PHE-20
-86.3891,115.005,LEU-21
-76.8771,139.5,HIS-22
-138.539,-7.18475,SER-23
111.555,-144.979,GLY-24
-140.921,-18.8612,THR-25
-50.3784,155.453,ALA-26
-63.8822,-23.7559,LYS-27
-66.02,-32.3737,SER-28
-57.2744,134.306,VAL-29
-83.5015,-30.1844,THR-30
-149.525,146.48,CYS-31
-141.172,139.41,THR-32
-113.761,120.065,TYR-33
-94.7297,102.967,SER-34
-62.5428,-37.6034,PRO-35
-63.3209,-27.7589,ALA-36
-96.5865,1.94019,LEU-37
47.4356,27.0616,ASN-38
-131.355,134.08,LYS-39
-115.735,116.366,MET-40
-100.122,115.259,PHE-41
-119.683,141.353,CYS-42
-84.0577,131.133,GLN-43
-60.9489,140.208,LEU-44
67.4971,8.28081,ALA-45
-88.6205,138.857,LYS-46
-68.4319,128.338,THR-47
-133.512,119.839,CYS-48
-86.4826,95.6876,PRO-49
-88.8561,126.051,VAL-50
-117.578,137.595,GLN-51
-125.37,142.608,LEU-52
-140.385,169.289,TRP-53
-163.457,164.616,VAL-54
-108.301,-15.9173,ASP-55
-138.434,152.506,SER-56
-82.4754,112.421,THR-57
-57.288,173.211,PRO-58
-69.6557,164.409,PRO-59
-71.0974,150.335,PRO-60
83.7725,-3.93454,GLY-61
-66.7445,158.672,THR-62
-154.816,155.685,ARG-63
-124.295,122.195,VAL-64
-109.875,136.21,ARG-65
-132.281,136.009,ALA-66
-152.764,-176.741,MET-67
-178.837,118.755,ALA-68
-101.712,138.704,ILE-69
-97.3916,120.896,TYR-70
-115.345,147.811,LYS-71
-137.333,164.656,GLN-72
-59.7124,-17.0821,SER-73
-123.114,1.08578,GLN-74
-157.242,165.466,HIS-75
-144.14,17.8537,MET-76
-118.193,71.9743,THR-77
-161.749,155.71,GLU-78
-104.666,150.376,VAL-79
-50.9853,124.014,VAL-80
-135.992,159.461,ARG-81
-55.0185,-176.556,ARG-82
-80.4438,149.395,CYS-83
-59.7381,-27.8916,PRO-84
-91.0024,-7.30993,HIS-85
-106.889,10.4161,HIS-86
-101.183,-8.81423,GLU-87
-151.914,14.1937,ARG-88
-117.746,161.456,CYS-89
-74.6073,-8.07687,SER-90
-77.8515,-13.565,ASP-91
-113.582,-38.4412,SER-92
-60.623,137.145,ASP-93
170.966,-136.203,GLY-94
-67.5184,-28.8417,LEU-95
-108.638,131.775,ALA-96
-69.9028,145.286,PRO-97
-70.2312,-12.3711,PRO-98
-71.8848,-33.4323,GLN-99
-74.9637,125.17,HIS-100
-93.4721,-30.9199,LEU-101
-80.3362,116.117,ILE-102
-140.307,167.636,ARG-103
-168.604,154.28,VAL-104
-176.637,-174.149,GLU-105
98.1955,19.5651,GLY-106
-140.703,162.871,ASN-107
-67.3625,-26.1714,LEU-108
-105.836,144.837,ARG-109
-179.928,136.389,VAL-110
-167.928,-177.646,GLU-111
-102.948,148.927,TYR-112
-146.536,156.285,LEU-113
-77.7146,130.103,ASP-114
-58.8989,137.867,ASP-115
-61.0395,-31.1039,ARG-116
-101.961,-24.7157,ASN-117
-127.959,-17.165,THR-118
68.3304,-10.2109,PHE-119
-70.2712,115.562,ARG-120
-57.3248,118.717,HIS-121
-150.529,152.137,SER-122
-69.9513,136.868,VAL-123
-115.132,136.155,VAL-124
-125.886,151.21,VAL-125
-70.8066,168.991,PRO-126
-106.64,85.2902,TYR-127
-73.1258,133.889,GLU-128
-65.6341,170.4,PRO-129
-52.2603,137.287,PRO-130
-77.8945,169.278,GLU-131
-57.5191,111.407,VAL-132
80.9061,-6.21624,GLY-133
-83.5021,147.806,SER-134
-96.4743,-15.0063,ASP-135
-159.999,158.305,CYS-136
-56.3765,132.161,THR-137
-134.541,144.913,THR-138
-140.887,126.519,ILE-139
-94.0827,100.356,HIS-140
-85.0292,160.727,TYR-141
-154.836,154.428,ASN-142
-147.834,159.193,TYR-143
-167.569,116.476,MET-144
-168.194,138.619,CYS-145
-85.0951,119.179,ASN-146
-68.1299,-11.1432,SER-147
-87.0335,-5.60443,SER-148
-57.7577,168.122,CYS-149
-43.4597,-49.5267,MET-150
69.7678,-178.123,GLY-151
-71.3131,143.022,GLY-152
-58.1737,-25.3355,ILE-153
-132.855,99.6668,ASN-154
-47.0462,124.379,ARG-155
-148.686,151.22,ARG-156
-66.9185,158.629,PRO-157
-129.533,146.374,ILE-158
-104.335,130.812,LEU-159
-72.8385,125.686,THR-160
-102.372,122.126,ILE-161
-121.843,132.196,ILE-162
-132.083,135.321,THR-163
-84.401,139.405,LEU-164
-151.654,164.509,GLU-165
-66.2457,163.147,ASP-166
-51.9528,-27.4388,SER-167
-74.1744,-21.0792,SER-168
97.7432,-1.03225,GLY-169
-67.3028,128.803,ASN-170
-65.4794,128.581,LEU-171
-115.333,-32.2222,LEU-172
-176.654,156.037,GLY-173
-128.802,150.394,ARG-174
-152.457,138.431,ASN-175
-142.887,137.3,SER-176
-132.954,167.278,PHE-177
-99.2172,123.237,GLU-178
-93.7022,130.604,VAL-179
-131.133,110.809,ARG-180
-82.3438,145.75,VAL-181
-160.377,-176.143,CYS-182
-100.324,-43.1861,ALA-183
-110.773,94.0406,CYS-184
-62.8432,-36.0204,PRO-185
-83.327,-29.5083,GLY-186
-77.4584,-32.6121,ARG-187
-73.5144,-40.3207,ASP-188
-58.9114,-53.2202,ARG-189
-62.8138,-40.0264,ARG-190
-52.6937,-40.0984,THR-191
-92.7932,-33.006,GLU-192
-71.9737,-33.2627,GLU-193
-61.4678,-14.6697,GLU-194
-85.2746,17.339,ASN-195
-90.9091,151.836,LEU-196
-71.5784,-44.5591,ARG-197
-78.3806,153.289,LYS-198
-75.7288,147.128,LYS-199
-89.6061,-158.68,GLY-200
-112.915,150.546,GLU-201
-67.8232,154.941,PRO-202
-159.222,172.815,HIS-203
-49.7055,132.673,HIS-204
-84.8991,-16.2305,GLU-205
-90.8311,-50.5883,LEU-206
-64.844,133.462,PRO-207
-71.2743,-152.831,PRO-208
-80.547,162.743,GLY-209
-122.244,-97.4537,SER-210
-144.869,155.492,THR-211
-100.026,141.187,LYS-212
78.6548,153.658,ARG-213
-76.2078,162.473,ALA-214
-64.3974,-46.1711,LEU-215
-74.5409,166.911,PRO-216
-78.5491,7.51213,ASN-217
-62.7959,147.775,ASN-218
-146.755,122.867,SER-2
-160.775,159.454,SER-3
-87.2534,119.132,VAL-4
-78.0893,163.385,PRO-5
-71.4513,149.104,SER-6
-126.739,4.75589,GLN-7
-67.924,107.958,LYS-8
-57.9157,140.31,THR-9
-157.892,151.322,TYR-10
-88.0718,-27.2703,GLN-11
81.683,-156.697,GLY-12
-65.8317,-12.3395,SER-13
-120.202,-17.7202,TYR-14
89.3459,29.3296,GLY-15
-72.2778,122.955,PHE-16
-145.872,151.638,ARG-17
-118.062,153.209,LEU-18
-160.938,-165.164,GLY-19
-144.345,141.182,PHE-20
-71.3631,107.892,LEU-21
-61.2463,135.639,HIS-22
-137.214,3.32883,SER-23
116.247,177.437,GLY-24
-96.2945,-5.69641,THR-25
-57.7612,159.01,ALA-26
-70.3186,-18.1059,LYS-27
-73.364,-11.7278,SER-28
-83.654,146.973,VAL-29
-92.0057,-17.32,THR-30
-173.218,158.912,CYS-31
-151.545,-175.618,THR-32
-161.869,133.707,TYR-33
-110.399,104.724,SER-34
-67.3611,-26.9207,PRO-35
-57.24,-14.6915,ALA-36
-136.682,-10.0965,LEU-37
48.5679,36.4689,ASN-38
-102.788,131.742,LYS-39
-94.5266,141.305,MET-40
-123.87,104.677,PHE-41
-121.09,151.457,CYS-42
-85.7076,139.038,GLN-43
-68.1959,136.47,LEU-44
66.8296,-8.25941,ALA-45
-82.6158,162.109,LYS-46
-65.2227,108.167,THR-47
-102.497,102.352,CYS-48
-68.3136,99.0042,PRO-49
-102.707,131.741,VAL-50
-118.63,146.66,GLN-51
-138.939,124.715,LEU-52
-110.303,140.048,TRP-53
-129.096,156.365,VAL-54
-102.4,-13.5636,ASP-55
-152.039,152.945,SER-56
-80.7379,110.645,THR-57
-59.4327,141.872,PRO-58
-64.1051,153.673,PRO-59
-59.1956,155.015,PRO-60
83.8653,-18.515,GLY-61
-70.2666,158.616,THR-62
-136.955,152.864,ARG-63
-92.1783,133.731,VAL-64
-120.856,133.073,ARG-65
-118.359,134.646,ALA-66
-147.816,-175.137,MET-67
-173.388,125.655,ALA-68
-111.902,141.357,ILE-69
-118.922,110.421,TYR-70
-104.442,151.555,LYS-71
-135.252,166.189,GLN-72
-61.985,-11.6346,SER-73
-126.082,-15.0999,GLN-74
-150.961,152.88,HIS-75
-114.236,-3.94829,MET-76
-108.491,82.5148,THR-77
-169.322,155.905,GLU-78
-103.684,157.147,VAL-79
-76.5488,123.683,VAL-80
-134.628,157.447,ARG-81
-53.0651,151.319,ARG-82
-61.586,159.852,CYS-83
-58.2242,-39.4055,PRO-84
-66.4162,-7.17355,HIS-85
-142.945,27.0048,HIS-86
-104.226,-8.32262,GLU-87
-152.397,-33.3338,ARG-88
-66.6245,165.724,CYS-89
-66.1272,-28.277,SER-90
-61.3178,-21.1397,ASP-91
-104.987,-30.6738,SER-92
-75.7881,158.722,ASP-93
161.264,-144.232,GLY-94
-55.3615,-57.665,LEU-95
-76.0484,150.433,ALA-96
-57.0843,145.7,PRO-97
-68.3674,-27.2339,PRO-98
-74.1797,-32.4327,GLN-99
-68.6119,111.22,HIS-100
-69.7327,-50.6135,LEU-101
-67.817,124.925,ILE-102
-152.723,156.095,ARG-103
-163.979,160.502,VAL-104
-168.142,-175.499,GLU-105
87.3492,-17.9423,GLY-106
-96.0362,152.466,ASN-107
-63.5955,-24.2864,LEU-108
-116.647,124.067,ARG-109
-165.933,130.374,VAL-110
-174.221,142.406,GLU-111
-94.6404,135.155,TYR-112
-134.687,164.331,LEU-113
-83.3793,109.894,ASP-114
-42.2785,121.531,ASP-115
-49.0441,-37.712,ARG-116
-100.863,-37.815,ASN-117
-93.3918,-25.149,THR-118
68.1618,6.70853,PHE-119
-57.984,94.0115,ARG-120
-60.4477,134.425,HIS-121
-177.906,156.454,SER-122
-80.7527,126.342,VAL-123
-114.582,144.255,VAL-124
-139.784,151.392,VAL-125
-59.5327,135.952,PRO-126
-77.1418,143.114,TYR-127
-134.39,119.209,GLU-128
-54.9012,148.801,PRO-129
-63.8739,144.602,PRO-130
-74.6958,149.553,GLU-131
-65.9013,134,VAL-132
99.942,-7.88122,GLY-133
-118.949,152.792,SER-134
-86.6664,-16.2265,ASP-135
-172.856,156.422,CYS-136
-78.6611,127.858,THR-137
-116.457,139.251,THR-138
-126.65,137.873,ILE-139
-91.2695,99.7852,HIS-140
-80.8745,171.952,TYR-141
-165.962,155.339,ASN-142
-151.343,131.316,TYR-143
-141.251,113.403,MET-144
-157.88,105.286,CYS-145
-55.022,124.328,ASN-146
-71.9721,-11.4951,SER-147
-80.6596,8.17876,SER-148
-96.3427,179.502,CYS-149
-61.7696,-31.141,MET-150
69.2083,-161.661,GLY-151
-66.7989,156.315,GLY-152
-65.5253,-36.8969,ILE-153
-132.326,86.6299,ASN-154
-38.7853,119.192,ARG-155
-154.156,160.778,ARG-156
-53.6137,118.361,PRO-157
-107.525,138.037,ILE-158
-125.308,126.246,LEU-159
-97.2848,157.638,THR-160
-129.79,132.718,ILE-161
-109.927,125.6,ILE-162
-112.083,150.262,THR-163
-103.892,128.524,LEU-164
-141.712,155.408,GLU-165
-74.5387,168.247,ASP-166
-50.893,-35.9504,SER-167
-85.6597,-3.22207,SER-168
93.2187,-18.852,GLY-169
-59.0132,127.098,ASN-170
-70.6224,136.78,LEU-171
-122.849,-14.9232,LEU-172
-169.431,162.775,GLY-173
-144.793,147.995,ARG-174
-134.024,153.097,ASN-175
-140.262,149.751,SER-176
-145.49,147.749,PHE-177
-77.6047,136.822,GLU-178
-99.8636,134.514,VAL-179
-131.469,137.81,ARG-180
-121.792,144.555,VAL-181
-173.368,-173.962,CYS-182
-106.337,-27.9959,ALA-183
-133.205,89.1987,CYS-184
-68.6184,-16.3686,PRO-185
-90.7961,-24.3624,GLY-186
-70.3497,-45.0322,ARG-187
-69.403,-44.8478,ASP-188
-53.4258,-49.6625,ARG-189
-54.2806,-63.7694,ARG-190
-39.7477,-50.1431,THR-191
-84.7044,-32.8742,GLU-192
-65.9873,-36.1331,GLU-193
-49.4289,-29.926,GLU-194
-75.3978,-15.5962,ASN-195
-61.5503,152.73,LEU-196
-73.5187,-37.0579,ARG-197
-81.269,155.953,LYS-198
-61.7447,149.539,LYS-199
-111.685,-161.225,GLY-200
-85.5395,158.399,GLU-201
-72.1514,143.483,PRO-202
-124.636,176.553,HIS-203
-53.0683,132.316,HIS-204
-73.8842,-31.8938,GLU-205
-62.5337,-50.1396,LEU-206
-68.3005,136.975,PRO-207
-71.7164,-176.79,PRO-208
-72.5071,152.009,GLY-209
-96.9477,-117.573,SER-210
-122.294,161.422,THR-211
-130.547,144.536,LYS-212
79.8889,145.294,ARG-213
-76.6045,163.846,ALA-214
-82.0416,-32.7567,LEU-215
-60.0683,155.337,PRO-216
-95.0681,35.6084,ASN-217
-57.0515,145.299,ASN-218
-129.18,120.711,SER-2
-174.587,159.971,SER-3
-76.9055,124.276,VAL-4
-59.7485,136.094,PRO-5
-52.4873,142.061,SER-6
-115.037,-20.1284,GLN-7
-67.3562,152.234,LYS-8
-85.5877,146.34,THR-9
-149.864,100.777,TYR-10
-59.5167,-32.6474,GLN-11
60.1067,-141.498,GLY-12
-92.9991,-35.1182,SER-13
-71.7109,-23.3727,TYR-14
91.5943,26.6985,GLY-15
-68.249,143.093,PHE-16
-157.401,166.544,ARG-17
-154.225,136.629,LEU-18
-144.503,-172.901,GLY-19
-140.808,122.652,PHE-20
-45.8375,149.729,LEU-21
-111.029,143.014,HIS-22
-145.44,-7.31972,SER-23
121.739,-167.447,GLY-24
-137.405,10.2201,THR-25
-74.9516,166.104,ALA-26
-56.7159,-30.8345,LYS-27
-60.4489,-29.279,SER-28
-65.7742,131.535,VAL-29
-78.3409,-29.6688,THR-30
-164.776,154.48,CYS-31
-159.887,151.503,THR-32
-136.925,145.11,TYR-33
-108.817,112.164,SER-34
-65.2658,-42.3128,PRO-35
-60.3504,-22.62,ALA-36
-109.501,-3.48387,LEU-37
37.1334,46.6885,ASN-38
-125.796,135.974,LYS-39
-111.263,122.726,MET-40
-102.18,130.39,PHE-41
-146.948,156.434,CYS-42
-95.4274,118.585,GLN-43
-33.1355,107.925,LEU-44
99.495,-21.073,ALA-45
-92.2128,152.023,LYS-46
-40.1867,119.777,THR-47
-119.041,92.0941,CYS-48
-66.9468,93.3452,PRO-49
-67.6357,134.506,VAL-50
-117.866,126.377,GLN-51
-112.144,139.281,LEU-52
-138.312,144.677,TRP-53
-145.144,130.894,VAL-54
-74.797,-36.449,ASP-55
-114.39,136.175,SER-56
-62.7636,118.238,THR-57
-85.2201,174.68,PRO-58
-71.5589,151.642,PRO-59
-68.4832,160.561,PRO-60
82.7862,1.81228,GLY-61
-85.5176,158.649,THR-62
-151.097,155.992,ARG-63
-110.908,115.051,VAL-64
-95.0013,144.516,ARG-65
-139.63,139.313,ALA-66
-159.449,-170.566,MET-67
179.766,110.133,ALA-68
-96.2846,154.189,ILE-69
-128.659,136.831,TYR-70
-128.03,154.383,LYS-71
-139.285,156.642,GLN-72
-52.2033,-8.21905,SER-73
-121.377,2.47929,GLN-74
-170.602,159.135,HIS-75
-116.966,-0.758648,MET-76
-84.9352,77.9089,THR-77
-166.431,167.866,GLU-78
-132.873,164.164,VAL-79
-88.3353,148.942,VAL-80
-177.608,161.804,ARG-81
-76.8339,155.769,ARG-82
-66.9705,158.097,CYS-83
-61.5602,-24.9405,PRO-84
-91.63,-8.74177,HIS-85
-105.571,-6.90471,HIS-86
-76.5944,0.458161,GLU-87
-154.865,-23.9754,ARG-88
-67.1141,157.984,CYS-89
-63.5457,-22.4641,SER-90
-69.0059,1.72603,ASP-91
-132.523,-24.6755,SER-92
-73.0467,169.297,ASP-93
138.018,-128.019,GLY-94
-79.0852,-48.4178,LEU-95
-58.9321,139.121,ALA-96
-67.6162,137.878,PRO-97
-58.5595,-22.6208,PRO-98
-79.017,-30.5133,GLN-99
-63.1338,119.001,HIS-100
-94.6529,-32.1842,LEU-101
-69.2892,108.819,ILE-102
-133.085,162.657,ARG-103
-145.313,161.92,VAL-104
-158.679,179.518,GLU-105
91.8714,-45.1532,GLY-106
-67.9116,135.87,ASN-107
-72.4151,-42.3564,LEU-108
-90.5063,125.805,ARG-109
-150.983,125.297,VAL-110
-144.239,176.518,GLU-111
-118.753,147.362,TYR-112
-157.159,159.228,LEU-113
-76.2411,127.142,ASP-114
-58.7876,142.032,ASP-115
-65.6176,-26.3031,ARG-116
-117.474,-23.4081,ASN-117
-111.364,-14.6602,THR-118
66.4587,8.88981,PHE-119
-76.5985,124.028,ARG-120
-69.8243,132.296,HIS-121
-165.063,169.857,SER-122
-82.1,147.326,VAL-123
-133.024,133.144,VAL-124
-129.739,157.295,VAL-125
-64.493,155.81,PRO-126
-82.9896,149.326,TYR-127
-148.177,139.527,GLU-128
-53.7518,151.768,PRO-129
-61.303,158.389,PRO-130
-74.914,178.893,GLU-131
-68.1281,121.521,VAL-132
92.946,-20.8006,GLY-133
-87.0093,174.352,SER-134
-126.862,-39.3952,ASP-135
-103.838,152.141,CYS-136
-77.6111,133.302,THR-137
-110.359,122.939,THR-138
-119.942,124.846,ILE-139
-79.9832,105.538,HIS-140
-89.4171,174.513,TYR-141
-170.416,164.866,ASN-142
-155.308,138.518,TYR-143
-143.484,109.833,MET-144
-160.173,113.269,CYS-145
-64.0093,117.674,ASN-146
-57.801,-12.7062,SER-147
-89.7613,9.11847,SER-148
-71.1286,-177.184,CYS-149
-78.0882,-70.635,MET-150
104.447,-155.72,GLY-151
-99.5288,170.312,GLY-152
-53.8739,-28.7264,ILE-153
-140.676,81.9854,ASN-154
-53.5926,112.77,ARG-155
-129.516,162.676,ARG-156
-79.4955,166.163,PRO-157
-137.52,138.776,ILE-158
-125.752,140.681,LEU-159
-104.441,146.371,THR-160
-113.234,120.887,ILE-161
-116.223,119.068,ILE-162
-117.712,124.827,THR-163
-83.8009,127.07,LEU-164
-157.102,164.776,GLU-165
-76.9754,164.113,ASP-166
-65.6762,-19.9525,SER-167
-61.7776,-23.6019,SER-168
104.734,-9.37605,GLY-169
-65.1918,127.134,ASN-170
-66.5128,124.135,LEU-171
-102.828,-35.175,LEU-172
-172.638,177.369,GLY-173
-147.848,137.385,ARG-174
-139.749,155.518,ASN-175
-151.964,161.106,SER-176
-163.507,151.586,PHE-177
-78.3921,130.803,GLU-178
-99.0704,137.053,VAL-179
-144.362,113.254,ARG-180
-96.8647,125.38,VAL-181
-155.784,-168.268,CYS-182
-108.582,-39.5614,ALA-183
-117.211,85.4677,CYS-184
-79.6121,-11.6601,PRO-185
-89.1415,-19.0409,GLY-186
-75.1981,-36.6306,ARG-187
-78.0694,-40.9668,ASP-188
-37.7751,-76.1067,ARG-189
-53.226,-34.4082,ARG-190
-59.0419,-41.8099,THR-191
-93.2187,-20.8671,GLU-192
-87.1516,-11.4829,GLU-193
-74.5777,-37.0645,GLU-194
-67.9418,4.3834,ASN-195
-75.508,153.989,LEU-196
-78.0855,-46.8328,ARG-197
-72.7894,165.379,LYS-198
-60.7873,151.966,LYS-199
-106.878,-161.872,GLY-200
-101.255,163.093,GLU-201
-90.0238,158.336,PRO-202
-135.164,172.864,HIS-203
-33.5783,128.255,HIS-204
-95.9512,-26.4517,GLU-205
-59.1944,-41.3195,LEU-206
-90.2542,146.562,PRO-207
-72.7104,172.661,PRO-208
-58.6092,155.797,GLY-209
-93.7773,-97.2438,SER-210
-131.782,154.685,THR-211
-105.925,128.219,LYS-212
71.7451,149.817,ARG-213
-49.2512,172.69,ALA-214
-101.613,-36.3637,LEU-215
-59.5803,156.211,PRO-216
-64.5359,7.94553,ASN-217
-57.3444,141.571,ASN-218
-124.863,153.995,SER-2
165.017,165.344,SER-3
-78.0048,130.899,VAL-4
-72.025,157.052,PRO-5
-72.4524,159.691,SER-6
-136.429,-12.5723,GLN-7
-61.8774,134.062,LYS-8
-61.1045,148.674,THR-9
-159.484,128.185,TYR-10
-88.2045,-42.8459,GLN-11
79.5421,-155.529,GLY-12
-64.8007,-39.0328,SER-13
-108.141,2.75343,TYR-14
77.5324,34.2509,GLY-15
-58.7169,153.275,PHE-16
-168.049,166.104,ARG-17
-155.548,128.789,LEU-18
-134.948,-169.23,GLY-19
-148.622,142.735,PHE-20
-86.7839,116.912,LEU-21
-73.982,125.983,HIS-22
-136.977,13.9752,SER-23
88.3524,-140.696,GLY-24
-134.044,-9.89882,THR-25
-57.8874,159.301,ALA-26
-53.4691,-20.8268,LYS-27
-84.6624,-13.5896,SER-28
-70.8178,130.417,VAL-29
-75.6046,-29.5904,THR-30
-169.353,162.368,CYS-31
-164.902,166.008,THR-32
-148.618,119.623,TYR-33
-87.4656,111.712,SER-34
-75.4571,-28.4658,PRO-35
-65.9196,-32.4559,ALA-36
-101.006,-14.2201,LEU-37
66.684,17.4064,ASN-38
-99.6868,119.32,LYS-39
-86.0441,127.607,MET-40
-118.924,114.644,PHE-41
-116.629,131.405,CYS-42
-70.0424,126.963,GLN-43
-45.6515,117.691,LEU-44
78.8935,-4.77408,ALA-45
-83.1801,156.442,LYS-46
-82.4197,121.302,THR-47
-116.026,108.935,CYS-48
-76.8411,104.108,PRO-49
-77.9476,147.387,VAL-50
-130.76,132.768,GLN-51
-111.091,133.374,LEU-52
-115.421,151.862,TRP-53
-132.074,165.775,VAL-54
-104.686,-38.1352,ASP-55
-116.101,140.368,SER-56
-76.0647,123.725,THR-57
-71.1196,155.978,PRO-58
-67.8428,163.995,PRO-59
-50.5346,122.185,PRO-60
109.108,6.52974,GLY-61
-77.2104,143.659,THR-62
-127.787,144.053,ARG-63
-87.5895,145.216,VAL-64
-131.036,150.962,ARG-65
-131.616,146.497,ALA-66
-142.544,170.196,MET-67
-152.395,117.935,ALA-68
-109.75,149.885,ILE-69
-116.591,145.304,TYR-70
-127.201,162.961,LYS-71
-147.216,178.277,GLN-72
-53.9473,-22.7957,SER-73
-137.022,4.87193,GLN-74
-159.479,164.323,HIS-75
-136.738,7.69976,MET-76
-102.365,95.3903,THR-77
-162.661,160.841,GLU-78
-99.5584,137.676,VAL-79
-67.5364,128.903,VAL-80
-147.837,165.546,ARG-81
-64.4532,171.014,ARG-82
-57.9661,155.947,CYS-83
-71.0166,-29.7516,PRO-84
-81.0424,15.9437,HIS-85
-141.999,-25.2405,HIS-86
-64.7627,-15.3065,GLU-87
-146.454,12.2566,ARG-88
-78.0523,170.851,CYS-89
-74.4469,-40.0715,SER-90
-64.9565,-39.9745,ASP-91
-73.7021,-11.9635,SER-92
-85.9297,154.161,ASP-93
157.149,-154.451,GLY-94
-48.7911,-45.608,LEU-95
-80.6792,121.564,ALA-96
-65.7721,159.783,PRO-97
-70.5703,-22.9972,PRO-98
-68.4526,-41.707,GLN-99
-55.3832,108.611,HIS-100
-62.8253,-49.4012,LEU-101
-69.0551,112.277,ILE-102
-136.344,160.173,ARG-103
-141.024,159.349,VAL-104
-167.093,-174.122,GLU-105
90.3495,-37.5356,GLY-106
-63.2571,161.172,ASN-107
-70.6548,-33.5887,LEU-108
-99.8473,158.064,ARG-109
178.661,135.424,VAL-110
-175.517,175.051,GLU-111
-113.816,137.133,TYR-112
-127.923,-178.981,LEU-113
-101.638,139.507,ASP-114
-67.3486,142.193,ASP-115
-83.3696,7.92279,ARG-116
-120.966,-37.3077,ASN-117
-110.086,-17.4793,THR-118
64.1772,6.46688,PHE-119
-61.188,113.013,ARG-120
-66.0891,131.697,HIS-121
-173.188,159.258,SER-122
-99.8447,139.238,VAL-123
-124.411,148.061,VAL-124
-155.942,151.347,VAL-125
-73.0691,149.764,PRO-126
-89.4945,100.012,TYR-127
-73.5878,138.84,GLU-128
-75.0376,154.147,PRO-129
-72.9864,158.731,PRO-130
-63.9064,158.782,GLU-131
-54.5732,121.038,VAL-132
88.4907,-2.74993,GLY-133
-85.7372,145.253,SER-134
-84.5254,-10.006,ASP-135
-167.222,166.454,CYS-136
-90.5565,132.786,THR-137
-120.01,140.211,THR-138
-130.869,135.796,ILE-139
-94.611,100.49,HIS-140
-71.6713,165.161,TYR-141
-162.019,154.443,ASN-142
-150.124,136.601,TYR-143
-138.764,88.4023,MET-144
-138.922,145.398,CYS-145
-97.2781,115.455,ASN-146
-58.7641,-16.5104,SER-147
-68.6403,-15.0013,SER-148
-75.0934,179.858,CYS-149
-67.8791,-47.5276,MET-150
64.9244,-155.893,GLY-151
-80.8962,168.099,GLY-152
-68.3712,-26.702,ILE-153
-131.388,119.947,ASN-154
-77.4362,132.067,ARG-155
-156.01,153.237,ARG-156
-71.4897,166.59,PRO-157
-135.738,145.195,ILE-158
-125.361,140.592,LEU-159
-102.942,135.612,THR-160
-96.4841,101.076,ILE-161
-81.8094,147.186,ILE-162
-138.59,128.405,THR-163
-83.1859,125.541,LEU-164
-147.425,162.992,GLU-165
-73.9319,163.461,ASP-166
-64.0004,-26.6241,SER-167
-68.1584,-12.0347,SER-168
91.0492,-14.533,GLY-169
-67.5445,114.087,ASN-170
-67.062,124.086,LEU-171
-103.008,-34.7951,LEU-172
-175.684,-174.34,GLY-173
-146.898,148.153,ARG-174
-155.015,150.553,ASN-175
-156.9,150.687,SER-176
-159.617,153.042,PHE-177
-91.5132,131.059,GLU-178
-102.91,145.677,VAL-179
-146.728,107.424,ARG-180
-83.0738,122.871,VAL-181
-141.975,-174.706,CYS-182
-96.3884,-39.7241,ALA-183
-135.916,82.1849,CYS-184
-68.3531,-9.67125,PRO-185
-82.5163,-42.9814,GLY-186
-62.6163,-43.4266,ARG-187
-71.6626,-38.0329,ASP-188
-51.4216,-64.3939,ARG-189
-59.1543,-35.6422,ARG-190
-58.9828,-43.513,THR-191
-102.548,-13.7876,GLU-192
-89.7597,-14.2826,GLU-193
-60.9436,-26.2835,GLU-194
-67.9021,-9.11549,ASN-195
-72.196,148.992,LEU-196
-72.9748,-19.6192,ARG-197
-99.3683,172.795,LYS-198
-74.7604,138.15,LYS-199
-99.8305,-167.804,GLY-200
-71.665,161.745,GLU-201
-87.2182,172.841,PRO-202
-168.007,-179.715,HIS-203
-45.4111,137.121,HIS-204
-93.0676,-40.911,GLU-205
-64.271,-54.1354,LEU-206
-79.4905,140.227,PRO-207
-62.7311,169.993,PRO-208
-71.2965,162.674,GLY-209
-79.6656,-96.404,SER-210
-151.953,165.13,THR-211
-108.374,137.166,LYS-212
78.6116,146.327,ARG-213
-62.8495,155.067,ALA-214
-68.385,-29.3692,LEU-215
-68.4655,153.9,PRO-216
-75.2889,0.485031,ASN-217
-54.3497,140.73,ASN-218
-77.36,142.446,SER-2
-165.169,146.174,SER-3
-79.6153,119.266,VAL-4
-51.6105,133.394,PRO-5
-80.2372,155.453,SER-6
-124.512,-21.968,GLN-7
-45.5695,119.082,LYS-8
-50.8241,143.693,THR-9
-151.345,137.637,TYR-10
-103.976,-68.0431,GLN-11
84.8369,-173.491,GLY-12
-44.408,-32.505,SER-13
-110.78,-6.52921,TYR-14
71.0088,60.583,GLY-15
-72.4878,138.537,PHE-16
-156.729,153.153,ARG-17
-147.457,147.03,LEU-18
-164.04,-161.68,GLY-19
-143.469,149.246,PHE-20
-80.7461,95.6119,LEU-21
-70.4809,130.078,HIS-22
-134.084,19.6611,SER-23
84.1896,-153.873,GLY-24
-132.263,21.6623,THR-25
-66.4376,163.819,ALA-26
-66.9558,-22.339,LYS-27
-72.4259,-17.9547,SER-28
-72.6509,133.664,VAL-29
-82.1758,-35.3042,THR-30
-149.526,151.605,CYS-31
-145.396,158.042,THR-32
-132.612,144.47,TYR-33
-121.964,102.796,SER-34
-65.1649,-33.3314,PRO-35
-60.8711,-18.0408,ALA-36
-115.978,-7.72228,LEU-37
60.7513,19.6185,ASN-38
-112.707,121.134,LYS-39
-89.8059,142.912,MET-40
-114.701,104.442,PHE-41
-92.0385,116.459,CYS-42
-62.5018,134.678,GLN-43
-64.9986,135.483,LEU-44
69.7335,-18.8262,ALA-45
-79.5919,151.928,LYS-46
-52.9857,105.713,THR-47
-106.859,117.691,CYS-48
-80.6922,122.406,PRO-49
-97.6942,137.514,VAL-50
-124.707,123.174,GLN-51
-109.941,150.815,LEU-52
-143.162,143.844,TRP-53
-106.536,147.83,VAL-54
-72.0991,-44.0762,ASP-55
-89.5849,178.431,SER-56
-68.1906,117.994,THR-57
-69.9704,163.739,PRO-58
-70.6002,156.207,PRO-59
-71.7511,157.726,PRO-60
88.0614,3.12308,GLY-61
-69.9281,156.677,THR-62
-148.556,153.285,ARG-63
-103.86,125.556,VAL-64
-115.578,151.057,ARG-65
-135.169,152.561,ALA-66
-156.481,171.833,MET-67
-154.36,120.248,ALA-68
-97.6379,123.317,ILE-69
-93.0201,121.244,TYR-70
-98.5469,158.707,LYS-71
-136.27,175.498,GLN-72
-58.2094,-22.2668,SER-73
-111.038,3.11153,GLN-74
-170.333,161.625,HIS-75
-134.185,-24.4624,MET-76
-87.7124,85.7705,THR-77
-151.212,171.581,GLU-78
-127.843,141.939,VAL-79
-70.1909,124.77,VAL-80
-135.127,164.957,ARG-81
-67.4679,151.107,ARG-82
-60.5139,143.186,CYS-83
-69.2751,-28.9893,PRO-84
-74.9041,-7.1757,HIS-85
-113.739,10.1364,HIS-86
-84.9416,-1.7044,GLU-87
-146.445,-19.3115,ARG-88
-66.9977,164.587,CYS-89
-53.8802,-31.0897,SER-90
-66.5375,-42.7642,ASP-91
-74.0431,-27.647,SER-92
-90.3672,112.115,ASP-93
-152.342,-92.5533,GLY-94
-74.2712,-57.2331,LEU-95
-75.8808,137.572,ALA-96
-56.7536,150.191,PRO-97
-71.4825,-5.61005,PRO-98
-85.7465,-21.5617,GLN-99
-78.9509,132.574,HIS-100
-100.135,-45.2651,LEU-101
-65.6752,113.53,ILE-102
-145.725,164.526,ARG-103
-148.263,151.196,VAL-104
-148.951,160.831,GLU-105
86.7526,-26.5617,GLY-106
-55.506,139.495,ASN-107
-79.9127,2.0755,LEU-108
-137.156,157.426,ARG-109
-179.758,124.185,VAL-110
-158.973,166.326,GLU-111
-109.64,141.96,TYR-112
-131.96,159.101,LEU-113
-82.9545,111.727,ASP-114
-50.935,125.118,ASP-115
-54.3391,-30.7406,ARG-116
-93.2433,-17.4343,ASN-117
-131.217,-21.8539,THR-118
55.4583,56.6803,PHE-119
-132.517,105.831,ARG-120
-70.7237,124.519,HIS-121
-159.036,152.184,SER-122
-77.3074,147.094,VAL-123
-132.921,139.4,VAL-124
-139.821,143.356,VAL-125
-78.5674,151.979,PRO-126
-84.5701,132.838,TYR-127
-126.346,112.631,GLU-128
-63.5263,164.162,PRO-129
-48.2293,154.679,PRO-130
-69.9792,151.796,GLU-131
-56.6415,108.096,VAL-132
104.312,-8.51446,GLY-133
-89.2056,170.244,SER-134
-104.905,-40.0918,ASP-135
-135.521,162.759,CYS-136
-98.1145,147.325,THR-137
-131.662,138.032,THR-138
-138.401,132.128,ILE-139
-99.2955,112.439,HIS-140
-89.1163,170.037,TYR-141
-164.93,159.404,ASN-142
-156.345,129.449,TYR-143
-121.084,134.619,MET-144
-172.65,132.916,CYS-145
-64.5783,129.748,ASN-146
-73.6452,-3.1573,SER-147
-83.9797,-1.54402,SER-148
-67.4743,168.736,CYS-149
-58.6677,-39.8418,MET-150
59.2133,-166.349,GLY-151
-77.7585,166.287,GLY-152
-71.4714,-20.976,ILE-153
-124.642,101.576,ASN-154
-55.8728,137.767,ARG-155
-155.858,168.074,ARG-156
-88.5051,155.193,PRO-157
-138.78,135.218,ILE-158
-118.666,150.288,LEU-159
-112.575,131.915,THR-160
-88.9302,112.063,ILE-161
-96.3388,139.24,ILE-162
-135.784,157.772,THR-163
-118.802,135.459,LEU-164
-154.214,157.438,GLU-165
-84.6787,165.761,ASP-166
-71.0804,-17.0251,SER-167
-77.6771,-6.28865,SER-168
99.7011,-13.2769,GLY-169
-57.3057,102.501,ASN-170
-53.2114,131.947,LEU-171
-108.301,-20.7746,LEU-172
-177.2,141.298,GLY-173
-136.173,133.968,ARG-174
-144.262,124.239,ASN-175
-124.163,164.432,SER-176
-166.168,162.92,PHE-177
-77.2758,147.639,GLU-178
-125.499,154.547,VAL-179
-162.011,115.619,ARG-180
-80.1137,117.501,VAL-181
-135.927,167.194,CYS-182
-85.5722,-43.3309,ALA-183
-110.529,98.1822,CYS-184
-61.9277,-27.0372,PRO-185
-79.2421,-42.0929,GLY-186
-59.2998,-53.3067,ARG-187
-64.764,-32.9859,ASP-188
-62.5586,-60.7022,ARG-189
-58.0923,-27.7649,ARG-190
-71.9211,-38.9375,THR-191
-91.3822,-22.742,GLU-192
-84.2116,-21.407,GLU-193
-53.4423,-12.3578,GLU-194
-86.9287,-16.8121,ASN-195
-66.3002,162.178,LEU-196
-99.285,-32.4013,ARG-197
-57.4132,142.824,LYS-198
-38.6948,140.522,LYS-199
-104.839,-169.25,GLY-200
-66.5699,147.053,GLU-201
-71.1046,165.015,PRO-202
-138.851,152.733,HIS-203
-56.5903,151.404,HIS-204
-91.8989,-11.6788,GLU-205
-79.1518,-47.1114,LEU-206
-77.3947,168.623,PRO-207
-81.241,-165.174,PRO-208
-57.4246,171.104,GLY-209
-100.446,-125.561,SER-210
-120.803,164.908,THR-211
-104.212,148.405,LYS-212
80.1021,146.212,ARG-213
-69.1688,157.721,ALA-214
-66.3611,-44.8312,LEU-215
-43.9357,149.68,PRO-216
-87.2298,25.3525,ASN-217
-69.771,142.668,ASN-218
-82.4229,144.85,SER-2
-166.776,165.161,SER-3
-88.0234,139.13,VAL-4
-65.3018,136.808,PRO-5
-72.4087,125.304,SER-6
-88.7282,-9.68004,GLN-7
-73.4381,143.157,LYS-8
-76.6878,144.326,THR-9
-143.114,130.551,TYR-10
-90.4867,-34.2375,GLN-11
63.3008,-177.875,GLY-12
-59.7817,-16.8477,SER-13
-103.767,-10.0118,TYR-14
76.9911,43.2899,GLY-15
-64.8482,149.186,PHE-16
-164.002,168.902,ARG-17
-151.759,148.235,LEU-18
-155.058,-161.931,GLY-19
-155.518,108.878,PHE-20
-51.4241,107.686,LEU-21
-68.1046,116.372,HIS-22
-114.771,-1.2318,SER-23
111.868,-149.242,GLY-24
-139.509,-5.80155,THR-25
-43.8253,156.266,ALA-26
-58.2119,-28.5067,LYS-27
-82.2428,-3.87545,SER-28
-69.2113,131.893,VAL-29
-77.0332,-32.7611,THR-30
-160.555,155.292,CYS-31
-156.51,135.996,THR-32
-119.379,136.727,TYR-33
-107.87,97.0029,SER-34
-54.338,-56.5943,PRO-35
-61.0357,-8.4315,ALA-36
-111.788,-12.1247,LEU-37
66.2674,-2.52095,ASN-38
-92.3229,124.126,LYS-39
-93.9437,120.613,MET-40
-104.946,125.925,PHE-41
-122.949,146.442,CYS-42
-82.7548,132.548,GLN-43
-67.59,144.051,LEU-44
64.9126,-12.7491,ALA-45
-80.5588,161.285,LYS-46
-81.7628,118.051,THR-47
-115.681,109.368,CYS-48
-75.1222,113.786,PRO-49
-89.4742,145.423,VAL-50
-106.427,153.597,GLN-51
-143.399,134.046,LEU-52
-125.335,158.91,TRP-53
-133.423,138.761,VAL-54
-83.9163,-27.2003,ASP-55
-107.314,179.773,SER-56
-83.3172,118.868,THR-57
-72.3991,162.96,PRO-58
-52.2057,154.244,PRO-59
-69.7358,145.932,PRO-60
77.9509,7.91317,GLY-61
-60.4751,157.702,THR-62
-148.358,149.214,ARG-63
-108.258,139.807,VAL-64
-117.392,151.248,ARG-65
-135.149,144.393,ALA-66
-166.297,163.073,MET-67
-140.955,116.74,ALA-68
-96.1727,167.505,ILE-69
-137.334,149.933,TYR-70
-141.958,144.456,LYS-71
-140.601,-179.064,GLN-72
-57.4136,-15.9821,SER-73
-137.44,7.94414,GLN-74
-159.341,162.651,HIS-75
-136.382,6.22582,MET-76
-91.5371,81.5367,THR-77
-171.729,163.319,GLU-78
-121.017,152.79,VAL-79
-65.0363,120.738,VAL-80
-140.19,154.831,ARG-81
-63.5034,159.189,ARG-82
-53.9189,141.42,CYS-83
-60.0303,-10.5914,PRO-84
-80.4579,-13.0292,HIS-85
-127.208,3.2581,HIS-86
-87.7402,-0.204746,GLU-87
-155.509,20.922,ARG-88
-88.3059,158.315,CYS-89
-63.176,-2.98302,SER-90
-85.1348,-30.782,ASP-91
-93.3968,-34.6395,SER-92
-80.831,110.692,ASP-93
-159.639,-144.307,GLY-94
-48.848,-45.5333,LEU-95
-82.5973,113.674,ALA-96
-57.0165,147.806,PRO-97
-69.3757,-27.1361,PRO-98
-68.396,-24.1471,GLN-99
-70.1479,105.037,HIS-100
-66.6005,-45.9134,LEU-101
-71.0187,105.945,ILE-102
-137.193,176.052,ARG-103
-150.82,-178.096,VAL-104
-173.171,-177.713,GLU-105
85.9069,-50.8212,GLY-106
-64.097,133.827,ASN-107
-67.4562,-21.5503,LEU-108
-115.755,151.884,ARG-109
-173.786,129.681,VAL-110
-165.532,149.697,GLU-111
-109.454,121.714,TYR-112
-143.551,156.892,LEU-113
-58.8137,121.152,ASP-114
-57.5705,115.378,ASP-115
-68.13,-27.9382,ARG-116
-77.5681,-17.6449,ASN-117
-121.185,-21.5233,THR-118
74.8922,11.8286,PHE-119
-83.9889,113.263,ARG-120
-67.758,119.004,HIS-121
-153.86,153.644,SER-122
-67.975,148.79,VAL-123
-139.179,123.186,VAL-124
-116.919,137.881,VAL-125
-68.0112,143.792,PRO-126
-76.2198,138.592,TYR-127
-120.901,125.788,GLU-128
-56.8496,165.215,PRO-129
-67.3738,151.844,PRO-130
-81.9986,160.352,GLU-131
-67.0666,120.738,VAL-132
96.8352,-6.98939,GLY-133
-95.8225,-179.473,SER-134
-144.644,-67.138,ASP-135
-79.9774,169.23,CYS-136
-114.599,150.334,THR-137
-141.636,124.659,THR-138
-118.648,138.265,ILE-139
-91.4299,90.2195,HIS-140
-76.5199,167.246,TYR-141
-162.033,141.2,ASN-142
-138.555,143.045,TYR-143
-148.402,128.539,MET-144
177.131,135.514,CYS-145
-91.9138,120.32,ASN-146
-63.254,-21.7308,SER-147
-84.8216,0.174428,SER-148
-57.1793,158.871,CYS-149
-62.321,-30.8919,MET-150
71.4479,165.417,GLY-151
-62.9155,153.175,GLY-152
-54.988,-18.3579,ILE-153
-141.117,83.4238,ASN-154
-51.206,119.811,ARG-155
-145.724,166.053,ARG-156
-80.9964,162.788,PRO-157
-130.861,160.677,ILE-158
-147.881,136.672,LEU-159
-103.628,145.227,THR-160
-116.767,134.554,ILE-161
-120.577,137.195,ILE-162
-144.371,140.198,THR-163
-95.4185,126.802,LEU-164
-140.008,163.833,GLU-165
-75.8841,161.53,ASP-166
-67.2098,-24.8395,SER-167
-71.5493,-9.9331,SER-168
96.6262,3.61254,GLY-169
-60.8616,111.285,ASN-170
-73.7954,146.503,LEU-171
-131.145,-18.5209,LEU-172
-174.543,153.369,GLY-173
-136.675,152.921,ARG-174
-155.269,158.449,ASN-175
-150.098,147.911,SER-176
-146.808,156.18,PHE-177
-71.6749,153.267,GLU-178
-122.097,145.337,VAL-179
-138.569,129.143,ARG-180
-96.6432,138.876,VAL-181
-157.075,-170.24,CYS-182
-87.5825,-40.1218,ALA-183
-130.547,84.151,CYS-184
-62.1508,-23.2523,PRO-185
-72.7022,-32.5645,GLY-186
-78.6171,-48.787,ARG-187
-66.5658,-30.9443,ASP-188
-59.5775,-60.4064,ARG-189
-52.1588,-35.8929,ARG-190
-68.4093,-45.0167,THR-191
-82.0344,-29.9193,GLU-192
-72.301,-12.6783,GLU-193
-64.8322,-11.9605,GLU-194
-75.5716,-5.38509,ASN-195
-71.4336,135.697,LEU-196
-69.5703,-43.2122,ARG-197
-65.6661,158.207,LYS-198
-67.8119,151.972,LYS-199
-88.1699,-160.444,GLY-200
-78.9197,138.322,GLU-201
-56.4818,165.823,PRO-202
-166.507,159.977,HIS-203
-62.2067,131.315,HIS-204
-74.1154,-15.544,GLU-205
-92.5171,-47.5537,LEU-206
-52.3585,141.45,PRO-207
-88.5735,155.712,PRO-208
-53.4594,151.17,GLY-209
-92.2277,-103.964,SER-210
-139.53,162.516,THR-211
-101.763,155.021,LYS-212
76.6625,140.315,ARG-213
-58.4714,164.029,ALA-214
-74.3647,-43.7949,LEU-215
-44.9998,146.308,PRO-216
-80.1928,13.3031,ASN-217
-54.9597,130.381,ASN-218
-121.126,118.463,SER-2
-153.248,140.791,SER-3
-75.6184,117.212,VAL-4
-56.1859,146.091,PRO-5
-78.2408,132.651,SER-6
-111.788,10.9461,GLN-7
-81.1016,126.509,LYS-8
-62.1097,165.265,THR-9
-154.576,109.38,TYR-10
-83.7015,-45.8408,GLN-11
67.7935,-156.965,GLY-12
-68.6778,-23.4907,SER-13
-116.196,4.83416,TYR-14
77.7506,4.08131,GLY-15
-37.1792,127.745,PHE-16
-148.915,166.676,ARG-17
-130.246,142.862,LEU-18
-147.987,-165.919,GLY-19
-154.74,130.551,PHE-20
-65.6401,114.48,LEU-21
-84.6035,127.596,HIS-22
-141.87,18.9214,SER-23
99.9451,-148.484,GLY-24
-140.063,-14.4362,THR-25
-46.949,144.334,ALA-26
-51.4646,-16.3871,LYS-27
-82.0477,-20.6298,SER-28
-66.1096,134.288,VAL-29
-82.7743,-29.4537,THR-30
-153.206,158.094,CYS-31
-147.194,131.46,THR-32
-102.972,123.755,TYR-33
-89.6852,105.132,SER-34
-61.008,-37.0806,PRO-35
-71.1663,-0.400559,ALA-36
-127.275,-5.96513,LEU-37
49.7123,19.2255,ASN-38
-98.2929,124.306,LYS-39
-96.001,117.829,MET-40
-109.774,110.649,PHE-41
-140.629,139.584,CYS-42
-75.5538,119.603,GLN-43
-50.5708,114.765,LEU-44
97.1059,8.42734,ALA-45
-119.81,153.517,LYS-46
-65.6618,134.902,THR-47
-125.705,94.907,CYS-48
-72.7095,113.644,PRO-49
-81.2675,147.565,VAL-50
-131.244,133.193,GLN-51
-117.004,149.498,LEU-52
-147.454,160.977,TRP-53
-140.479,158.146,VAL-54
-73.5404,-33.545,ASP-55
-161,179.46,SER-56
-60.2002,102.562,THR-57
-56.3159,161.909,PRO-58
-80.4437,167.805,PRO-59
-77.433,158.875,PRO-60
81.9741,-14.4965,GLY-61
-52.4705,164.313,THR-62
-146.897,154.426,ARG-63
-105.1,130.892,VAL-64
-115.577,145.189,ARG-65
-126.775,145.814,ALA-66
-153.977,169.499,MET-67
-150.806,134.038,ALA-68
-105.038,156.571,ILE-69
-112.779,127.871,TYR-70
-117.593,152.784,LYS-71
-137.729,161.908,GLN-72
-50.1213,-1.51563,SER-73
-132.36,-24.8612,GLN-74
-159.09,167.793,HIS-75
-127.814,-22.1051,MET-76
-89.2173,87.4891,THR-77
-165.963,146.501,GLU-78
-103.882,146.965,VAL-79
-57.7084,133.403,VAL-80
-148.893,169.008,ARG-81
-73.5924,172.553,ARG-82
-69.4587,149.798,CYS-83
-46.3709,-50.5708,PRO-84
-77.9954,11.444,HIS-85
-129.295,-1.44055,HIS-86
-78.8352,7.44518,GLU-87
-167.406,-15.6801,ARG-88
-65.656,166.459,CYS-89
-62.0419,-24.3175,SER-90
-76.7635,-27.9386,ASP-91
-87.2629,-41.2775,SER-92
-76.4687,122.125,ASP-93
-169.742,-138.694,GLY-94
-69.3111,-28.3503,LEU-95
-88.5679,120.464,ALA-96
-56.889,149.832,PRO-97
-65.7014,-19.4317,PRO-98
-75.8282,-22.0243,GLN-99
-70.2307,112.394,HIS-100
-58.0371,-49.6574,LEU-101
-76.2207,112.273,ILE-102
-135.163,171.654,ARG-103
-153.72,163.473,VAL-104
-151.507,-177.111,GLU-105
89.9707,6.73439,GLY-106
-128.735,125.725,ASN-107
-54.7118,-9.94922,LEU-108
-121.909,119.63,ARG-109
-165.439,128.941,VAL-110
-165.808,161.186,GLU-111
-103.921,140.529,TYR-112
-145.935,159.867,LEU-113
-98.9257,116.223,ASP-114
-58.3076,139.892,ASP-115
-80.168,-29.3879,ARG-116
-88.911,-11.3206,ASN-117
-127.648,-23.8596,THR-118
71.4855,-1.17509,PHE-119
-67.4239,119.415,ARG-120
-74.4234,119.656,HIS-121
-159.747,142.024,SER-122
-54.9458,136.135,VAL-123
-134.021,144.13,VAL-124
-142.264,146.214,VAL-125
-82.4505,153.016,PRO-126
-67.6448,126.677,TYR-127
-117.52,111.69,GLU-128
-58.1132,152.78,PRO-129
-66.5979,141.785,PRO-130
-80.9707,149.764,GLU-131
-52.6211,127.475,VAL-132
99.5143,-23.2136,GLY-133
-98.0269,129.4,SER-134
-78.5295,-53.2494,ASP-135
-123.568,162.056,CYS-136
-92.456,111.171,THR-137
-81.2801,143.121,THR-138
-129.674,134.57,ILE-139
-87.5199,103.558,HIS-140
-74.4272,168.479,TYR-141
-165.775,146.593,ASN-142
-145.964,152.35,TYR-143
-156.221,105.245,MET-144
-136.244,125.22,CYS-145
-69.7874,139.117,ASN-146
-90.9508,-7.55613,SER-147
-70.1428,-6.41165,SER-148
-63.8241,162.745,CYS-149
-64.2058,-34.2789,MET-150
64.1474,-167.546,GLY-151
-85.6371,150.671,GLY-152
-66.8894,-21.0753,ILE-153
-132.495,91.4132,ASN-154
-66.6021,117.85,ARG-155
-144.646,161.002,ARG-156
-71.3864,171.171,PRO-157
-151.725,149.273,ILE-158
-142.64,142.595,LEU-159
-111.93,151.96,THR-160
-110.716,130.066,ILE-161
-112.659,120.644,ILE-162
-126.324,137.274,THR-163
-112.828,126.36,LEU-164
-146.155,157.93,GLU-165
-66.1503,152.801,ASP-166
-64.3484,-19.9813,SER-167
-64.0232,-4.65726,SER-168
83.8998,7.26827,GLY-169
-83.7553,109.563,ASN-170
-75.6448,122.834,LEU-171
-99.8037,-24.9881,LEU-172
-171.759,164.209,GLY-173
-145.081,133.212,ARG-174
-152.538,142.374,ASN-175
-137.32,163.806,SER-176
-160.476,144.836,PHE-177
-61.7408,145.582,GLU-178
-125.767,149.8,VAL-179
-154.653,112.36,ARG-180
-97.0978,118.598,VAL-181
-138.575,-158.201,CYS-182
-125.189,-38.5395,ALA-183
-106.526,85.5741,CYS-184
-43.6122,-41.9708,PRO-185
-76.888,-39.9168,GLY-186
-68.2017,-34.9665,ARG-187
-80.7485,-35.198,ASP-188
-45.401,-75.5152,ARG-189
-56.719,-41.1522,ARG-190
-54.1655,-34.8452,THR-191
-92.9153,-39.6562,GLU-192
-63.9644,-19.8725,GLU-193
-54.6288,-26.9608,GLU-194
-61.2369,-21.1525,ASN-195
-80.6689,133.922,LEU-196
-44.9954,-41.8692,ARG-197
-92.8329,141.677,LYS-198
-69.3728,123.602,LYS-199
-85.7888,-167.219,GLY-200
-72.9227,136.949,GLU-201
-49.1838,131.534,PRO-202
-128.985,160.026,HIS-203
-60.1559,132.58,HIS-204
-67.169,-5.10478,GLU-205
-101.766,-52.4733,LEU-206
-63.457,126.879,PRO-207
-90.8822,-168.417,PRO-208
-43.8648,143.383,GLY-209
-107.533,-105.571,SER-210
-134.823,152.846,THR-211
-98.3135,157.997,LYS-212
70.7752,135.645,ARG-213
-64.0257,151.367,ALA-214
-68.3378,-27.5687,LEU-215
-66.638,169.074,PRO-216
-90.4627,-2.55302,ASN-217
-50.377,149.139,ASN-218
-74.5627,144.536,SER-2
-158.073,146.688,SER-3
-77.088,120.611,VAL-4
-73.7342,142.095,PRO-5
-72.6637,152.009,SER-6
-119.006,-1.75743,GLN-7
-66.0218,100.177,LYS-8
-48.3264,127.932,THR-9
-147.839,154.492,TYR-10
-102.985,-38.6715,GLN-11
70.8046,177.473,GLY-12
-50.1792,-41.3665,SER-13
-91.4544,-5.98916,TYR-14
90.335,32.387,GLY-15
-66.9333,128.369,PHE-16
-154.366,164.026,ARG-17
-134.15,154.401,LEU-18
-162.952,-168.033,GLY-19
-133.025,140.023,PHE-20
-78.317,110.468,LEU-21
-60.4663,152.891,HIS-22
-139.038,-10.7767,SER-23
112.985,-156.276,GLY-24
-130.473,1.72931,THR-25
-47.3637,156.836,ALA-26
-67.7402,-26.253,LYS-27
-75.751,-5.54504,SER-28
-85.544,125.34,VAL-29
-86.5153,-33.1359,THR-30
-147.453,161.726,CYS-31
-169.971,132.58,THR-32
-131.047,118.201,TYR-33
-79.8915,114.536,SER-34
-60.3178,-43.6039,PRO-35
-64.1973,-29.8717,ALA-36
-95.225,-16.8406,LEU-37
76.8588,-2.62247,ASN-38
-95.3345,123.629,LYS-39
-92.0734,99.1037,MET-40
-82.5303,111.051,PHE-41
-129.754,143.817,CYS-42
-90.3907,137.035,GLN-43
-68.3645,137.582,LEU-44
69.1086,3.64243,ALA-45
-106.671,157.812,LYS-46
-76.4859,122.598,THR-47
-106.981,109.182,CYS-48
-59.7922,104.685,PRO-49
-90.9773,161.756,VAL-50
-142.91,149.619,GLN-51
-142.324,140.808,LEU-52
-141.921,153.07,TRP-53
-137.285,144.838,VAL-54
-85.9087,-23.5432,ASP-55
-137.709,139.052,SER-56
-62.4258,123.068,THR-57
-79.7692,166.25,PRO-58
-66.1185,164.26,PRO-59
-70.7673,152.956,PRO-60
89.9852,-6.26038,GLY-61
-60.3213,147.292,THR-62
-146.256,163.423,ARG-63
-105.661,122.097,VAL-64
-96.4125,140.263,ARG-65
-138.774,135.437,ALA-66
-148.789,-176.988,MET-67
-166.164,139.651,ALA-68
-120.146,148.219,ILE-69
-115.081,157.708,TYR-70
-125.393,139.905,LYS-71
-115.708,173.704,GLN-72
-63.0402,52.8194,SER-73
-173.336,-26.0554,GLN-74
-158.823,153.125,HIS-75
-131.877,-12.0811,MET-76
-80.0526,77.3256,THR-77
-146.827,159.943,GLU-78
-99.7779,156.25,VAL-79
-67.1987,126.21,VAL-80
-126.085,166.105,ARG-81
-63.655,160.798,ARG-82
-57.857,159.687,CYS-83
-61.7971,-26.3401,PRO-84
-91.1206,4.12068,HIS-85
-138.131,29.7973,HIS-86
-111.299,-6.64905,GLU-87
-134.926,-38.5326,ARG-88
-59.1525,164.533,CYS-89
-76.1303,-13.2329,SER-90
-65.788,-4.86192,ASP-91
-147.877,-38.2275,SER-92
-70.9345,118.855,ASP-93
-158.471,-136.622,GLY-94
-64.9135,-44.6975,LEU-95
-69.7013,132.018,ALA-96
-66.3487,151.772,PRO-97
-69.2125,-11.9184,PRO-98
-81.7257,-43.0909,GLN-99
-71.0265,124.168,HIS-100
-86.8665,-49.6581,LEU-101
-63.5733,117.384,ILE-102
-144.923,170.571,ARG-103
-159.462,162.943,VAL-104
-161.797,-164.342,GLU-105
90.075,-60.6181,GLY-106
-59.1223,142.499,ASN-107
-64.1664,-50.7567,LEU-108
-70.1482,126.306,ARG-109
-157.067,129.211,VAL-110
-162.146,164.919,GLU-111
-104.392,124.778,TYR-112
-125.311,146.077,LEU-113
-56.6183,136.433,ASP-114
-61.9256,134.159,ASP-115
-63.1115,-31.4728,ARG-116
-104.754,-15.0856,ASN-117
-127.158,-14.792,THR-118
80.015,-12.4399,PHE-119
-69.1782,115.853,ARG-120
-61.0795,139.509,HIS-121
-169.132,155.675,SER-122
-75.5655,141.138,VAL-123
-125.953,142.198,VAL-124
-136.136,141.428,VAL-125
-48.3263,139.503,PRO-126
-85.6501,119.869,TYR-127
-106.356,120.697,GLU-128
-53.6128,146.928,PRO-129
-52.0459,133.69,PRO-130
-55.0373,156.826,GLU-131
-52.1772,144.095,VAL-132
88.705,-16.0964,GLY-133
-92.1001,164.695,SER-134
-117.137,-18.7853,ASP-135
-154.182,-178.016,CYS-136
-116.816,134.499,THR-137
-121.984,141.914,THR-138
-145.508,127.457,ILE-139
-93.1936,102.08,HIS-140
-84.216,170.864,TYR-141
-156.258,164.413,ASN-142
-149.407,155.127,TYR-143
-161.458,114.894,MET-144
-145.314,166.832,CYS-145
-106.034,114.991,ASN-146
-79.2614,-7.90207,SER-147
-75.8931,-5.67559,SER-148
-73.3786,152.023,CYS-149
-53.9846,-37.9425,MET-150
72.2568,-167.536,GLY-151
-79.4761,146.011,GLY-152
-54.3331,-25.1843,ILE-153
-133.281,94.6939,ASN-154
-59.3539,130.533,ARG-155
-148.049,160.232,ARG-156
-72.5789,149.447,PRO-157
-126.251,161.701,ILE-158
-152.628,137.72,LEU-159
-102.802,153.237,THR-160
-125.026,103.037,ILE-161
-89.1396,137.629,ILE-162
-141.187,144.605,THR-163
-89.094,125.576,LEU-164
-137.769,158.566,GLU-165
-58.9391,154.782,ASP-166
-56.0025,-22.1096,SER-167
-81.3048,0.347688,SER-168
99.5755,-12.0791,GLY-169
-62.8298,115.699,ASN-170
-56.3358,132.013,LEU-171
-115.908,-18.3443,LEU-172
155.646,170.613,GLY-173
-143.844,147.603,ARG-174
-152.629,122.397,ASN-175
-116.181,134.039,SER-176
-121.419,141.147,PHE-177
-71.8713,127.763,GLU-178
-103.913,141.447,VAL-179
-141.225,102.281,ARG-180
-82.7278,142.506,VAL-181
-171.156,179.401,CYS-182
-89.9124,-40.9694,ALA-183
-123.45,78.0168,CYS-184
-48.0565,-35.4769,PRO-185
-81.9109,-39.2562,GLY-186
-63.357,-39.3721,ARG-187
-77.8856,-33.8461,ASP-188
-53.5697,-72.8561,ARG-189
-44.7713,-46.5196,ARG-190
-46.9822,-32.881,THR-191
-104.01,-30.3696,GLU-192
-76.1248,-10.9059,GLU-193
-67.711,-18.4416,GLU-194
-89.3296,6.77983,ASN-195
-81.2115,163.903,LEU-196
-80.7841,-36.6992,ARG-197
-59.2065,152.168,LYS-198
-70.3441,157.31,LYS-199
-137.468,178.038,GLY-200
-75.0378,110.428,GLU-201
-74.8158,168.666,PRO-202
-113.382,168.158,HIS-203
-60.0886,144.938,HIS-204
-71.556,0.412977,GLU-205
-98.5781,-79.3999,LEU-206
-68.0286,131.942,PRO-207
-68.5732,-175.682,PRO-208
-52.8129,149.85,GLY-209
-96.6027,-135.676,SER-210
-90.3627,157.812,THR-211
-101.101,159.026,LYS-212
54.5917,160.296,ARG-213
-78.7778,148.388,ALA-214
-61.2918,-35.046,LEU-215
-68.8283,150.638,PRO-216
-81.4333,15.6141,ASN-217
-47.7795,117.186,ASN-218
-101.156,130.275,SER-2
-158.223,148.112,SER-3
-69.0031,140.733,VAL-4
-72.6722,138.394,PRO-5
-75.2589,148.958,SER-6
-105.384,5.77981,GLN-7
-75.7108,114.748,LYS-8
-55.1319,141.886,THR-9
-147.31,126.174,TYR-10
-89.9564,-28.2807,GLN-11
49.1752,-157.264,GLY-12
-84.1541,-30.3294,SER-13
-83.5089,-2.37924,TYR-14
69.947,38.0024,GLY-15
-62.2354,129.262,PHE-16
-139.003,168.123,ARG-17
-142.34,134.52,LEU-18
-142.458,-179.876,GLY-19
-133.299,154.366,PHE-20
-81.8396,128.58,LEU-21
-88.2325,117.409,HIS-22
-129.509,4.97728,SER-23
79.0936,-143.032,GLY-24
-117.851,3.15875,THR-25
-49.3702,147.041,ALA-26
-63.0622,-19.5936,LYS-27
-67.1734,-28.8713,SER-28
-65.3186,132.675,VAL-29
-99.0427,-8.38935,THR-30
178.382,158.747,CYS-31
-164.149,155.877,THR-32
-132.178,131.232,TYR-33
-99.1566,119.377,SER-34
-61.442,-41.4587,PRO-35
-73.0066,-14.4906,ALA-36
-113.566,-10.184,LEU-37
72.6163,-0.170527,ASN-38
-90.0421,128.907,LYS-39
-107.331,101.023,MET-40
-67.2924,123.109,PHE-41
-138.774,141.774,CYS-42
-95.5965,116.808,GLN-43
-54.1659,139.406,LEU-44
70.2966,12.2819,ALA-45
-114.611,158.549,LYS-46
-76.4009,121.094,THR-47
-115.457,102.072,CYS-48
-72.1806,113.55,PRO-49
-96.5627,138.377,VAL-50
-127.69,143.283,GLN-51
-123.111,138.532,LEU-52
-119.499,160.856,TRP-53
-147.615,142.982,VAL-54
-76.2972,-36.322,ASP-55
-142.303,137.374,SER-56
-61.5869,139.342,THR-57
-78.8122,146.659,PRO-58
-61.31,159.638,PRO-59
-67.5852,153.487,PRO-60
74.0776,32.2516,GLY-61
-100.232,162.651,THR-62
-157.79,140.169,ARG-63
-92.0858,141.286,VAL-64
-125.229,132.291,ARG-65
-115.037,154.335,ALA-66
-169.808,168.41,MET-67
-153.89,115.365,ALA-68
-88.3666,150.837,ILE-69
-114.376,142.881,TYR-70
-128.379,144.471,LYS-71
-120.397,159.367,GLN-72
-67.1431,52.323,SER-73
-173.656,-19.0406,GLN-74
-155.502,170.38,HIS-75
-140.646,-12.0875,MET-76
-81.4082,77.2303,THR-77
-162.712,168.441,GLU-78
-113.847,151.854,VAL-79
-65.6375,125.218,VAL-80
-139.213,170.092,ARG-81
-63.3686,154.076,ARG-82
-47.0026,151.795,CYS-83
-60.2079,-18.9682,PRO-84
-82.7994,-7.55496,HIS-85
-130.094,-5.37037,HIS-86
-68.3728,-10.0516,GLU-87
-134.989,-4.91546,ARG-88
-65.9804,149.04,CYS-89
-72.6014,-10.5991,SER-90
-66.1494,-16.1259,ASP-91
-98.4801,-16.8962,SER-92
-75.8059,125.444,ASP-93
-149.814,-154.896,GLY-94
-49.2494,-44.7869,LEU-95
-78.4805,127.195,ALA-96
-49.0223,161.244,PRO-97
-75.0264,-9.55199,PRO-98
-85.51,-35.251,GLN-99
-65.7244,132.592,HIS-100
-89.0643,-35.5631,LEU-101
-86.7422,104.397,ILE-102
-132.805,153.036,ARG-103
-138.655,159.069,VAL-104
-163.889,-172.625,GLU-105
71.6855,-30.89,GLY-106
-71.8901,150.751,ASN-107
-90.7574,-65.1651,LEU-108
-64.9107,78.3928,ARG-109
-116.862,139.472,VAL-110
-158.31,142.973,GLU-111
-74.3249,124.83,TYR-112
-140.614,166.641,LEU-113
-83.499,133.762,ASP-114
-67.586,112.9,ASP-115
-59.6416,-5.52057,ARG-116
-119.048,-22.599,ASN-117
-122.135,-5.23522,THR-118
62.8478,4.92074,PHE-119
-76.6739,118.052,ARG-120
-76.8474,126.239,HIS-121
-161.644,134.015,SER-122
-74.6407,125.956,VAL-123
-97.4347,129.404,VAL-124
-111.354,151.778,VAL-125
-62.1047,177.327,PRO-126
-101.965,117.635,TYR-127
-92.7233,121.159,GLU-128
-66.3759,153.308,PRO-129
-61.3856,137.091,PRO-130
-69.703,151.404,GLU-131
-55.9081,122.913,VAL-132
98.6157,-13.9752,GLY-133
-83.7667,142.715,SER-134
-78.098,-12.3009,ASP-135
-169.654,159.176,CYS-136
-58.4367,146.848,THR-137
-142.282,136.889,THR-138
-139.499,127.109,ILE-139
-94.3684,82.0147,HIS-140
-66.2967,168.187,TYR-141
-163.729,142.468,ASN-142
-144.033,140.351,TYR-143
-139.134,91.9846,MET-144
-132.167,133.467,CYS-145
-71.7991,146.461,ASN-146
-81.8946,-2.29918,SER-147
-66.2515,-26.8445,SER-148
-66.4711,-173.028,CYS-149
-80.2417,-51.5502,MET-150
83.6432,-169.865,GLY-151
-65.3102,170.716,GLY-152
-76.0341,-32.8618,ILE-153
-104.038,113.828,ASN-154
-72.4948,145.13,ARG-155
-162.347,162.741,ARG-156
-73.1233,168.157,PRO-157
-140.988,164.567,ILE-158
-150.905,153.115,LEU-159
-125.78,141.186,THR-160
-109.623,123.146,ILE-161
-116.623,129.316,ILE-162
-126.01,143.819,THR-163
-94.9868,129.649,LEU-164
-148.008,168.994,GLU-165
-80.7936,161.071,ASP-166
-78.7607,-9.85853,SER-167
-90.4621,2.05377,SER-168
98.9358,-17.2567,GLY-169
-52.9221,123.805,ASN-170
-65.7756,133.291,LEU-171
-114.967,-31.6293,LEU-172
-160.577,-179.966,GLY-173
-151.508,145.897,ARG-174
-163.998,149.054,ASN-175
-156.956,139.727,SER-176
-161.207,155.841,PHE-177
-83.2136,144.514,GLU-178
-124.599,152.687,VAL-179
-142.902,112.142,ARG-180
-88.3478,136.207,VAL-181
-165.698,178.776,CYS-182
-92.3034,-47.347,ALA-183
-110.392,94.9014,CYS-184
-68.8707,-23.2927,PRO-185
-79.1758,-33.3658,GLY-186
-66.8475,-53.46,ARG-187
-65.7309,-30.5562,ASP-188
-50.764,-60.3568,ARG-189
-67.8857,-33.9906,ARG-190
-57.2973,-37.9311,THR-191
-88.7255,-37.629,GLU-192
-74.3603,-5.90179,GLU-193
-72.2635,-30.6435,GLU-194
-71.2192,-1.22181,ASN-195
-64.8709,157.14,LEU-196
-85.0658,29.4622,ARG-197
-153.761,-176.596,LYS-198
-72.9944,128.222,LYS-199
-105.812,-170.313,GLY-200
-79.9372,130.667,GLU-201
-74.6634,152.882,PRO-202
-98.8939,-175.334,HIS-203
-42.6407,129.32,HIS-204
-62.2752,-27.0599,GLU-205
-91.5781,-51.514,LEU-206
-85.0537,154.789,PRO-207
-79.6336,-176.15,PRO-208
-66.8038,161.355,GLY-209
-82.0657,-100.744,SER-210
-148.82,150.474,THR-211
-72.2229,135.144,LYS-212
91.0048,153.811,ARG-213
-68.5927,160.223,ALA-214
-73.8739,-39.332,LEU-215
-58.046,153.688,PRO-216
-80.8654,5.91097,ASN-217
-49.2881,143.277,ASN-218
179.12,140.955,SER-2
-161.022,162.742,SER-3
-71.9311,112.668,VAL-4
-58.8735,136.199,PRO-5
-78.7729,139.728,SER-6
-87.0264,4.02587,GLN-7
-71.8862,136.333,LYS-8
-85.7438,149.8,THR-9
-176.171,115.202,TYR-10
-94.69,-22.1491,GLN-11
61.97,-149.922,GLY-12
-72.0106,-31.5551,SER-13
-105.37,-10.4361,TYR-14
103.657,4.39955,GLY-15
-38.8224,123.09,PHE-16
-144.269,165.28,ARG-17
-133.442,148.01,LEU-18
-132.899,167.462,GLY-19
-129.479,117.695,PHE-20
-78.7879,112.288,LEU-21
-84.3313,108.204,HIS-22
-105.253,18.7067,SER-23
86.6152,-156.544,GLY-24
-122.882,5.37342,THR-25
-77.4744,167.169,ALA-26
-62.998,-29.3495,LYS-27
-81.907,-5.95154,SER-28
-80.7029,135.81,VAL-29
-75.9268,-18.1723,THR-30
-176.769,149.995,CYS-31
-152.974,172.062,THR-32
-136.217,153.121,TYR-33
-114.266,108.924,SER-34
-53.801,-33.1083,PRO-35
-91.9358,5.238,ALA-36
-122.002,-15.9677,LEU-37
72.4263,18.0489,ASN-38
-116.294,126.442,LYS-39
-83.6163,121.099,MET-40
-103.092,132.595,PHE-41
-140.771,156.946,CYS-42
-82.8798,136.443,GLN-43
-71.118,112.987,LEU-44
96.0111,-14.7404,ALA-45
-70.3911,160.097,LYS-46
-73.2895,133.406,THR-47
-133.236,95.0662,CYS-48
-62.7576,110.313,PRO-49
-92.1845,125.206,VAL-50
-97.0854,129.752,GLN-51
-110.394,149.089,LEU-52
-137.093,159.837,TRP-53
-125.307,179.179,VAL-54
-101.629,-40.4785,ASP-55
-117.671,131.235,SER-56
-47.3734,112.66,THR-57
-53.0075,171.416,PRO-58
-76.9673,167.473,PRO-59
-62.1902,140.599,PRO-60
89.6814,-2.23398,GLY-61
-58.2811,164.882,THR-62
-148.799,161.306,ARG-63
-117.969,133.039,VAL-64
-117.629,148.175,ARG-65
-140.499,141.317,ALA-66
-164.538,-178.84,MET-67
-173.921,117.002,ALA-68
-91.7812,149.961,ILE-69
-117.635,142.945,TYR-70
-142.363,152.853,LYS-71
-136.535,-176.896,GLN-72
-86.3888,13.8999,SER-73
-154.69,9.10317,GLN-74
-163.859,157.309,HIS-75
-133.387,0.274137,MET-76
-88.0136,66.3261,THR-77
-149.778,168.291,GLU-78
-124.42,150.496,VAL-79
-67.3153,118.304,VAL-80
-142.264,164.439,ARG-81
-62.9208,171.771,ARG-82
-65.0807,162.235,CYS-83
-71.8288,-22.4631,PRO-84
-90.1472,-14.8489,HIS-85
-106.888,14.3431,HIS-86
-102.675,-6.95611,GLU-87
-122.9,-35.2907,ARG-88
-57.4598,158.534,CYS-89
-79.9772,11.0783,SER-90
-73.3266,-25.1684,ASP-91
-103.618,-9.75783,SER-92
-85.1456,140.922,ASP-93
171.866,-140.26,GLY-94
-49.3606,-41.6331,LEU-95
-87.4423,146.569,ALA-96
-63.6451,160.246,PRO-97
-79.1657,-9.15847,PRO-98
-77.9865,-44.7462,GLN-99
-69.1048,124.493,HIS-100
-78.4914,-38.757,LEU-101
-84.9516,121.023,ILE-102
-147.134,163.266,ARG-103
-155.018,138.663,VAL-104
-134.439,174.401,GLU-105
77.5774,-10.2774,GLY-106
-64.4213,166.658,ASN-107
-73.4198,-57.2046,LEU-108
-91.5865,138.673,ARG-109
-170.315,135.746,VAL-110
-178.612,153.019,GLU-111
-97.6802,134.245,TYR-112
-140.766,162.873,LEU-113
-74.1007,144.232,ASP-114
-63.7288,122.032,ASP-115
-62.8702,-9.95762,ARG-116
-111.954,-34.7943,ASN-117
-107.167,-20.668,THR-118
77.9904,-5.64404,PHE-119
-68.9785,130.906,ARG-120
-63.2444,157.216,HIS-121
-162.054,161.026,SER-122
-97.7531,145.047,VAL-123
-129.025,135.251,VAL-124
-119.578,155.701,VAL-125
-60.1888,153.989,PRO-126
-88.5875,80.079,TYR-127
-73.7085,113.26,GLU-128
-71.1277,142.203,PRO-129
-49.353,143.833,PRO-130
-93.9467,150.749,GLU-131
-50.2582,126.248,VAL-132
98.4721,-27.3691,GLY-133
-90.3165,140.609,SER-134
-83.5464,-35.4524,ASP-135
-149.253,156.048,CYS-136
-70.6488,127.117,THR-137
-130.487,133.653,THR-138
-129.973,134.504,ILE-139
-91.9346,76.0027,HIS-140
-60.3577,165.782,TYR-141
-159.09,158.065,ASN-142
-157.959,122.406,TYR-143
-140.471,128.342,MET-144
-177.251,152.884,CYS-145
-107.59,131.948,ASN-146
-90.4019,-5.08407,SER-147
-93.676,-0.377509,SER-148
-75.8931,171.694,CYS-149
-66.5151,-43.3921,MET-150
93.7922,172.45,GLY-151
-69.8183,150.979,GLY-152
-47.0105,-38.5551,ILE-153
-120.141,125.419,ASN-154
-63.3029,125.922,ARG-155
-161.324,154.05,ARG-156
-67.0561,155.785,PRO-157
-130.652,138.185,ILE-158
-109.877,139.304,LEU-159
-103.784,150.738,THR-160
-119.793,124.085,ILE-161
-110.59,143.279,ILE-162
-139.357,153.942,THR-163
-113.039,124.51,LEU-164
-141.602,164.369,GLU-165
-93.1675,143.64,ASP-166
-39.3139,-28.2359,SER-167
-77.3849,1.59752,SER-168
91.5785,-9.71249,GLY-169
-81.6101,125.098,ASN-170
-74.53,121.514,LEU-171
-96.3243,-33.9859,LEU-172
-160.742,156.233,GLY-173
-149.423,136.199,ARG-174
-140.03,142.171,ASN-175
-129.712,153.367,SER-176
-159.393,152.904,PHE-177
-82.5859,133.338,GLU-178
-97.3618,152.402,VAL-179
-144.217,122.176,ARG-180
-109.548,141.776,VAL-181
-163.668,-169.199,CYS-182
-86.1904,-51.8687,ALA-183
-116.192,79.6738,CYS-184
-57.6721,-27.5586,PRO-185
-63.574,-42.8224,GLY-186
-77.0938,-35.1357,ARG-187
-70.5644,-28.9266,ASP-188
-68.9598,-51.3574,ARG-189
-57.4378,-48.1751,ARG-190
-54.4572,-30.128,THR-191
-102.89,-30.9512,GLU-192
-79.8014,0.293958,GLU-193
-72.2044,-16.0534,GLU-194
-91.3536,9.43142,ASN-195
-71.1872,138.505,LEU-196
-62.3603,-49.8227,ARG-197
-75.5459,-172.028,LYS-198
-78.2001,160.92,LYS-199
-120.35,-158.005,GLY-200
-88.9824,153.909,GLU-201
-82.3578,-173.672,PRO-202
-165.298,158.998,HIS-203
-23.1862,120.865,HIS-204
-74.3726,-18.159,GLU-205
-82.6355,-60.1525,LEU-206
-65.2978,162.001,PRO-207
-82.5436,-169.143,PRO-208
-56.1387,154.867,GLY-209
-81.0986,-91.334,SER-210
-155.126,174.939,THR-211
-112.351,156.03,LYS-212
68.8804,142.186,ARG-213
-71.0197,150.57,ALA-214
-65.9577,-28.3112,LEU-215
-58.6536,153.065,PRO-216
-75.3806,14.0937,ASN-217
-63.0206,150.844,ASN-218
-104.715,146.818,SER-2
-169.62,143.08,SER-3
-61.3234,123.67,VAL-4
-68.6603,152.361,PRO-5
-55.425,137.148,SER-6
-121.243,-12.7704,GLN-7
-81.6084,123.458,LYS-8
-48.9676,145.181,THR-9
-153.653,117.148,TYR-10
-79.2325,-31.9366,GLN-11
64.0128,-166.187,GLY-12
-71.3131,-20.192,SER-13
-102.533,1.28428,TYR-14
77.5553,23.2302,GLY-15
-47.599,133.82,PHE-16
-156.023,171.043,ARG-17
-137.753,155.287,LEU-18
-151.537,-176.678,GLY-19
-139.01,137.177,PHE-20
-95.3513,117.457,LEU-21
-84.6861,94.8762,HIS-22
-81.5695,-4.38167,SER-23
131.148,-148.571,GLY-24
-135.418,-8.651,THR-25
-46.8521,132.472,ALA-26
-33.4797,-42.7371,LYS-27
-68.1434,-19.1798,SER-28
-70.9514,117.527,VAL-29
-66.552,-30.861,THR-30
-159.381,155.843,CYS-31
-157.113,146.059,THR-32
-124.58,123.986,TYR-33
-102.928,101.483,SER-34
-68.3746,-30.0525,PRO-35
-65.1669,0.647557,ALA-36
-131.867,-12.7281,LEU-37
62.5773,1.92266,ASN-38
-102.278,112.632,LYS-39
-65.519,127.202,MET-40
-110.747,111.624,PHE-41
-120.517,134.915,CYS-42
-80.5299,130.034,GLN-43
-30.6631,108.268,LEU-44
71.9599,-14.7518,ALA-45
-79.6898,157.883,LYS-46
-58.3064,114.028,THR-47
-111.249,101.087,CYS-48
-65.4668,127.988,PRO-49
-119.136,144.866,VAL-50
-119.86,138.507,GLN-51
-121.365,142.053,LEU-52
-138.339,150.863,TRP-53
-133.202,140.744,VAL-54
-85.2308,-24.1145,ASP-55
-124.053,140.721,SER-56
-60.2671,125.929,THR-57
-77.249,155.026,PRO-58
-65.7519,154.703,PRO-59
-39.4501,144.571,PRO-60
76.7477,-16.3143,GLY-61
-48.0818,152.068,THR-62
-147.704,154.427,ARG-63
-112.983,139.465,VAL-64
-123.511,145.154,ARG-65
-132.203,155.424,ALA-66
-163.716,173.916,MET-67
-151.353,128.115,ALA-68
-123.424,135.798,ILE-69
-106.4,152.097,TYR-70
-138.787,156.552,LYS-71
-136.285,171.659,GLN-72
-58.6394,10.5272,SER-73
-155.3,-41.0874,GLN-74
-98.7612,139.18,HIS-75
-117.252,-25.1132,MET-76
-82.2076,97.6942,THR-77
-176.762,167.22,GLU-78
-125.383,130.62,VAL-79
-61.2589,122.151,VAL-80
-141.697,169.248,ARG-81
-77.0646,161.424,ARG-82
-78.3527,152.229,CYS-83
-44.9119,-51.3538,PRO-84
-63.2859,4.6823,HIS-85
-160.091,21.8007,HIS-86
-92.3472,-6.87657,GLU-87
-154.294,-34.8915,ARG-88
-58.3754,158.247,CYS-89
-62.1519,-16.8773,SER-90
-74.9963,0.596632,ASP-91
-128.262,-34.661,SER-92
-68.9296,143.76,ASP-93
161.895,-145.946,GLY-94
-52.6475,-52.1385,LEU-95
-72.8861,159.499,ALA-96
-76.5918,137.052,PRO-97
-75.7164,-15.1912,PRO-98
-68.0305,-28.5522,GLN-99
-88.8342,137.359,HIS-100
-93.2853,-46.6519,LEU-101
-67.6484,98.1731,ILE-102
-121.24,156.536,ARG-103
-139.224,144.679,VAL-104
-141.122,-176.962,GLU-105
103.01,-54.3098,GLY-106
-59.3737,140.543,ASN-107
-59.4537,-59.812,LEU-108
-80.1639,131.731,ARG-109
-164.451,128.053,VAL-110
-157.672,174.817,GLU-111
-103.632,129.671,TYR-112
-133.872,168.584,LEU-113
-95.6904,138.577,ASP-114
-60.4562,124.813,ASP-115
-80.2736,1.72252,ARG-116
-111.324,-43.5977,ASN-117
-96.1992,-23.7828,THR-118
94.0681,-5.6389,PHE-119
-85.6291,125.239,ARG-120
-70.5089,166.784,HIS-121
-170.876,141.886,SER-122
-66.0139,133.826,VAL-123
-122.318,137.26,VAL-124
-134.616,148.449,VAL-125
-69.7327,160.826,PRO-126
-87.6277,105.938,TYR-127
-113.05,106.461,GLU-128
-68.2994,162.565,PRO-129
-70.2227,127.201,PRO-130
-84.7892,153.123,GLU-131
-42.4163,131.75,VAL-132
81.8194,10.013,GLY-133
-125.788,150.005,SER-134
-100.046,-23.2225,ASP-135
-158.641,173.334,CYS-136
-97.1535,101.083,THR-137
-105.883,127.494,THR-138
-132.927,138.92,ILE-139
-97.9378,95.6144,HIS-140
-75.8834,165.773,TYR-141
-160.392,157.761,ASN-142
-153.176,137.587,TYR-143
-147.185,103.571,MET-144
-132.046,124.312,CYS-145
-53.1565,122.44,ASN-146
-76.9522,-8.57447,SER-147
-90.0889,-2.69687,SER-148
-48.5646,166.185,CYS-149
-82.9401,-21.119,MET-150
73.8977,-160.638,GLY-151
-94.4715,158.894,GLY-152
-52.6947,-30.409,ILE-153
-135.598,95.366,ASN-154
-48.8699,121.33,ARG-155
-149.763,150.462,ARG-156
-73.6184,159.485,PRO-157
-134.885,128.368,ILE-158
-97.1947,136.923,LEU-159
-101.988,159.253,THR-160
-133.689,119.163,ILE-161
-98.1805,134.205,ILE-162
-127.478,133.126,THR-163
-92.964,129.975,LEU-164
-162.095,163.642,GLU-165
-76.4558,154.281,ASP-166
-53.2379,-17.6665,SER-167
-83.9806,-20.669,SER-168
107.471,-7.9346,GLY-169
-62.3739,110.619,ASN-170
-62.2798,128.322,LEU-171
-87.17,-53.3286,LEU-172
-163.989,159.117,GLY-173
-124.049,161.154,ARG-174
-162.446,139.514,ASN-175
-139.926,150.526,SER-176
-163.439,162.942,PHE-177
-97.8359,149.139,GLU-178
-123.444,152.112,VAL-179
-146.806,133.134,ARG-180
-104.19,131.669,VAL-181
-156.695,159.82,CYS-182
-65.1516,-41.7646,ALA-183
-139.418,100.229,CYS-184
-33.5842,-52.3656,PRO-185
-75.0223,-26.547,GLY-186
-82.0155,-34.4959,ARG-187
-75.37,-39.5199,ASP-188
-53.1495,-58.515,ARG-189
-57.4114,-43.6054,ARG-190
-54.7988,-51.0982,THR-191
-83.132,-40.7985,GLU-192
-68.6938,-20.1358,GLU-193
-63.7866,-7.82592,GLU-194
-81.4169,-15.2043,ASN-195
-59.7078,162.477,LEU-196
-73.2407,27.4604,ARG-197
173.972,135.813,LYS-198
-57.2638,143.406,LYS-199
-101.108,-153.892,GLY-200
-62.5741,135.768,GLU-201
-59.7283,159.023,PRO-202
-153.479,144.066,HIS-203
-44.8541,156.334,HIS-204
-94.3951,-20.346,GLU-205
-85.595,-40.1847,LEU-206
-85.9755,135.594,PRO-207
-71.8638,-168.345,PRO-208
-75.8806,178.465,GLY-209
-139.716,-156.652,SER-210
-84.2461,158.743,THR-211
-116.359,145.41,LYS-212
73.7096,158.516,ARG-213
-74.9924,159.927,ALA-214
-79.7082,-36.5406,LEU-215
-61.142,159.677,PRO-216
-79.7265,13.7596,ASN-217
-40.893,135.419,ASN-218
-155.2,151.713,SER-2
-170.776,154.207,SER-3
-66.3854,137.849,VAL-4
-68.2593,138.326,PRO-5
-65.2313,134.167,SER-6
-88.9042,-9.96525,GLN-7
-75.3157,116.925,LYS-8
-54.145,137.512,THR-9
-162.896,133.639,TYR-10
-103.198,-43.5484,GLN-11
64.0958,-156.986,GLY-12
-50.2355,-20.9059,SER-13
-114.129,-12.7532,TYR-14
90.4446,9.26054,GLY-15
-40.1468,125.942,PHE-16
-158.722,153.646,ARG-17
-133.799,118.016,LEU-18
-116.958,-164.213,GLY-19
-148.73,136.931,PHE-20
-91.9095,104.808,LEU-21
-75.0516,153.234,HIS-22
-136.764,9.91697,SER-23
103.402,-168.048,GLY-24
-135.421,6.47403,THR-25
-65.0064,146.973,ALA-26
-70.8392,-21.0337,LYS-27
-47.3213,-46.0056,SER-28
-49.8533,138.422,VAL-29
-90.5617,-29.7141,THR-30
-153.856,179.726,CYS-31
-176.72,152.274,THR-32
-114.465,140.505,TYR-33
-111.125,103.756,SER-34
-53.2674,-33.3009,PRO-35
-70.7482,-29.0953,ALA-36
-98.5929,-3.55296,LEU-37
52.3624,15.0679,ASN-38
-108.542,141.389,LYS-39
-103.204,146.503,MET-40
-119.533,106.904,PHE-41
-109.037,122.897,CYS-42
-69.3,137.899,GLN-43
-61.9674,127.786,LEU-44
83.735,-10.7289,ALA-45
-100.394,158.758,LYS-46
-77.297,134.853,THR-47
-110.76,111.878,CYS-48
-81.6618,102.962,PRO-49
-96.7118,140.085,VAL-50
-124.005,138.255,GLN-51
-120.121,134.571,LEU-52
-133.382,160.655,TRP-53
-157.738,140.115,VAL-54
-79.295,-19.4136,ASP-55
-135.65,142.03,SER-56
-69.4205,146.387,THR-57
-81.21,164.378,PRO-58
-57.7464,162.138,PRO-59
-71.2843,156.252,PRO-60
77.0993,1.9461,GLY-61
-64.1654,167.118,THR-62
-162.754,170.503,ARG-63
-140.357,127.896,VAL-64
-121.707,142.703,ARG-65
-135.076,139.933,ALA-66
-146.079,171.055,MET-67
-151.453,112.175,ALA-68
-93.4099,160.165,ILE-69
-126.245,144.452,TYR-70
-123.417,160.592,LYS-71
-134.94,178.274,GLN-72
-86.3602,51.7991,SER-73
-174.682,-21.229,GLN-74
-147.712,147.796,HIS-75
-111.55,-3.3967,MET-76
-82.4762,61.7709,THR-77
-159.101,168.349,GLU-78
-114.765,143.811,VAL-79
-53.7408,139.284,VAL-80
-160.814,162.582,ARG-81
-85.9035,160.444,ARG-82
-60.1557,166.557,CYS-83
-59.8327,-22.02,PRO-84
-95.4376,16.489,HIS-85
-147.762,1.49079,HIS-86
-81.6186,-14.2687,GLU-87
-173.85,102.639,ARG-88
-177.758,160.56,CYS-89
-76.1808,5.51998,SER-90
-88.1627,-5.88843,ASP-91
-144.015,-35.1573,SER-92
-71.399,147.896,ASP-93
-177.028,-117.474,GLY-94
-67.6116,-44.98,LEU-95
-80.7157,143.599,ALA-96
-68.0089,147.244,PRO-97
-83.2423,-8.14845,PRO-98
-77.5769,-37.2298,GLN-99
-58.8009,125.889,HIS-100
-85.9546,-42.2124,LEU-101
-69.002,118.893,ILE-102
-139.813,159.162,ARG-103
-138.133,-176.229,VAL-104
-159.026,-160.171,GLU-105
88.1169,-35.9579,GLY-106
-79.236,153.7,ASN-107
-59.2319,-58.7437,LEU-108
-84.8526,146.646,ARG-109
-167.97,136.282,VAL-110
-165.985,162.038,GLU-111
-100.864,134.977,TYR-112
-133.451,155.575,LEU-113
-79.0824,127.411,ASP-114
-65.1314,130.246,ASP-115
-60.7455,-4.81871,ARG-116
-123.267,-57.6364,ASN-117
-84.6758,-20.6599,THR-118
84.7666,-9.38184,PHE-119
-60.9091,112.736,ARG-120
-51.731,132.64,HIS-121
-166.521,145.09,SER-122
-64.8849,135.579,VAL-123
-126.891,145.862,VAL-124
-129.193,146.869,VAL-125
-39.0524,156.63,PRO-126
-87.7897,108.327,TYR-127
-104.493,125.745,GLU-128
-74.6672,165.105,PRO-129
-62.1468,174.271,PRO-130
-175.97,154.723,GLU-131
-51.4383,129.171,VAL-132
98.9846,-11.1583,GLY-133
-128.434,167.825,SER-134
-125.495,-52.9603,ASP-135
-87.468,175.681,CYS-136
-83.4433,137.57,THR-137
-113.692,147.786,THR-138
-122.79,142.149,ILE-139
-105.265,89.2268,HIS-140
-74.7753,152.183,TYR-141
-140.77,148.098,ASN-142
-147.044,134.773,TYR-143
-147.241,109.602,MET-144
-163.884,115.731,CYS-145
-45.0938,133.876,ASN-146
-82.9738,-1.36123,SER-147
-93.726,1.13357,SER-148
-76.0699,173.777,CYS-149
-74.268,-26.2377,MET-150
54.496,165.044,GLY-151
-67.7582,164.608,GLY-152
-52.9896,-45.9112,ILE-153
-115.652,82.605,ASN-154
-25.0338,137.564,ARG-155
-165.76,159.228,ARG-156
-79.942,136.85,PRO-157
-111.132,134.422,ILE-158
-109.845,139.458,LEU-159
-102.562,157.887,THR-160
-137.709,115.589,ILE-161
-104.381,150.073,ILE-162
-151.079,147.117,THR-163
-95.5829,131.066,LEU-164
-147.526,150.588,GLU-165
-64.8877,149.771,ASP-166
-70.6209,-8.60742,SER-167
-75.4221,-5.80238,SER-168
106.503,-4.4896,GLY-169
-71.0252,118.88,ASN-170
-58.681,140.254,LEU-171
-132.622,0.523934,LEU-172
154.488,172.696,GLY-173
-142.681,145.611,ARG-174
-154.187,131.395,ASN-175
-135.798,164.9,SER-176
-173.975,160.801,PHE-177
-81.6225,130.543,GLU-178
-82.4799,138.035,VAL-179
-136.215,138.72,ARG-180
-101.231,146.491,VAL-181
-168.09,165.365,CYS-182
-74.2457,-51.6562,ALA-183
-115.625,98.7851,CYS-184
-72.7219,-29.7919,PRO-185
-71.0671,-37.5892,GLY-186
-59.4969,-56.9706,ARG-187
-63.607,-32.0023,ASP-188
-62.7627,-59.518,ARG-189
-60.1527,-35.9531,ARG-190
-55.4007,-38.1223,THR-191
-96.9754,-31.3086,GLU-192
-73.4315,-18.1414,GLU-193
-41.5777,-29.5827,GLU-194
-90.9492,7.65803,ASN-195
-68.7437,154.206,LEU-196
-70.9376,-43.2954,ARG-197
-72.2567,169.443,LYS-198
-72.2176,130.132,LYS-199
-75.5174,-157.902,GLY-200
-73.9442,167.182,GLU-201
-70.5225,177.209,PRO-202
-164.971,147.42,HIS-203
-46.0282,124.538,HIS-204
-84.1988,-28.2939,GLU-205
-54.1458,-51.6558,LEU-206
-67.4256,136.023,PRO-207
-84.4081,-168.513,PRO-208
-74.3964,154.587,GLY-209
-93.9573,-93.3759,SER-210
-148.503,166.172,THR-211
-105.36,151.826,LYS-212
65.3492,149.816,ARG-213
-79.1324,164.841,ALA-214
-82.0272,-20.7529,LEU-215
-86.914,151.108,PRO-216
-80.9704,39.1947,ASN-217
-62.7057,107.828,ASN-218
-111.245,159.219,SER-2
-174.073,148.134,SER-3
-68.0231,115.452,VAL-4
-53.8342,146.731,PRO-5
-103.521,142.413,SER-6
-93.6563,-15.9641,GLN-7
-55.3418,107.557,LYS-8
-45.1817,133.19,THR-9
-152.05,140.164,TYR-10
-74.0771,-38.3472,GLN-11
71.9627,-175.63,GLY-12
-63.457,-19.5842,SER-13
-97.614,-7.17677,TYR-14
72.9251,39.9912,GLY-15
-62.0742,135.211,PHE-16
-153.727,-177.859,ARG-17
-140.614,137.573,LEU-18
-139.316,-154.16,GLY-19
-134.547,145.798,PHE-20
-58.1582,129.121,LEU-21
-87.4407,126.224,HIS-22
-132.975,-6.24387,SER-23
113.964,-172.119,GLY-24
-125.095,2.21386,THR-25
-57.5372,152.772,ALA-26
-68.9049,-13.2528,LYS-27
-81.7816,-9.56638,SER-28
-100.015,139.455,VAL-29
-78.5481,-22.6466,THR-30
-154.716,166.901,CYS-31
-169.691,151.899,THR-32
-137.173,132.937,TYR-33
-109.448,106.372,SER-34
-71.0609,-30.303,PRO-35
-72.4327,-20.1052,ALA-36
-113.964,-17.8811,LEU-37
78.9123,-4.96024,ASN-38
-90.3884,126.41,LYS-39
-84.5996,138.232,MET-40
-114.742,114.719,PHE-41
-105.663,126.142,CYS-42
-73.8642,124.081,GLN-43
-47.4216,122.248,LEU-44
65.7682,-9.296,ALA-45
-88.0777,151.628,LYS-46
-67.2682,109.951,THR-47
-88.8267,118.063,CYS-48
-88.4524,111.287,PRO-49
-92.8349,135.929,VAL-50
-122.048,143.036,GLN-51
-120.806,138.307,LEU-52
-121.041,160.584,TRP-53
-138.333,142.518,VAL-54
-84.3316,-21.9239,ASP-55
-139.84,146.641,SER-56
-60.1992,137.435,THR-57
-69.2564,157.927,PRO-58
-64.5874,175.006,PRO-59
-73.5466,178.844,PRO-60
56.7709,13.6619,GLY-61
-73.8265,167.381,THR-62
-149.591,167.14,ARG-63
-116.821,151.987,VAL-64
-144.654,146.951,ARG-65
-155.881,149.6,ALA-66
-163.038,178.669,MET-67
-166.291,112.775,ALA-68
-98.1428,146.752,ILE-69
-118.748,147.446,TYR-70
-146.838,164.653,LYS-71
-140.624,173.903,GLN-72
-66.0505,-26.531,SER-73
-95.1309,-6.89541,GLN-74
-148.888,154.435,HIS-75
-106.768,-34.4021,MET-76
-85.5964,70.0601,THR-77
-137.695,165.526,GLU-78
-107.139,162.736,VAL-79
-74.8125,121.527,VAL-80
-120.793,164.492,ARG-81
-58.836,165.63,ARG-82
-75.0646,150.923,CYS-83
-51.7804,-53.0608,PRO-84
-63.8152,-15.0018,HIS-85
-114.509,2.87095,HIS-86
-77.3242,-2.47022,GLU-87
-162.946,-39.6946,ARG-88
-49.0328,165.834,CYS-89
-54.4653,-31.0438,SER-90
-65.6794,8.79944,ASP-91
-143.964,-23.7744,SER-92
-74.6489,162.424,ASP-93
134.167,-154.356,GLY-94
-54.5111,-42.7871,LEU-95
-86.5728,153.919,ALA-96
-56.7262,139.275,PRO-97
-72.1181,-12.7135,PRO-98
-68.8012,-38.3099,GLN-99
-82.2031,144.346,HIS-100
-98.3279,-33.9339,LEU-101
-84.0977,125.051,ILE-102
-135.508,158.984,ARG-103
-143.133,163.365,VAL-104
-162.972,178.765,GLU-105
91.0124,-43.7072,GLY-106
-75.1943,117.813,ASN-107
-43.8416,-38.8921,LEU-108
-98.9205,125.091,ARG-109
-154.725,135.509,VAL-110
-162.85,163.067,GLU-111
-117.114,138.237,TYR-112
-156.251,170.681,LEU-113
-75.8526,128.797,ASP-114
-69.3185,136.232,ASP-115
-87.0831,24.1746,ARG-116
-141.543,-24.3772,ASN-117
-110.166,-15.8568,THR-118
70.1311,-8.04893,PHE-119
-63.9044,132.171,ARG-120
-70.8522,136.539,HIS-121
-158.054,146.335,SER-122
-70.4124,145.14,VAL-123
-137.947,134.957,VAL-124
-132.673,149.217,VAL-125
-55.75,140.855,PRO-126
-72.9553,132.11,TYR-127
-124.237,107.716,GLU-128
-64.9202,155.773,PRO-129
-69.8929,169.425,PRO-130
-166.955,161.128,GLU-131
-42.6083,125.578,VAL-132
87.7611,5.10217,GLY-133
-156.605,146.277,SER-134
-108.573,-8.33027,ASP-135
-159.1,155.977,CYS-136
-55.5168,135.36,THR-137
-127.986,120.526,THR-138
-119.908,126.154,ILE-139
-104.235,70.6634,HIS-140
-61.6329,158.382,TYR-141
-161.912,158.643,ASN-142
-160.88,135.221,TYR-143
-145.387,102.989,MET-144
-140.061,141.773,CYS-145
-89.0946,121.072,ASN-146
-73.8457,-3.26449,SER-147
-82.2518,-6.45675,SER-148
-75.0366,-168.818,CYS-149
-77.121,-42.3735,MET-150
74.1039,-162.685,GLY-151
-88.2015,172.742,GLY-152
-63.1686,-24.2658,ILE-153
-148.791,119.975,ASN-154
-74.0348,135.171,ARG-155
-149.349,170.033,ARG-156
-69.8927,166.986,PRO-157
-129.846,156.304,ILE-158
-147.314,140.073,LEU-159
-97.5011,148.367,THR-160
-104.433,127.948,ILE-161
-119.378,135.778,ILE-162
-130.319,151.304,THR-163
-99.9674,135.938,LEU-164
-140.055,167.017,GLU-165
-88.0049,153.578,ASP-166
-68.9303,-6.80594,SER-167
-79.9529,0.331145,SER-168
86.5158,7.86972,GLY-169
-67.8019,124.848,ASN-170
-76.3889,131.803,LEU-171
-120.237,-18.5814,LEU-172
-179.815,157.995,GLY-173
-145.116,156.093,ARG-174
-148.813,173.166,ASN-175
-158.585,148.513,SER-176
-148.369,142.884,PHE-177
-60.5526,128.679,GLU-178
-116.187,154.787,VAL-179
-151.238,142.14,ARG-180
-115.15,140.296,VAL-181
-162.009,-177.701,CYS-182
-101.456,-36.9311,ALA-183
-118.92,75.6806,CYS-184
-52.2952,-13.7955,PRO-185
-89.6365,-39.4045,GLY-186
-56.6975,-57.0246,ARG-187
-63.8594,-35.6915,ASP-188
-60.126,-53.4731,ARG-189
-59.7098,-52.7576,ARG-190
-41.9637,-49.2723,THR-191
-90.0857,-22.5184,GLU-192
-96.2634,-20.0658,GLU-193
-65.2599,-19.5132,GLU-194
-79.3176,0.572108,ASN-195
-67.5944,154.177,LEU-196
-77.9057,-21.646,ARG-197
-103.935,177.322,LYS-198
-57.9697,150.545,LYS-199
-113.526,-178.439,GLY-200
-84.1475,153.828,GLU-201
-73.9449,149.364,PRO-202
-130.097,145.674,HIS-203
-59.7948,147.867,HIS-204
-86.3645,-19.1007,GLU-205
-70.0643,-64.1138,LEU-206
-73.1877,157.484,PRO-207
-90.1066,-161.268,PRO-208
-77.6525,-178.243,GLY-209
-112.633,-107.139,SER-210
-131.202,161.358,THR-211
-101.284,156.202,LYS-212
69.0812,142.836,ARG-213
-60.7353,159.913,ALA-214
-64.0585,-45.2372,LEU-215
-64.8986,146.732,PRO-216
-69.3219,25.9076,ASN-217
-54.752,135.19,ASN-218
-143.643,136.767,SER-2
-156.984,146.963,SER-3
-61.3324,121.26,VAL-4
-71.2889,139.938,PRO-5
-68.7159,140.863,SER-6
-97.6775,-12.0734,GLN-7
-68.9111,123.625,LYS-8
-50.9771,134.247,THR-9
-155.542,121.79,TYR-10
-77.4276,-34.2811,GLN-11
64.6541,173.03,GLY-12
-66.047,-10.1249,SER-13
-104.754,-7.47343,TYR-14
91.0447,18.2293,GLY-15
-67.4367,132.331,PHE-16
-150.948,162.246,ARG-17
-135.623,154.878,LEU-18
-151.15,171.898,GLY-19
-128.016,138.57,PHE-20
-91.0389,114.687,LEU-21
-74.8522,85.3894,HIS-22
-83.6979,-9.39896,SER-23
108.279,-160.418,GLY-24
-110.493,-12.2465,THR-25
-54.6644,146.091,ALA-26
-53.0379,-30.0966,LYS-27
-78.658,-18.9007,SER-28
-65.7115,129.767,VAL-29
-79.942,-27.2701,THR-30
-150.929,149.276,CYS-31
-143.275,159.013,THR-32
-139.48,129.209,TYR-33
-99.1078,107.392,SER-34
-41.3081,-49.6684,PRO-35
-65.8773,-25.4228,ALA-36
-103.407,-22.0251,LEU-37
77.9865,-5.3666,ASN-38
-79.986,118.334,LYS-39
-80.9026,126.295,MET-40
-116.132,118.716,PHE-41
-123.566,153.708,CYS-42
-104.147,133.958,GLN-43
-72.2866,128.217,LEU-44
53.8633,33.7029,ALA-45
-108.654,157.408,LYS-46
-76.686,127.051,THR-47
-125.9,99.838,CYS-48
-62.1889,139.932,PRO-49
-132.29,137.05,VAL-50
-124.979,155.66,GLN-51
-145.693,135.622,LEU-52
-132.784,160.977,TRP-53
-140.1,147.077,VAL-54
-80.3251,-5.16242,ASP-55
-160.886,159.586,SER-56
-76.8826,105.315,THR-57
-65.5208,165.731,PRO-58
-58.0897,159.044,PRO-59
-63.8725,139.704,PRO-60
92.1793,20.4122,GLY-61
-88.4427,159.039,THR-62
-158.659,153.612,ARG-63
-110.343,139.953,VAL-64
-144.695,133.348,ARG-65
-114.722,150.135,ALA-66
-166.868,172.016,MET-67
-158.031,135.725,ALA-68
-115.306,157.987,ILE-69
-121.879,89.4379,TYR-70
-73.6748,137.625,LYS-71
-135.93,-174.212,GLN-72
-69.2044,-7.96716,SER-73
-130.968,7.6487,GLN-74
-167.895,160.191,HIS-75
-126.439,-3.69182,MET-76
-89.3889,105.633,THR-77
176.491,154.882,GLU-78
-103.851,152.219,VAL-79
-73.3671,125.626,VAL-80
-143.115,137.872,ARG-81
-51.488,150.825,ARG-82
-70.9239,173.594,CYS-83
-70.8358,-23.9738,PRO-84
-72.7768,-13.9093,HIS-85
-116.267,5.88009,HIS-86
-93.96,-5.42014,GLU-87
-153.2,-2.06762,ARG-88
-80.1848,159.353,CYS-89
-58.2741,-14.8673,SER-90
-83.9241,12.6948,ASP-91
-142.553,-32.1592,SER-92
-75.4733,135.334,ASP-93
174.631,-121.237,GLY-94
-58.9488,-45.3825,LEU-95
-71.0819,143.308,ALA-96
-75.659,140.628,PRO-97
-70.6307,-25.0954,PRO-98
-72.1619,-19.5058,GLN-99
-78.1485,125.166,HIS-100
-83.0136,-33.8196,LEU-101
-83.5427,104.144,ILE-102
-127.766,158.429,ARG-103
-147.364,160.413,VAL-104
-153.981,-157.469,GLU-105
94.6085,-71.8826,GLY-106
-62.3257,128.356,ASN-107
-53.9606,-44.763,LEU-108
-83.9016,144.13,ARG-109
175.778,137.437,VAL-110
-163.385,169.194,GLU-111
-99.056,140.446,TYR-112
-141.8,143.145,LEU-113
-63.8437,114.23,ASP-114
-43.4953,130.195,ASP-115
-93.7994,56.4442,ARG-116
-168.508,-37.9529,ASN-117
-107.576,-18.516,THR-118
89.2689,-14.1215,PHE-119
-77.8161,126.162,ARG-120
-71.2234,117.345,HIS-121
-153.376,143.262,SER-122
-68.2687,125.656,VAL-123
-117.552,143.426,VAL-124
-150.006,135.391,VAL-125
-56.3811,143.921,PRO-126
-76.3141,121.451,TYR-127
-119.963,115.34,GLU-128
-70.5771,169.339,PRO-129
-55.4136,171.616,PRO-130
-163.496,170.07,GLU-131
-40.7765,133.56,VAL-132
93.6403,16.0213,GLY-133
-160.111,176.836,SER-134
-146.701,-15.2643,ASP-135
-140.247,176.212,CYS-136
-95.6952,134.972,THR-137
-114.75,160.75,THR-138
-156.324,140.922,ILE-139
-121.881,86.9205,HIS-140
-74.598,162.532,TYR-141
-155.596,145.823,ASN-142
-139.912,149.13,TYR-143
-142.98,107.513,MET-144
-164.722,121.822,CYS-145
-69.7465,117.347,ASN-146
-62.8943,2.39867,SER-147
-102.079,12.3949,SER-148
-81.0941,-173.054,CYS-149
-79.2337,-43.7153,MET-150
77.2349,-157.785,GLY-151
-88.319,169.967,GLY-152
-59.9283,-36.0192,ILE-153
-124.447,120.137,ASN-154
-73.1594,111.491,ARG-155
-135.829,162.432,ARG-156
-89.3879,168.45,PRO-157
-126.065,135.807,ILE-158
-115.183,140.207,LEU-159
-99.196,157.951,THR-160
-121.1,111.014,ILE-161
-97.0369,135.237,ILE-162
-136.029,143.635,THR-163
-112.065,134.861,LEU-164
-156.006,165.076,GLU-165
-77.6388,163.235,ASP-166
-61.6114,0.760556,SER-167
-84.77,-20.8695,SER-168
101.41,-12.0642,GLY-169
-60.5448,121.024,ASN-170
-75.2198,105.771,LEU-171
-79.9561,-28.55,LEU-172
-178.279,160.482,GLY-173
-137.058,152.143,ARG-174
-166.15,140.234,ASN-175
-143.562,151.628,SER-176
-160.25,147.616,PHE-177
-77.3419,117.253,GLU-178
-94.2453,142.865,VAL-179
-139.059,143.502,ARG-180
-119.699,136.763,VAL-181
-149.831,-174.469,CYS-182
-85.0013,-51.4121,ALA-183
-111.118,88.1949,CYS-184
-52.3417,-35.2297,PRO-185
-71.3529,-30.3251,GLY-186
-72.7249,-51.2249,ARG-187
-62.7568,-52.9318,ASP-188
-44.6296,-60.7178,ARG-189
-42.3206,-40.4776,ARG-190
-64.95,-63.5196,THR-191
-73.8414,-22.5975,GLU-192
-85.2931,0.73993,GLU-193
-70.1583,-11.3118,GLU-194
-99.1832,-4.92802,ASN-195
-61.4973,164.3,LEU-196
-81.5983,-48.8573,ARG-197
-70.0503,160.023,LYS-198
-58.9273,144.156,LYS-199
-87.3167,176.923,GLY-200
-75.5913,141.252,GLU-201
-66.0457,151.525,PRO-202
-134.172,-173.751,HIS-203
-73.2731,130.921,HIS-204
-69.9471,-26.9584,GLU-205
-73.3748,-46.4751,LEU-206
-82.2593,138.878,PRO-207
-83.3003,-176.916,PRO-208
-64.4672,164.961,GLY-209
-99.1234,-120.698,SER-210
-126.761,151.31,THR-211
-85.3165,152.851,LYS-212
72.8524,145.564,ARG-213
-73.4004,161.28,ALA-214
-81.2584,-40.8234,LEU-215
-49.0181,152.95,PRO-216
-84.3642,6.08352,ASN-217
-38.9608,104.869,ASN-218
-94.4587,136.452,SER-2
-158.057,147.464,SER-3
-72.1187,119.269,VAL-4
-75.3904,157.657,PRO-5
-87.6053,154.584,SER-6
-106.604,-2.31803,GLN-7
-70.8815,114.224,LYS-8
-55.8688,135.448,THR-9
-154.608,137.023,TYR-10
-91.5803,-46.9882,GLN-11
67.4639,-155.573,GLY-12
-65.388,-12.6062,SER-13
-119.51,-3.65377,TYR-14
70.4689,17.7806,GLY-15
-51.5978,131.695,PHE-16
-158.714,170.383,ARG-17
-153.975,131.433,LEU-18
-129.087,-155.252,GLY-19
-142.547,138.691,PHE-20
-82.5663,123.484,LEU-21
-79.6586,131.967,HIS-22
-119.478,-17.9602,SER-23
130.949,-141.481,GLY-24
-156.941,5.01291,THR-25
-78.4629,160.524,ALA-26
-40.3903,-42.0407,LYS-27
-53.7667,-24.4658,SER-28
-86.3884,137.563,VAL-29
-75.5212,-36.4713,THR-30
-157.474,153.284,CYS-31
-144.152,144.261,THR-32
-112.769,139.219,TYR-33
-98.1133,108.537,SER-34
-50.1571,-46.9812,PRO-35
-59.1507,-39.2002,ALA-36
-91.4482,-5.80298,LEU-37
58.84,15.0541,ASN-38
-109.794,127.663,LYS-39
-92.5224,113.553,MET-40
-94.9145,121.499,PHE-41
-113.145,130.415,CYS-42
-75.9057,122.864,GLN-43
-51.9173,127.484,LEU-44
84.3109,-8.74566,ALA-45
-81.5858,139.066,LYS-46
-77.8033,132.148,THR-47
-131.429,114.574,CYS-48
-72.5577,118.05,PRO-49
-96.4069,134.069,VAL-50
-123.455,144.705,GLN-51
-128.162,124.411,LEU-52
-109.414,159.391,TRP-53
-139.018,159.434,VAL-54
-92.4745,-37.7848,ASP-55
-133.644,148.886,SER-56
-71.7738,131.366,THR-57
-86.5842,162.276,PRO-58
-76.8199,156.028,PRO-59
-51.0572,163.513,PRO-60
71.0826,11.4743,GLY-61
-82.5915,160.991,THR-62
-152.662,138.623,ARG-63
-89.6697,141.188,VAL-64
-122.712,138.345,ARG-65
-113.508,127.475,ALA-66
-140.139,176.296,MET-67
-154.06,130.841,ALA-68
-113.996,148.989,ILE-69
-120.133,133.382,TYR-70
-111.695,133.658,LYS-71
-131.09,174.9,GLN-72
-56.9597,-30.6692,SER-73
-134.648,26.0199,GLN-74
-153.211,162.244,HIS-75
-136.721,-20.0788,MET-76
-73.637,71.5107,THR-77
-142.37,164.972,GLU-78
-120.429,160.608,VAL-79
-74.0469,125.31,VAL-80
-138.539,165.618,ARG-81
-85.1428,165.69,ARG-82
-50.1271,158.309,CYS-83
-70.214,-48.2475,PRO-84
-68.0772,0.865798,HIS-85
-129.607,-1.11511,HIS-86
-77.0569,-13.5645,GLU-87
-129.675,-28.8017,ARG-88
-67.1207,157.109,CYS-89
-72.1701,-18.126,SER-90
-53.636,-26.6666,ASP-91
-109.935,-7.34018,SER-92
-74.4518,138.018,ASP-93
-167.653,-136.374,GLY-94
-54.2681,-50.2047,LEU-95
-66.473,148.264,ALA-96
-63.1854,141.851,PRO-97
-52.7483,-15.5565,PRO-98
-82.553,-35.764,GLN-99
-77.837,125.587,HIS-100
-90.3059,-48.0935,LEU-101
-62.9499,112.588,ILE-102
-136.438,163.923,ARG-103
-142.653,171.14,VAL-104
-158.336,-175.113,GLU-105
88.416,-41.5486,GLY-106
-60.1665,137.418,ASN-107
-63.3896,-23.1168,LEU-108
-112.891,142.041,ARG-109
-167.392,140.411,VAL-110
-179.354,168.073,GLU-111
-98.5369,125.945,TYR-112
-137.741,133.09,LEU-113
-70.886,123.752,ASP-114
-69.7997,148.946,ASP-115
-96.6514,-1.64819,ARG-116
-110.245,-17.0653,ASN-117
-128.514,-16.824,THR-118
75.5502,-8.68457,PHE-119
-64.2852,124.652,ARG-120
-74.1892,140.983,HIS-121
-156.602,150.99,SER-122
-67.6532,136.894,VAL-123
-125.144,145.202,VAL-124
-139.599,151.914,VAL-125
-63.6085,154.442,PRO-126
-75.742,107.286,TYR-127
-93.28,111.739,GLU-128
-54.4094,143.521,PRO-129
-63.9575,-169.968,PRO-130
-155.37,169.588,GLU-131
-46.6861,122.824,VAL-132
110.037,-8.60069,GLY-133
-144.466,164.025,SER-134
-130.276,-12.5464,ASP-135
-137.963,154.617,CYS-136
-89.278,135.366,THR-137
-125.456,124.665,THR-138
-120.094,156.9,ILE-139
-111.082,79.6819,HIS-140
-70.2458,166.375,TYR-141
-165.289,127.908,ASN-142
-128.562,135.108,TYR-143
-131.472,119.261,MET-144
-158.152,145.825,CYS-145
-82.8206,135.676,ASN-146
-85.2865,-10.4905,SER-147
-83.3008,-2.94428,SER-148
-68.3259,-174.602,CYS-149
-76.5044,-54.5677,MET-150
91.5463,-145.064,GLY-151
-92.2315,155.946,GLY-152
-58.1133,-23.5218,ILE-153
-138.97,101.802,ASN-154
-51.1084,134.225,ARG-155
-160.705,160.132,ARG-156
-81.4566,147.967,PRO-157
-117.249,146.087,ILE-158
-141.007,139.003,LEU-159
-103.94,147.105,THR-160
-114.138,129.31,ILE-161
-113.668,124.266,ILE-162
-120.309,161.418,THR-163
-119.835,136.935,LEU-164
-152.016,164.762,GLU-165
-79.0382,156.922,ASP-166
-62.7188,-16.3767,SER-167
-82.6,-0.501382,SER-168
92.0147,6.58406,GLY-169
-74.0398,104.71,ASN-170
-79.4742,127.424,LEU-171
-92.1372,-24.5673,LEU-172
175.785,161.174,GLY-173
-134.491,156.272,ARG-174
-161.592,124.435,ASN-175
-124.038,156.525,SER-176
-154.049,143.326,PHE-177
-60.6079,128.685,GLU-178
-99.6583,145.642,VAL-179
-147.628,122.09,ARG-180
-98.9104,121.538,VAL-181
-144.079,173.478,CYS-182
-86.9087,-33.7275,ALA-183
-136.834,95.8986,CYS-184
-58.7193,-35.1051,PRO-185
-75.079,-37.0488,GLY-186
-58.2462,-51.4465,ARG-187
-66.5103,-49.355,ASP-188
-44.0647,-62.6981,ARG-189
-50.1672,-45.0587,ARG-190
-52.7611,-40.8447,THR-191
-88.0195,-32.1461,GLU-192
-84.3433,-14.1501,GLU-193
-66.396,-14.0873,GLU-194
-66.8988,-36.3599,ASN-195
-58.5122,138.216,LEU-196
-83.3227,6.52652,ARG-197
-110.704,156.527,LYS-198
-78.6295,145.293,LYS-199
-105.327,-158.604,GLY-200
-83.1512,154.689,GLU-201
-76.7983,152.625,PRO-202
-148.679,155.869,HIS-203
-24.6269,107.318,HIS-204
-77.1785,-12.2675,GLU-205
-81.7924,-60.9953,LEU-206
-71.5517,140.364,PRO-207
-77.0015,-173.115,PRO-208
-65.7485,175.643,GLY-209
-128.524,-106.879,SER-210
-133.919,155.977,THR-211
-105.651,162.462,LYS-212
63.3881,154.574,ARG-213
-83.3233,146.068,ALA-214
-57.6894,-36.8796,LEU-215
-72.9291,159.036,PRO-216
-88.3692,12.6971,ASN-217
-54.7495,117.046,ASN-218
-176.77,148.719,SER-2
-174.572,154.246,SER-3
-76.915,130.463,VAL-4
-59.1012,155.404,PRO-5
-62.1861,135.915,SER-6
-111.133,-3.99082,GLN-7
-63.6536,127.593,LYS-8
-64.3054,141.167,THR-9
-155.847,143.23,TYR-10
-115.363,-47.3218,GLN-11
68.7528,-156.574,GLY-12
-69.5206,-33.4982,SER-13
-83.0364,-12.5185,TYR-14
68.5195,41.4492,GLY-15
-58.9113,142.686,PHE-16
-168.753,143.735,ARG-17
-128.258,135.661,LEU-18
-145.132,-144.593,GLY-19
-158.07,140.694,PHE-20
-84.2637,108.75,LEU-21
-94.3962,137.797,HIS-22
-137.547,4.71939,SER-23
136.124,-164.769,GLY-24
-113.203,-8.82213,THR-25
-51.3816,155.449,ALA-26
-60.5079,-10.7276,LYS-27
-69.775,-30.9926,SER-28
-80.7965,131.537,VAL-29
-96.7755,-9.56375,THR-30
-174.094,155.348,CYS-31
-156.745,152.927,THR-32
-117.117,134.626,TYR-33
-117.695,96.7682,SER-34
-68.3693,-35.4176,PRO-35
-62.8578,-13.4719,ALA-36
-115.353,-19.6635,LEU-37
62.8928,41.8428,ASN-38
-124.829,141.805,LYS-39
-104.732,143.724,MET-40
-130.709,127.981,PHE-41
-117.872,117.634,CYS-42
-66.3195,130.016,GLN-43
-51.8358,133.373,LEU-44
78.2017,-33.3964,ALA-45
-59.8198,139.829,LYS-46
-62.8605,125.511,THR-47
-101.824,123.849,CYS-48
-78.4699,109.996,PRO-49
-108.655,139.363,VAL-50
-134.484,149.204,GLN-51
-142.046,156.251,LEU-52
-149.032,151.211,TRP-53
-152.883,126.261,VAL-54
-80.9803,-20.8913,ASP-55
-141.084,149.277,SER-56
-79.8835,132.174,THR-57
-61.828,157.77,PRO-58
-68.7926,166.849,PRO-59
-80.354,170.192,PRO-60
80.0225,-18.36,GLY-61
-63.4557,152.641,THR-62
-139.053,159.737,ARG-63
-112.101,142.933,VAL-64
-127.466,157.191,ARG-65
-142.632,122.887,ALA-66
-123.245,151.853,MET-67
-129.507,105.82,ALA-68
-83.0793,159.447,ILE-69
-129.059,133.973,TYR-70
-122.068,130.042,LYS-71
-142.686,153.691,GLN-72
-36.2666,-39.2942,SER-73
-110.467,-5.48854,GLN-74
-149.037,142.598,HIS-75
-127.369,-16.9756,MET-76
-83.5802,85.6002,THR-77
-155.026,165.993,GLU-78
-128.953,161.659,VAL-79
-70.8494,130.821,VAL-80
-148.492,157.995,ARG-81
-70.656,149.278,ARG-82
-54.7233,152.752,CYS-83
-58.7161,-41.2483,PRO-84
-65.1409,-25.718,HIS-85
-104.462,22.7159,HIS-86
-90.2314,-18.0712,GLU-87
-151.775,-2.21508,ARG-88
-80.615,158.967,CYS-89
-60.5641,-29.2099,SER-90
-56.9622,-23.0416,ASP-91
-125.891,-15.9515,SER-92
-78.3058,79.4401,ASP-93
-85.6866,-140.643,GLY-94
-76.7912,-27.9721,LEU-95
-79.0522,139.508,ALA-96
-59.5047,142.164,PRO-97
-75.4118,-7.07219,PRO-98
-79.3357,-28.2233,GLN-99
-74.0302,126.487,HIS-100
-86.4395,-38.0914,LEU-101
-80.7193,130.161,ILE-102
-139.576,176.301,ARG-103
-163.02,153.019,VAL-104
-161.095,-176.752,GLU-105
84.3672,-41.9709,GLY-106
-47.2832,126.386,ASN-107
-74.9468,-8.69388,LEU-108
-128.426,150.036,ARG-109
-172.437,129.299,VAL-110
-154.563,166.366,GLU-111
-112.979,143.038,TYR-112
-148.66,150.635,LEU-113
-64.6035,114.291,ASP-114
-42.3615,123.973,ASP-115
-68.1868,-10.3073,ARG-116
-99.1719,-37.6173,ASN-117
-114.723,-33.3113,THR-118
99.2476,-15.639,PHE-119
-52.7533,98.7819,ARG-120
-58.4209,105.499,HIS-121
-144.246,155.537,SER-122
-69.1311,137.067,VAL-123
-131.472,145.364,VAL-124
-132.826,135.36,VAL-125
-63.8983,149.574,PRO-126
-81.6931,108.902,TYR-127
-90.5782,112.152,GLU-128
-53.5488,143.291,PRO-129
-72.4893,158.316,PRO-130
-154.2,178.022,GLU-131
-52.3947,117.378,VAL-132
90.4372,17.2195,GLY-133
-149.061,168.24,SER-134
-140.093,-22.5226,ASP-135
-148.973,155.967,CYS-136
-67.0485,124.219,THR-137
-109.678,148.727,THR-138
-133.241,141.283,ILE-139
-113.813,81.4452,HIS-140
-70.5469,153.814,TYR-141
-159.061,146.164,ASN-142
-142.709,148.874,TYR-143
-160.07,107.104,MET-144
-160.598,154.145,CYS-145
-89.975,121.073,ASN-146
-65.5141,-24.3815,SER-147
-77.8894,14.424,SER-148
-76.0093,179.872,CYS-149
-69.6182,-54.9729,MET-150
97.0747,-141.077,GLY-151
-91.6039,152.938,GLY-152
-49.0002,-55.3227,ILE-153
-105.212,88.807,ASN-154
-45.7709,125.529,ARG-155
-153.053,160.844,ARG-156
-82.0433,157.897,PRO-157
-129.476,143.756,ILE-158
-136.303,139.368,LEU-159
-100.64,156.902,THR-160
-135.305,97.2329,ILE-161
-88.7966,148.256,ILE-162
-139.865,163.105,THR-163
-119.907,128.947,LEU-164
-153.745,151.115,GLU-165
-85.7549,158.479,ASP-166
-58.2579,-18.8604,SER-167
-79.993,-9.74627,SER-168
94.0343,-4.84931,GLY-169
-60.6868,108.468,ASN-170
-73.1605,119.883,LEU-171
-101.087,-48.1931,LEU-172
-152.133,149.393,GLY-173
-148.201,140.873,ARG-174
-156.248,136.046,ASN-175
-147.563,137.321,SER-176
-162.285,151.263,PHE-177
-72.3726,151.575,GLU-178
-140.04,146.413,VAL-179
-152.51,136.011,ARG-180
-94.4519,135.009,VAL-181
-155.4,171.406,CYS-182
-80.6718,-42.8747,ALA-183
-131.197,90.0157,CYS-184
-52.6668,-50.831,PRO-185
-68.4384,-33.5851,GLY-186
-77.2469,-43.3657,ARG-187
-69.1386,-26.7139,ASP-188
-67.9301,-51.5798,ARG-189
-53.9338,-39.3013,ARG-190
-73.6031,-38.0016,THR-191
-79.8588,-26.0502,GLU-192
-88.929,-16.1679,GLU-193
-68.1175,4.14303,GLU-194
-64.967,-33.9703,ASN-195
-70.6612,145.276,LEU-196
-65.7264,-44.3376,ARG-197
-73.3459,156.796,LYS-198
-72.7593,137.797,LYS-199
-87.4256,-169.151,GLY-200
-84.895,151.419,GLU-201
-81.9106,154.314,PRO-202
-146.993,145.575,HIS-203
-43.0172,128.461,HIS-204
-69.7215,-33.2268,GLU-205
-56.3386,-52.0289,LEU-206
-65.6847,143.121,PRO-207
-89.5443,162.919,PRO-208
-71.8218,152.028,GLY-209
-102.023,-114.435,SER-210
-128.267,160.893,THR-211
-108.585,163.381,LYS-212
72.9727,141.559,ARG-213
-71.7263,150.865,ALA-214
-67.8574,-51.4991,LEU-215
-58.2301,146.005,PRO-216
-75.0595,32.7903,ASN-217
-56.8904,132.386,ASN-218
-179.591,136.334,SER-2
-171.795,151.218,SER-3
-61.2711,130.751,VAL-4
-67.966,174.476,PRO-5
-103.115,150.55,SER-6
-110.052,3.38398,GLN-7
-62.4418,116.431,LYS-8
-54.1957,151.524,THR-9
-164.973,118.205,TYR-10
-82.9858,-31.8686,GLN-11
51.8019,-167.607,GLY-12
-66.1349,-21.8388,SER-13
-92.0906,-2.1355,TYR-14
64.4036,25.2813,GLY-15
-48.8826,121.616,PHE-16
-147.93,166.877,ARG-17
-125.27,155.18,LEU-18
-162.032,-160.332,GLY-19
-146.281,155.46,PHE-20
-89.59,87.0345,LEU-21
-54.6682,107.837,HIS-22
-107.77,3.05713,SER-23
100.864,-164.271,GLY-24
-138.187,7.55189,THR-25
-63.9837,159.304,ALA-26
-53.7776,-34.5178,LYS-27
-62.2506,-25.6137,SER-28
-70.5417,134.913,VAL-29
-79.7739,-32.755,THR-30
-167.163,176.526,CYS-31
-172.831,138.727,THR-32
-115.341,147.308,TYR-33
-107.96,97.6071,SER-34
-48.2775,-36.5361,PRO-35
-84.6417,-9.94139,ALA-36
-92.3276,-33.2672,LEU-37
91.3227,8.26486,ASN-38
-116.739,135.181,LYS-39
-89.1645,154.826,MET-40
-137.572,113.608,PHE-41
-108.293,139.692,CYS-42
-79.5485,134.227,GLN-43
-68.713,130.761,LEU-44
85.4602,-13.4192,ALA-45
-72.8791,151.109,LYS-46
-64.8846,129.979,THR-47
-126.706,110.649,CYS-48
-75.1828,115.335,PRO-49
-90.7676,141.416,VAL-50
-123.837,143.213,GLN-51
-123.475,140.882,LEU-52
-127.553,142.606,TRP-53
-139.93,152.191,VAL-54
-124.811,-6.27934,ASP-55
-140.909,145.135,SER-56
-76.0522,137.807,THR-57
-75.5474,146.852,PRO-58
-73.4585,166.136,PRO-59
-53.7868,141.803,PRO-60
113.659,-13.2761,GLY-61
-89.5727,146.439,THR-62
-140.437,134.669,ARG-63
-89.531,132.093,VAL-64
-123.905,138.856,ARG-65
-119.666,124.302,ALA-66
-127.976,164.51,MET-67
-138.764,123.697,ALA-68
-88.8137,168.399,ILE-69
-145.813,131.75,TYR-70
-117.262,147.004,LYS-71
-143.175,174.453,GLN-72
-68.9216,-7.20095,SER-73
-133.471,-2.99337,GLN-74
-138.889,160.072,HIS-75
-135.997,-35.395,MET-76
-79.806,96.3887,THR-77
173.573,160.547,GLU-78
-125.755,154.439,VAL-79
-60.6084,121.5,VAL-80
-135.207,160.953,ARG-81
-58.3768,163.429,ARG-82
-45.4543,145.025,CYS-83
-60.7397,-11.7975,PRO-84
-105.894,-13.3439,HIS-85
-111.943,12.8033,HIS-86
-86.5589,-9.9423,GLU-87
-145.844,-18.0455,ARG-88
-75.1352,176.278,CYS-89
-67.0981,-18.0027,SER-90
-65.7809,-19.0581,ASP-91
-117.001,-24.0561,SER-92
-56.0841,131.597,ASP-93
-146.286,-159.655,GLY-94
-45.1602,-63.4686,LEU-95
-54.1843,140.155,ALA-96
-72.0072,140.999,PRO-97
-44.8577,-47.3456,PRO-98
-65.9731,-30.537,GLN-99
-79.4372,133.376,HIS-100
-78.8754,-36.1177,LEU-101
-72.5378,116.287,ILE-102
-140.349,163.798,ARG-103
-164.417,157.511,VAL-104
-165.234,168.28,GLU-105
94.1826,-9.31886,GLY-106
-95.1265,138.352,ASN-107
-58.3505,-45.0435,LEU-108
-102.978,159.102,ARG-109
-177.877,124.382,VAL-110
-155.377,176.698,GLU-111
-111.789,145.54,TYR-112
-150.126,154.225,LEU-113
-70.0071,122.018,ASP-114
-54.832,132.343,ASP-115
-78.4569,-6.91744,ARG-116
-110.897,-28.8344,ASN-117
-120.117,-19.4965,THR-118
75.584,2.23472,PHE-119
-64.0035,111.729,ARG-120
-61.8137,114.502,HIS-121
-143.739,151.541,SER-122
-77.4353,136.655,VAL-123
-123.689,136.946,VAL-124
-130.258,146.403,VAL-125
-64.8245,142.303,PRO-126
-62.4489,146.313,TYR-127
-139.704,116.432,GLU-128
-55.523,163.934,PRO-129
-78.3614,-170.848,PRO-130
-163.759,157.522,GLU-131
-42.1937,114.417,VAL-132
116.676,-6.40958,GLY-133
-148.296,-179.595,SER-134
-139.347,-6.37801,ASP-135
-157.854,160.475,CYS-136
-64.4855,129.336,THR-137
-127.194,120.409,THR-138
-130.692,124.124,ILE-139
-111.598,73.8361,HIS-140
-51.9212,173.283,TYR-141
-171.292,148.779,ASN-142
-138.985,137.61,TYR-143
-138.102,113.942,MET-144
-145.757,144.222,CYS-145
-83.688,117.193,ASN-146
-71.4309,0.989409,SER-147
-87.3075,6.63116,SER-148
-76.1971,162.391,CYS-149
-59.2223,-49.5682,MET-150
67.1286,-135.373,GLY-151
-101.353,157.313,GLY-152
-71.403,-17.0171,ILE-153
-136.317,113.021,ASN-154
-62.3968,119.496,ARG-155
-137.713,171.482,ARG-156
-91.7339,158.982,PRO-157
-145.484,122.005,ILE-158
-108.225,135.091,LEU-159
-103.831,152.778,THR-160
-124.262,126.691,ILE-161
-106.853,129.156,ILE-162
-120.38,146.452,THR-163
-83.7879,131.717,LEU-164
-137.517,164.915,GLU-165
-72.1992,160.272,ASP-166
-68.5022,-15.9141,SER-167
-77.2271,-8.09698,SER-168
96.7362,-8.46301,GLY-169
-61.6791,122.954,ASN-170
-84.7036,130.214,LEU-171
-112.231,-19.633,LEU-172
-161.114,158.094,GLY-173
-143.724,146.911,ARG-174
-157.488,166.697,ASN-175
-154.875,161.136,SER-176
-167.711,148.488,PHE-177
-72.0145,148.236,GLU-178
-118.745,162.661,VAL-179
-158.6,136.804,ARG-180
-103.577,135.342,VAL-181
-158.425,165.825,CYS-182
-82.0101,-38.1513,ALA-183
-133.535,80.9937,CYS-184
-65.0349,-34.4624,PRO-185
-57.8737,-42.8808,GLY-186
-63.1354,-57.3421,ARG-187
-61.6379,-38.6748,ASP-188
-53.8551,-64.1266,ARG-189
-52.8983,-36.821,ARG-190
-59.918,-39.4537,THR-191
-94.1096,-16.8035,GLU-192
-90.6239,-22.2775,GLU-193
-59.5533,-5.04446,GLU-194
-80.6475,-18.7333,ASN-195
-85.1954,126.065,LEU-196
-59.6945,-25.2595,ARG-197
-77.9818,150.164,LYS-198
-58.2091,132.836,LYS-199
-87.1908,171.366,GLY-200
-73.6927,145.375,GLU-201
-73.2425,164.265,PRO-202
-162.912,152.575,HIS-203
-54.3127,142.498,HIS-204
-77.5993,-18.8568,GLU-205
-85.1375,-37.6771,LEU-206
-83.7471,152.758,PRO-207
-75.0314,-163.549,PRO-208
-91.4853,165.841,GLY-209
-98.0183,-108.985,SER-210
-147.364,154.951,THR-211
-94.9303,163.393,LYS-212
77.1308,122.997,ARG-213
-77.1355,165.278,ALA-214
-71.8281,-31.7951,LEU-215
-70.6794,146.692,PRO-216
-78.2578,13.0076,ASN-217
-54.1998,111.947,ASN-218
-167.837,142.357,SER-2
-171.642,155.387,SER-3
-71.9872,133.385,VAL-4
-68.056,128.574,PRO-5
-80.2872,130.153,SER-6
-97.1874,-13.1437,GLN-7
-57.1435,133.457,LYS-8
-79.0167,164.307,THR-9
-164.433,111.081,TYR-10
-86.7897,-32.085,GLN-11
56.6757,-148.937,GLY-12
-78.4333,-39.4185,SER-13
-91.7386,0.137319,TYR-14
73.3467,36.0654,GLY-15
-60.9153,127.166,PHE-16
-148.525,147.612,ARG-17
-119.446,127.629,LEU-18
-137.766,-165.74,GLY-19
-154.733,157.463,PHE-20
-107.235,85.8256,LEU-21
-73.8621,154.594,HIS-22
-145.857,-0.866016,SER-23
117.019,-157.846,GLY-24
-137.103,17.1842,THR-25
-66.0279,153.463,ALA-26
-55.0904,-22.5535,LYS-27
-73.3724,-14.1776,SER-28
-58.4834,126.842,VAL-29
-88.3606,-16.5317,THR-30
-176.276,147.619,CYS-31
-160.451,142.535,THR-32
-115.611,131.009,TYR-33
-89.1682,121.626,SER-34
-74.5236,-29.3378,PRO-35
-71.2973,-5.83729,ALA-36
-117.781,0.263838,LEU-37
57.6865,11.4505,ASN-38
-109.128,121.671,LYS-39
-95.2123,122.29,MET-40
-112.384,131.892,PHE-41
-142.589,123.647,CYS-42
-70.8808,132.748,GLN-43
-66.4302,141.641,LEU-44
62.6714,24.383,ALA-45
-113.272,148.217,LYS-46
-61.9113,141.083,THR-47
-130.394,84.2987,CYS-48
-65.3854,119.825,PRO-49
-98.2459,143.076,VAL-50
-106.982,148.469,GLN-51
-136.239,131.797,LEU-52
-125.098,157.07,TRP-53
-141.028,149.536,VAL-54
-90.2781,-7.60509,ASP-55
-150.454,135.186,SER-56
-61.7266,126.465,THR-57
-72.3579,144.069,PRO-58
-61.6552,150.934,PRO-59
-65.1597,137.295,PRO-60
89.1143,4.36115,GLY-61
-76.3616,162.08,THR-62
-150.052,155,ARG-63
-119.137,133.393,VAL-64
-118.879,144.142,ARG-65
-128.203,147.977,ALA-66
-160.449,159.715,MET-67
-149.982,132.158,ALA-68
-98.7304,158.108,ILE-69
-132.809,128.386,TYR-70
-118.587,144.21,LYS-71
-130.496,-174.285,GLN-72
-56.6728,-20.3886,SER-73
-127.578,11.9323,GLN-74
-162.516,148.118,HIS-75
-121.078,-14.0804,MET-76
-106.346,76.0247,THR-77
-154.088,157.804,GLU-78
-100.824,155.679,VAL-79
-70.0925,126.267,VAL-80
-141.109,162.296,ARG-81
-53.8632,177.187,ARG-82
-71.0477,140.005,CYS-83
-48.0304,-37.3459,PRO-84
-73.8187,0.853301,HIS-85
-134.812,23.2725,HIS-86
-92.0307,-1.21697,GLU-87
-139.449,-46.4382,ARG-88
-47.1286,149.047,CYS-89
-57.4617,-33.2931,SER-90
-60.4168,-36.1517,ASP-91
-83.6836,-28.3245,SER-92
-99.6469,134.678,ASP-93
-165.951,-140.763,GLY-94
-49.3447,-55.6413,LEU-95
-73.0041,139.812,ALA-96
-69.4385,148.851,PRO-97
-71.095,-26.2783,PRO-98
-65.0157,-43.602,GLN-99
-63.5974,118.089,HIS-100
-88.7347,-30.5795,LEU-101
-77.2754,126.241,ILE-102
-138.112,176.386,ARG-103
-164.423,138.406,VAL-104
-127.59,-170.433,GLU-105
91.1813,13.9332,GLY-106
-143.859,144.587,ASN-107
-58.4629,-50.9985,LEU-108
-84.2022,157.295,ARG-109
170.698,135.383,VAL-110
178.679,147.033,GLU-111
-103.379,131.189,TYR-112
-129.954,152.618,LEU-113
-57.89,118.842,ASP-114
-61.4847,131.309,ASP-115
-52.5479,-24.0602,ARG-116
-96.4731,-38.3403,ASN-117
-99.219,-32.0706,THR-118
72.4827,16.2802,PHE-119
-82.3197,128.082,ARG-120
-72.8912,117.976,HIS-121
-161.694,129.46,SER-122
-57.6537,143.22,VAL-123
-118.855,147.141,VAL-124
-133.228,136.002,VAL-125
-48.1126,145.945,PRO-126
-71.2953,139.345,TYR-127
-133.984,128.937,GLU-128
-63.8733,153.801,PRO-129
-80.3373,95.4245,PRO-130
-73.7171,163.902,GLU-131
-49.2542,128.74,VAL-132
99.9088,1.01243,GLY-133
-150.307,147.974,SER-134
-86.5157,-43.3738,ASP-135
-112.352,158.012,CYS-136
-79.8645,135.417,THR-137
-119.483,132.554,THR-138
-123.865,133.543,ILE-139
-109.899,80.5756,HIS-140
-62.0424,170.125,TYR-141
-169.884,155.314,ASN-142
-150.415,135.29,TYR-143
-142.148,123.861,MET-144
-165.135,156.952,CYS-145
-69.6987,128.869,ASN-146
-75.7086,-32.4855,SER-147
-87.327,20.4885,SER-148
-59.0982,169.07,CYS-149
-82.2995,-50.2634,MET-150
99.6329,-140.606,GLY-151
-82.4036,171.394,GLY-152
-78.9806,-19.8252,ILE-153
-133.62,122.49,ASN-154
-66.7907,136.021,ARG-155
-151.18,160.46,ARG-156
-82.917,152.49,PRO-157
-145.217,156.503,ILE-158
-157.411,139.084,LEU-159
-105.34,152.335,THR-160
-120.658,116.947,ILE-161
-111.039,135.377,ILE-162
-142.867,142.815,THR-163
-101.808,133.096,LEU-164
-154.153,169.624,GLU-165
-84.2104,177.045,ASP-166
-83.0581,-9.16551,SER-167
-76.7588,-8.9268,SER-168
81.0255,7.60646,GLY-169
-70.5622,124.658,ASN-170
-80.579,152.415,LEU-171
-131.741,-32.4216,LEU-172
-155.222,168.64,GLY-173
-156.077,154.322,ARG-174
-171.534,154.695,ASN-175
-144.981,156.732,SER-176
-156.783,141.143,PHE-177
-63.7732,149.511,GLU-178
-128.82,135.078,VAL-179
-137.229,115.011,ARG-180
-89.584,128.779,VAL-181
-155.539,-177.318,CYS-182
-97.4276,-48.5649,ALA-183
-118.461,90.258,CYS-184
-74.007,-16.7386,PRO-185
-67.1148,-35.9586,GLY-186
-78.1571,-34.8462,ARG-187
-83.5891,-41.0621,ASP-188
-45.4183,-59.4721,ARG-189
-52.9403,-42.9667,ARG-190
-53.8183,-41.6196,THR-191
-88.6699,-28.4022,GLU-192
-76.4413,-26.403,GLU-193
-50.7326,-26.2564,GLU-194
-78.1131,-29.2355,ASN-195
-49.9948,155.215,LEU-196
-67.6343,-58.2275,ARG-197
-53.9709,148.788,LYS-198
-71.576,137.61,LYS-199
-91.606,-159.177,GLY-200
-83.1173,162.26,GLU-201
-74.735,-178.821,PRO-202
-160.776,142.977,HIS-203
-47.0388,125.594,HIS-204
-90.6088,-13.5745,GLU-205
-45.6613,-54.0641,LEU-206
-86.0238,120.036,PRO-207
-78.6881,-147.49,PRO-208
-65.4925,153.44,GLY-209
-107.961,-80.7249,SER-210
-161.372,159.558,THR-211
-109.928,159.638,LYS-212
68.5847,136.075,ARG-213
-69.5476,156.994,ALA-214
-68.8038,-30.9393,LEU-215
-65.4229,141.715,PRO-216
-63.9648,-5.47359,ASN-217
-46.478,120.91,ASN-218
-101.953,137.117,SER-2
-168.991,149.915,SER-3
-70.3303,134.278,VAL-4
-67.0114,130.779,PRO-5
-85.0115,145.384,SER-6
-108.3,-4.88804,GLN-7
-59.9077,115.531,LYS-8
-71.4621,135.456,THR-9
-149.269,164.724,TYR-10
-98.8074,-49.8421,GLN-11
70.4801,-164.171,GLY-12
-59.2464,-19.3417,SER-13
-104.478,-16.2979,TYR-14
85.3521,43.3694,GLY-15
-65.9604,137.073,PHE-16
-161.644,152.322,ARG-17
-120.75,143.665,LEU-18
-147.87,-158.608,GLY-19
-152.672,151.767,PHE-20
-86.9712,117.571,LEU-21
-78.1246,118.87,HIS-22
-138.445,-5.75756,SER-23
94.888,-147.931,GLY-24
-128.436,-4.83932,THR-25
-51.0278,159.415,ALA-26
-60.8542,-21.698,LYS-27
-81.8194,-20.7861,SER-28
-71.155,129.831,VAL-29
-79.4515,-40.4182,THR-30
-146.465,160.86,CYS-31
-162.729,131.745,THR-32
-114.707,132.729,TYR-33
-97.6982,90.7755,SER-34
-63.4079,-24.1608,PRO-35
-81.4154,-3.50604,ALA-36
-113.776,-26.6977,LEU-37
88.408,-2.5505,ASN-38
-97.1891,128.404,LYS-39
-84.1255,122.317,MET-40
-99.2166,132.861,PHE-41
-129.481,162.202,CYS-42
-101.049,123.98,GLN-43
-58.5738,128.453,LEU-44
89.2321,7.77424,ALA-45
-136.288,165.689,LYS-46
-73.4815,114.147,THR-47
-95.8204,107.976,CYS-48
-72.9288,123.518,PRO-49
-99.9982,128.893,VAL-50
-115.201,135.212,GLN-51
-134.196,135.791,LEU-52
-123.808,155.59,TRP-53
-130.134,165.159,VAL-54
-95.4885,-37.4498,ASP-55
-138.653,149.399,SER-56
-73.1505,130.03,THR-57
-67.8757,163.762,PRO-58
-85.6532,151.603,PRO-59
-55.2876,129.581,PRO-60
108.486,7.87698,GLY-61
-101.423,159.314,THR-62
-147.633,159.432,ARG-63
-115.81,139.07,VAL-64
-130.917,131.167,ARG-65
-116.763,134.849,ALA-66
-144.008,165.911,MET-67
-152.858,119.589,ALA-68
-82.2193,153.596,ILE-69
-115.081,118.454,TYR-70
-105.029,146.191,LYS-71
-126.683,-171.985,GLN-72
-93.3847,14.2142,SER-73
-128.502,-7.56333,GLN-74
-154.281,166.602,HIS-75
-113.434,-20.8023,MET-76
-96.5719,82.7768,THR-77
-151.181,173.407,GLU-78
-126.418,149.432,VAL-79
-66.2279,96.0346,VAL-80
-108.677,168.248,ARG-81
-67.8432,155.417,ARG-82
-34.8308,140.097,CYS-83
-65.5873,-17.5219,PRO-84
-94.3113,5.75171,HIS-85
-133.807,-6.57353,HIS-86
-76.0225,16.4267,GLU-87
-164.986,-34.8284,ARG-88
-51.8501,162.333,CYS-89
-66.1704,11.0632,SER-90
-102.523,-14.543,ASP-91
-125.138,-35.4035,SER-92
-81.2798,132.863,ASP-93
145.356,-114.212,GLY-94
-67.6477,-43.8187,LEU-95
-83.8264,147.756,ALA-96
-70.915,159.087,PRO-97
-61.0417,-17.4074,PRO-98
-97.9568,-25.8502,GLN-99
-74.7022,129.39,HIS-100
-85.3283,-45.4669,LEU-101
-64.3589,120.269,ILE-102
-146.559,161.933,ARG-103
-158.788,159.76,VAL-104
-161.012,178.899,GLU-105
76.3844,-14.21,GLY-106
-87.9317,145.78,ASN-107
-56.7443,-33.7548,LEU-108
-116.429,164.84,ARG-109
-171.328,126.357,VAL-110
-163.542,160.767,GLU-111
-122.122,125.147,TYR-112
-136.973,158.552,LEU-113
-77.6209,136.14,ASP-114
-73.6821,136.279,ASP-115
-89.5598,19.8234,ARG-116
-126.304,-17.4019,ASN-117
-142.499,-10.5972,THR-118
66.5987,6.81713,PHE-119
-82.3843,145.403,ARG-120
-97.6122,145.441,HIS-121
-167.797,152.148,SER-122
-78.3899,145.613,VAL-123
-130.734,131.458,VAL-124
-137.404,146.878,VAL-125
-75.6376,143.788,PRO-126
-68.6376,133.156,TYR-127
-130.483,126.816,GLU-128
-72.223,153.962,PRO-129
-42.2892,156.273,PRO-130
-140.416,162.15,GLU-131
-62.0135,123.675,VAL-132
113.988,-24.1203,GLY-133
-122.335,154.463,SER-134
-98.932,-25.4636,ASP-135
-133.756,166.207,CYS-136
-90.27,108.353,THR-137
-96.9982,136.151,THR-138
-127.442,121.695,ILE-139
-94.5608,99.9079,HIS-140
-77.3767,157.45,TYR-141
-143.024,141.104,ASN-142
-123.935,157.58,TYR-143
-153.717,137.755,MET-144
172.77,141.682,CYS-145
-70.5732,140.607,ASN-146
-96.7397,-8.02072,SER-147
-98.4652,-26.7197,SER-148
-43.2152,151.446,CYS-149
-48.7328,-27.182,MET-150
76.9299,-145.479,GLY-151
-90.0089,158.527,GLY-152
-59.5135,-40.3057,ILE-153
-105.307,118.42,ASN-154
-73.3556,128.453,ARG-155
-148.126,156.614,ARG-156
-79.1224,164.29,PRO-157
-128.489,155.313,ILE-158
-149.07,147.515,LEU-159
-125.122,143.264,THR-160
-114.427,121.539,ILE-161
-104.177,133.102,ILE-162
-132.294,140.304,THR-163
-97.7426,128.232,LEU-164
-143.131,167.768,GLU-165
-92.404,165.626,ASP-166
-56.2278,-21.003,SER-167
-73.3364,-12.854,SER-168
86.0105,16.7188,GLY-169
-72.2927,117.388,ASN-170
-76.9907,135.093,LEU-171
-101.298,-33.8925,LEU-172
-164.249,161.39,GLY-173
-137.354,151.613,ARG-174
-154.324,143.612,ASN-175
-141.387,158.654,SER-176
-163.445,141.588,PHE-177
-75.9807,153.081,GLU-178
-127.595,137.307,VAL-179
-132.761,106.188,ARG-180
-84.3728,142.674,VAL-181
-167.75,-157.531,CYS-182
-92.3928,-42.2135,ALA-183
-137.713,83.2265,CYS-184
-69.3394,-27.1767,PRO-185
-62.8525,-43.7527,GLY-186
-67.5762,-47.2896,ARG-187
-62.6637,-43.4118,ASP-188
-52.9793,-57.3815,ARG-189
-54.418,-26.7685,ARG-190
-76.9737,-32.1131,THR-191
-105.781,-26.5553,GLU-192
-65.8292,-15.4839,GLU-193
-59.7469,-20.9387,GLU-194
-91.5546,41.445,ASN-195
-130.877,174.36,LEU-196
-98.1469,-39.4978,ARG-197
-75.2254,155.749,LYS-198
-86.5137,141.069,LYS-199
-80.17,-176.969,GLY-200
-61.9689,149.601,GLU-201
-81.2052,165.604,PRO-202
-164.124,140.394,HIS-203
-27.8935,118.465,HIS-204
-84.6067,-8.85932,GLU-205
-68.6584,-58.3378,LEU-206
-69.4396,148.391,PRO-207
-77.3734,-164.732,PRO-208
-75.07,168.461,GLY-209
-109.367,-97.8532,SER-210
-148.312,157.085,THR-211
-102.942,153.922,LYS-212
88.3152,145.721,ARG-213
-69.3073,152.143,ALA-214
-61.8228,-42.0823,LEU-215
-72.4164,168.727,PRO-216
-82.1385,14.7888,ASN-217
-47.3814,124.693,ASN-218
-129.917,136.752,SER-2
-163.353,151.906,SER-3
-77.7273,127.499,VAL-4
-61.5018,140.588,PRO-5
-57.0375,129.151,SER-6
-115.898,16.2682,GLN-7
-81.2229,118.526,LYS-8
-57.8868,120.336,THR-9
-137.838,139.698,TYR-10
-67.4263,-66.003,GLN-11
74.5632,-158.341,GLY-12
-74.5476,-12.1516,SER-13
-116.179,-0.595223,TYR-14
86.1622,8.86879,GLY-15
-53.2136,136.335,PHE-16
-160.948,165.207,ARG-17
-135.447,154.72,LEU-18
-167.544,161.11,GLY-19
-102.042,144.297,PHE-20
-72.0055,132.559,LEU-21
-85.8044,118.563,HIS-22
-126.974,-9.77944,SER-23
108.6,-167.825,GLY-24
-116.614,-17.3421,THR-25
-56.5751,157.165,ALA-26
-57.9702,-33.1211,LYS-27
-66.4333,-15.6041,SER-28
-87.4997,139.916,VAL-29
-97.4852,-29.7594,THR-30
-161.509,166.443,CYS-31
-166.566,153.829,THR-32
-139.173,136.327,TYR-33
-111.576,87.0866,SER-34
-70.5617,-39.7572,PRO-35
-61.123,-7.00063,ALA-36
-113.434,-5.71903,LEU-37
80.1837,-3.71605,ASN-38
-108.199,139.106,LYS-39
-103.379,128.706,MET-40
-107.47,115.254,PHE-41
-114.204,135.427,CYS-42
-78.938,151.729,GLN-43
-62.5656,139.888,LEU-44
68.1341,6.47683,ALA-45
-115.102,167.856,LYS-46
-62.7576,132.664,THR-47
-134.657,70.655,CYS-48
-73.3883,172.725,PRO-49
-136.552,140.808,VAL-50
-120.793,137.249,GLN-51
-124.137,142.968,LEU-52
-130.708,162.547,TRP-53
-145.573,154.731,VAL-54
-74.8591,-22.7157,ASP-55
-157.114,127.679,SER-56
-79.3147,136.027,THR-57
-80.9441,159.276,PRO-58
-58.5495,163.986,PRO-59
-75.1947,132.972,PRO-60
90.2819,25.0452,GLY-61
-90.9515,146.676,THR-62
-137.226,166.135,ARG-63
-111.525,142.177,VAL-64
-123.454,157.416,ARG-65
-144.228,139.597,ALA-66
-145.341,171.311,MET-67
-151.977,128.143,ALA-68
-96.2406,167.355,ILE-69
-135.223,139.469,TYR-70
-130.672,144.46,LYS-71
-140.059,163.08,GLN-72
-39.0894,-26.471,SER-73
-115.351,-0.853808,GLN-74
-159.223,146.89,HIS-75
-115.991,-28.836,MET-76
-83.5263,84.425,THR-77
-157.297,164.128,GLU-78
-122.129,149.01,VAL-79
-69.8882,120.326,VAL-80
-150.689,151.58,ARG-81
-46.6771,159.852,ARG-82
-43.9985,139.841,CYS-83
-64.1631,-18.4937,PRO-84
-84.5079,1.34172,HIS-85
-127.18,3.02414,HIS-86
-79.949,-4.2057,GLU-87
-123.335,-31.1209,ARG-88
-83.7851,160.618,CYS-89
-45.7255,-41.4847,SER-90
-69.8156,-6.12708,ASP-91
-109.051,-18.8729,SER-92
-90.1673,165.483,ASP-93
147.992,-141.84,GLY-94
-69.7839,-43.8416,LEU-95
-75.7733,153.485,ALA-96
-63.1854,151.118,PRO-97
-71.9375,-16.2545,PRO-98
-65.5936,-41.8443,GLN-99
-71.4285,127.488,HIS-100
-80.8277,-40.3047,LEU-101
-80.6103,124.51,ILE-102
-131.792,179.605,ARG-103
-162.04,144.45,VAL-104
-150.78,179.021,GLU-105
73.6841,-21.7271,GLY-106
-76.0947,125.462,ASN-107
-40.7715,-32.5525,LEU-108
-132.332,138.748,ARG-109
-160.762,145.283,VAL-110
-161.386,-175.003,GLU-111
-125.969,127.928,TYR-112
-126.891,152.529,LEU-113
-67.6636,130.861,ASP-114
-69.6943,128.961,ASP-115
-60.0547,-31.9333,ARG-116
-87.1588,-30.9969,ASN-117
-117.503,-24.8926,THR-118
77.6223,13.9954,PHE-119
-84.0266,128.196,ARG-120
-85.0569,124.707,HIS-121
-166.437,142.771,SER-122
-60.0284,133.174,VAL-123
-134.147,131.725,VAL-124
-129.171,160.6,VAL-125
-73.5401,148.802,PRO-126
-66.1869,130.059,TYR-127
-118.075,116.791,GLU-128
-68.9307,166.361,PRO-129
-82.182,94.2246,PRO-130
-56.7286,155.907,GLU-131
-55.286,135.564,VAL-132
86.6536,7.61902,GLY-133
-131.333,157.006,SER-134
-107.886,-24.7468,ASP-135
-123.318,152.619,CYS-136
-85.6672,118.916,THR-137
-112.789,124.94,THR-138
-108.863,108.236,ILE-139
-91.4844,77.3733,HIS-140
-55.8569,158.807,TYR-141
-158.121,171.599,ASN-142
-165.915,149.766,TYR-143
-160.397,121.401,MET-144
-173.573,151.419,CYS-145
-60.6063,114.049,ASN-146
-69.67,-19.2445,SER-147
-99.3508,3.99293,SER-148
-62.8385,166.628,CYS-149
-68.7553,-38.8752,MET-150
88.5782,-152.966,GLY-151
-70.7951,152.691,GLY-152
-65.8768,-36.8628,ILE-153
-111.403,105.894,ASN-154
-72.2516,124.823,ARG-155
-147.374,160.001,ARG-156
-73.5486,151.763,PRO-157
-122.786,150.426,ILE-158
-137.177,135.251,LEU-159
-95.9944,140.203,THR-160
-110.512,103.392,ILE-161
-86.6031,135.719,ILE-162
-136.627,159.225,THR-163
-106.748,139.852,LEU-164
-151.257,155.218,GLU-165
-75.8949,161.095,ASP-166
-49.2865,-50.2106,SER-167
-51.6859,-13.1979,SER-168
94.5767,6.99096,GLY-169
-76.8983,115.807,ASN-170
-85.0775,130.994,LEU-171
-107.527,-17.0331,LEU-172
-179.094,145.36,GLY-173
-140.204,149.978,ARG-174
-170.043,130.238,ASN-175
-140.625,141.689,SER-176
-149.592,163.063,PHE-177
-78.8383,136.612,GLU-178
-118.166,135.888,VAL-179
-125.457,103.313,ARG-180
-89.8935,111.135,VAL-181
-142.744,-165.591,CYS-182
-113,-38.4805,ALA-183
-129.022,86.8097,CYS-184
-54.8931,-44.0588,PRO-185
-77.364,-29.407,GLY-186
-68.0905,-49.0207,ARG-187
-63.2512,-41.9177,ASP-188
-52.0954,-59.8589,ARG-189
-55.975,-38.4267,ARG-190
-64.871,-43.7264,THR-191
-81.9775,-29.1144,GLU-192
-83.1007,-18.473,GLU-193
-59.0006,-23.6716,GLU-194
-63.4123,-32.2601,ASN-195
-72.8495,158.454,LEU-196
-95.6129,35.8542,ARG-197
-179.904,151.177,LYS-198
-50.3771,132.978,LYS-199
-88.5006,-171.953,GLY-200
-73.556,155.055,GLU-201
-82.6146,177.326,PRO-202
-155.849,172.448,HIS-203
-56.9114,150.242,HIS-204
-67.2928,-24.3643,GLU-205
-83.2251,-50.7945,LEU-206
-66.532,129.783,PRO-207
-84.8034,-163.526,PRO-208
-69.1704,137.107,GLY-209
-83.6781,-104.218,SER-210
-134.508,150.555,THR-211
-96.4134,138.756,LYS-212
85.3588,136.518,ARG-213
-55.1187,148.525,ALA-214
-58.4507,-40.6271,LEU-215
-89.7084,160.892,PRO-216
-75.8709,2.99951,ASN-217
-48.8201,136.074,ASN-218
-107.929,120.287,SER-2
-177.503,154.837,SER-3
-65.4291,138.748,VAL-4
-63.8831,143.047,PRO-5
-70.7779,142.534,SER-6
-87.3507,-20.35,GLN-7
-54.8565,124.555,LYS-8
-76.8861,124.563,THR-9
-145.308,163.645,TYR-10
-98.7024,-55.8341,GLN-11
81.3339,-168.702,GLY-12
-59.7721,-32.8372,SER-13
-92.5622,-26.622,TYR-14
92.9832,39.9881,GLY-15
-69.5396,138.946,PHE-16
-169.65,151.372,ARG-17
-111.462,162.244,LEU-18
-147.226,161.083,GLY-19
-138.843,150.815,PHE-20
-107.136,128.238,LEU-21
-73.9517,122.001,HIS-22
-136.598,4.44995,SER-23
79.4367,-162.45,GLY-24
-123.032,4.58764,THR-25
-52.5147,157.991,ALA-26
-50.5722,-34.9815,LYS-27
-73.6236,-26.3015,SER-28
-56.3914,122.304,VAL-29
-84.1298,-24.7797,THR-30
-147.534,155.707,CYS-31
-151.61,167.266,THR-32
-152.555,134.393,TYR-33
-106.707,101.003,SER-34
-60.9862,-36.4969,PRO-35
-72.0161,-0.139922,ALA-36
-123.249,-3.12121,LEU-37
62.7247,18.4954,ASN-38
-107.426,122.936,LYS-39
-101.013,130.809,MET-40
-109.347,126.91,PHE-41
-118.603,136.59,CYS-42
-79.6383,127.717,GLN-43
-50.5792,124.312,LEU-44
79.7696,-14.6151,ALA-45
-86.6064,167.553,LYS-46
-78.6242,119.983,THR-47
-107.944,91.3017,CYS-48
-60.2115,93.1803,PRO-49
-91.2426,134.807,VAL-50
-119.18,132.287,GLN-51
-127.447,139.187,LEU-52
-128.99,163.399,TRP-53
-137.24,155.874,VAL-54
-71.8939,-53.9586,ASP-55
-131.088,126.677,SER-56
-58.4722,114.915,THR-57
-61.4463,160.008,PRO-58
-71.7677,168.882,PRO-59
-67.4974,152.486,PRO-60
83.7618,-7.80521,GLY-61
-74.5536,163.504,THR-62
-163.022,165.638,ARG-63
-135.362,128.733,VAL-64
-117.439,148.369,ARG-65
-131.814,147.685,ALA-66
-152.057,177.567,MET-67
-157.513,125.604,ALA-68
-98.4809,137.924,ILE-69
-123.939,77.9238,TYR-70
-73.3032,139.714,LYS-71
-121.437,166.802,GLN-72
-54.9861,-28.4994,SER-73
-97.4862,-11.3612,GLN-74
-155.442,165.164,HIS-75
-108.198,-42.1487,MET-76
-80.5922,74.7575,THR-77
-149.111,158.4,GLU-78
-119.28,164.964,VAL-79
-67.9143,134.837,VAL-80
-152.813,159.784,ARG-81
-68.0755,170.836,ARG-82
-45.42,147.721,CYS-83
-65.346,-35.3772,PRO-84
-75.3508,-10.7876,HIS-85
-117.657,16.5023,HIS-86
-93.6246,6.49914,GLU-87
-144.426,-16.8311,ARG-88
-75.0185,163.51,CYS-89
-76.508,-18.8823,SER-90
-67.169,0.805705,ASP-91
-129.789,-46.3052,SER-92
-70.8076,140.093,ASP-93
176.303,-137.281,GLY-94
-57.6365,-51.1912,LEU-95
-82.8353,122.36,ALA-96
-59.7793,155.61,PRO-97
-78.076,-4.52895,PRO-98
-77.73,-28.4374,GLN-99
-86.3212,128.648,HIS-100
-86.7116,-49.9156,LEU-101
-74.9692,133.929,ILE-102
-156.84,147.838,ARG-103
-128.849,154.036,VAL-104
-150.947,176.871,GLU-105
79.4785,-57.6206,GLY-106
-65.6359,125.698,ASN-107
-68.0619,-36.6501,LEU-108
-99.5034,136.785,ARG-109
-164.086,132.283,VAL-110
-154.338,162.143,GLU-111
-99.891,146.954,TYR-112
-149.383,170.418,LEU-113
-93.7761,151.647,ASP-114
-87.6546,116.092,ASP-115
-35.2066,-58.4059,ARG-116
-75.2729,-17.5695,ASN-117
-129.299,-41.8825,THR-118
90.5623,12.4402,PHE-119
-90.8268,141.726,ARG-120
-90.2761,145.168,HIS-121
-178.128,144.429,SER-122
-78.054,134.273,VAL-123
-131.392,130.523,VAL-124
-131.555,142.37,VAL-125
-69.3359,151.167,PRO-126
-62.5619,136.56,TYR-127
-131.127,104.305,GLU-128
-59.5419,152.004,PRO-129
-63.1581,132.893,PRO-130
-68.2974,156.137,GLU-131
-57.1951,127.391,VAL-132
100.526,-15.5791,GLY-133
-91.6259,166.751,SER-134
-113.546,-31.2863,ASP-135
-157.281,158.557,CYS-136
-67.231,133.855,THR-137
-116.806,132.371,THR-138
-115.537,114.369,ILE-139
-80.0644,91.3425,HIS-140
-81.0432,163.089,TYR-141
-153.06,149.547,ASN-142
-146.896,112.735,TYR-143
-118.775,128.286,MET-144
-161.084,139.667,CYS-145
-65.954,132.365,ASN-146
-82.8967,-9.50564,SER-147
-88.8194,-0.489927,SER-148
-75.6355,145.017,CYS-149
-44.6243,-50.2787,MET-150
95.8872,-137.327,GLY-151
-82.733,144.829,GLY-152
-55.0827,-29.4425,ILE-153
-119.483,103.455,ASN-154
-61.1094,126.646,ARG-155
-155.997,156.212,ARG-156
-81.1722,169.74,PRO-157
-136.718,149.689,ILE-158
-120.083,147.385,LEU-159
-126.864,150.979,THR-160
-128.188,94.3857,ILE-161
-96.2387,136.253,ILE-162
-140.295,143.539,THR-163
-109.944,134.473,LEU-164
-156.189,161.485,GLU-165
-71.1887,163.512,ASP-166
-59.726,-15.7698,SER-167
-91.5489,3.06018,SER-168
84.7702,3.91734,GLY-169
-51.9265,109.161,ASN-170
-67.7274,133.96,LEU-171
-117.198,-25.4733,LEU-172
-169.688,155.417,GLY-173
-138.454,146.988,ARG-174
-159.063,142.445,ASN-175
-141.765,150.077,SER-176
-145.975,165.865,PHE-177
-101.833,148.764,GLU-178
-131.107,150.646,VAL-179
-136.345,124.926,ARG-180
-84.4904,135.376,VAL-181
-148.358,-171.64,CYS-182
-86.9052,-53.7931,ALA-183
-119.029,78.1009,CYS-184
-43.5679,-44.3749,PRO-185
-56.6085,-56.6627,GLY-186
-60.9175,-36.0681,ARG-187
-83.139,-34.8763,ASP-188
-53.3893,-58.5228,ARG-189
-41.9172,-45.8548,ARG-190
-62.2511,-44.0368,THR-191
-86.0873,-20.7437,GLU-192
-80.162,-10.1735,GLU-193
-65.916,-17.2789,GLU-194
-81.2895,-13.0697,ASN-195
-66.4542,152.498,LEU-196
-74.8972,-37.3652,ARG-197
-74.126,155.288,LYS-198
-73.7529,141.282,LYS-199
-82.8613,-153.261,GLY-200
-81.1789,153.828,GLU-201
-72.096,163.512,PRO-202
-134.594,-179.877,HIS-203
-71.0048,157.155,HIS-204
-77.2589,-28.4827,GLU-205
-71.2644,-43.8851,LEU-206
-83.2189,161.752,PRO-207
-94.0372,175.942,PRO-208
-56.8078,146.19,GLY-209
-101.248,-137.071,SER-210
-113.141,128.589,THR-211
-72.7074,132.159,LYS-212
93.6664,147.072,ARG-213
-74.9991,153.489,ALA-214
-64.7952,-30.765,LEU-215
-68.3727,164.758,PRO-216
-93.5373,14.6597,ASN-217
-52.5567,155.405,ASN-218
-125.335,145.15,SER-2
-175.862,147.398,SER-3
-46.6653,121.806,VAL-4
-53.8669,148.062,PRO-5
-78.5987,138.984,SER-6
-82.6594,-16.7206,GLN-7
-53.2702,129.611,LYS-8
-90.2405,128.708,THR-9
-142.787,146.94,TYR-10
-93.4798,-50.7598,GLN-11
70.5906,-143.362,GLY-12
-83.2507,-52.3147,SER-13
-64.6673,-15.618,TYR-14
78.7641,25.5153,GLY-15
-35.0038,115.651,PHE-16
-152.657,159.173,ARG-17
-120.535,163.009,LEU-18
-155.473,178.588,GLY-19
-144.468,131.229,PHE-20
-78.429,139.907,LEU-21
-90.1871,129.583,HIS-22
-119.386,-17.7238,SER-23
110.944,-154.273,GLY-24
-119.294,6.20049,THR-25
-79.0844,158.955,ALA-26
-63.6138,-23.3357,LYS-27
-62.951,-32.1204,SER-28
-60.319,120.52,VAL-29
-76.8353,-26.473,THR-30
-161.607,149.691,CYS-31
-141.852,163.907,THR-32
-140.981,130.542,TYR-33
-110.081,95.8545,SER-34
-57.0266,-38.0833,PRO-35
-83.3705,-2.85234,ALA-36
-105.242,-17.6091,LEU-37
71.7225,29.5676,ASN-38
-138.028,130.365,LYS-39
-97.6215,152.155,MET-40
-126.833,129.358,PHE-41
-126.777,142.143,CYS-42
-86.3612,121.352,GLN-43
-44.6435,130.819,LEU-44
59.1888,30.4839,ALA-45
-125.911,142.18,LYS-46
-41.1806,128.283,THR-47
-132.967,101.817,CYS-48
-61.0287,134.492,PRO-49
-121.393,151.407,VAL-50
-124.934,143.252,GLN-51
-124.573,136.852,LEU-52
-119.541,150.599,TRP-53
-144.196,161.05,VAL-54
-103.378,-50.0237,ASP-55
-105.042,140.464,SER-56
-65.0236,134.225,THR-57
-54.3641,143.338,PRO-58
-58.7839,156.49,PRO-59
-69.9377,130.521,PRO-60
116.053,-9.51536,GLY-61
-68.6921,158.749,THR-62
-153.604,150.264,ARG-63
-106.175,140.941,VAL-64
-129.038,152.219,ARG-65
-129.509,135.385,ALA-66
-147.158,147.494,MET-67
-141.521,135.335,ALA-68
-105.667,143.933,ILE-69
-100.238,138.629,TYR-70
-126.932,152.878,LYS-71
-147.904,157.363,GLN-72
-48.144,-0.151193,SER-73
-146.066,-1.35621,GLN-74
-130.219,137.748,HIS-75
-111.012,-12.2183,MET-76
-92.1857,95.5777,THR-77
-164.573,161.146,GLU-78
-102.562,155.738,VAL-79
-67.4022,123.557,VAL-80
-150.945,149.479,ARG-81
-52.6248,155.552,ARG-82
-56.9781,154.504,CYS-83
-51.0202,-51.9586,PRO-84
-56.8479,-9.79795,HIS-85
-131.02,7.22047,HIS-86
-88.2523,-28.1586,GLU-87
-129.119,-24.853,ARG-88
-87.2455,172.19,CYS-89
-53.7031,-26.204,SER-90
-72.2334,-17.1119,ASP-91
-115.376,-24.8119,SER-92
-73.435,169.865,ASP-93
132.651,-128.076,GLY-94
-79.4561,-48.5901,LEU-95
-68.7889,135.351,ALA-96
-64.1825,153.646,PRO-97
-72.0269,-5.29498,PRO-98
-84.2446,-21.0056,GLN-99
-93.984,130.107,HIS-100
-90.1817,-35.3392,LEU-101
-82.1985,133.556,ILE-102
-160.586,155.792,ARG-103
-156.641,140.888,VAL-104
-148.226,-169.593,GLU-105
85.8738,-41.9961,GLY-106
-86.4596,125.046,ASN-107
-79.4978,-13.1637,LEU-108
-95.6757,121.68,ARG-109
-159.273,121.949,VAL-110
-149.825,156.576,GLU-111
-96.2225,141.383,TYR-112
-137.093,165.337,LEU-113
-90.3289,112.965,ASP-114
-55.5185,143.065,ASP-115
-85.4612,-15.9129,ARG-116
-84.123,-42.0304,ASN-117
-114.524,-23.8536,THR-118
74.2904,-9.06593,PHE-119
-67.8262,119.339,ARG-120
-52.4043,120.754,HIS-121
-151.879,166.377,SER-122
-86.0289,138.478,VAL-123
-129.387,141.287,VAL-124
-131.577,145.105,VAL-125
-60.5852,142.985,PRO-126
-79.9368,118.863,TYR-127
-103.631,123.898,GLU-128
-71.6303,164.656,PRO-129
-54.424,148.67,PRO-130
-76.9669,161.594,GLU-131
-61.2184,118.672,VAL-132
99.9716,-9.00842,GLY-133
-78.3205,137.824,SER-134
-84.6828,-24.3884,ASP-135
-152.681,168,CYS-136
-94.2836,145.3,THR-137
-128.769,128.637,THR-138
-106.379,141.64,ILE-139
-119.142,93.8503,HIS-140
-73.5138,178.028,TYR-141
-165.388,150.349,ASN-142
-143.007,165.868,TYR-143
-146.574,144.052,MET-144
-135.368,174.205,CYS-145
-112.601,124.272,ASN-146
-88.4038,-25.4667,SER-147
-81.9797,19.2768,SER-148
-80.9991,157.642,CYS-149
-78.1245,-32.1601,MET-150
104.603,-45.2341,GLY-151
174.175,150.54,GLY-152
-50.0084,-22.1941,ILE-153
-159.823,110.233,ASN-154
-56.4514,125.421,ARG-155
-150.952,155.259,ARG-156
-69.0309,166.015,PRO-157
-141.329,137.125,ILE-158
-108.591,119.956,LEU-159
-81.4362,131.891,THR-160
-111.84,97.7043,ILE-161
-88.809,139.42,ILE-162
-132.199,171.947,THR-163
-119.26,144.307,LEU-164
-153.396,158.716,GLU-165
-76.8143,173.711,ASP-166
-79.4064,-16.5266,SER-167
-61.7447,-22.5766,SER-168
92.87,2.22199,GLY-169
-73.3666,123.441,ASN-170
-58.7938,141.715,LEU-171
-138.103,-10.42,LEU-172
-176.152,158.161,GLY-173
-157.333,143.535,ARG-174
-163.454,111.015,ASN-175
-124.101,150.849,SER-176
-157.072,156.054,PHE-177
-75.1757,129.206,GLU-178
-106.064,140.93,VAL-179
-125.622,132.068,ARG-180
-94.3528,136.785,VAL-181
-161.784,177.082,CYS-182
-82.8926,-44.5006,ALA-183
-124.902,83.7407,CYS-184
-49.6244,-32.9568,PRO-185
-70.964,-40.2777,GLY-186
-70.1371,-39.9296,ARG-187
-72.5129,-34.041,ASP-188
-55.9493,-63.0846,ARG-189
-46.9821,-41.3231,ARG-190
-64.8617,-22.5087,THR-191
-119.755,-15.5255,GLU-192
-81.4348,-11.7115,GLU-193
-54.5474,-18.8045,GLU-194
-84.0215,-5.40723,ASN-195
-80.9503,162.715,LEU-196
-88.0583,-23.5812,ARG-197
-70.2634,151.047,LYS-198
-78.2082,156.524,LYS-199
-95.58,-174.196,GLY-200
-63.4779,144.485,GLU-201
-88.8734,169.791,PRO-202
-165.569,150.626,HIS-203
-67.752,155.998,HIS-204
-59.4042,-13.2002,GLU-205
-92.1197,-46.1219,LEU-206
-54.6687,132.894,PRO-207
-64.2908,-177.048,PRO-208
-71.9952,158.572,GLY-209
-86.9221,-130.617,SER-210
-113.071,143.089,THR-211
-71.5773,148.725,LYS-212
59.7146,143.399,ARG-213
-54.6769,137.066,ALA-214
-71.296,-13.48,LEU-215
-63.2817,170.537,PRO-216
-107.093,12.0503,ASN-217
-50.1752,107.092,ASN-218
-108.65,138.674,SER-2
175.6,144.947,SER-3
-52.8953,114.243,VAL-4
-75.9796,113.775,PRO-5
-65.7918,148.881,SER-6
-75.1039,-15.7614,GLN-7
-45.1907,102.698,LYS-8
-72.3684,143.329,THR-9
-161.082,155.206,TYR-10
-95.1932,-35.1298,GLN-11
75.509,179.539,GLY-12
-67.1751,-15.3409,SER-13
-95.0214,-12.2998,TYR-14
84.2419,29.8825,GLY-15
-67.5546,145.747,PHE-16
-173.889,159.95,ARG-17
-117.648,165.477,LEU-18
-167.266,169.861,GLY-19
-122.774,167.302,PHE-20
-52.2536,137.068,LEU-21
-118.803,121.372,HIS-22
-172.38,-0.0576205,SER-23
94.3769,-141.404,GLY-24
-149.794,4.49976,THR-25
-70.1943,161.963,ALA-26
-54.5443,-17.6308,LYS-27
-66.7958,-24.1659,SER-28
-76.2105,127.343,VAL-29
-97.4211,-27.4352,THR-30
-154.658,153.323,CYS-31
-153.262,165.225,THR-32
-136.423,130.57,TYR-33
-102.591,105.719,SER-34
-64.1992,-21.7628,PRO-35
-76.605,-42.423,ALA-36
-71.2765,-22.1231,LEU-37
65.6294,45.6277,ASN-38
-149.941,129.402,LYS-39
-93.7204,159.684,MET-40
-130.66,125.648,PHE-41
-125.081,131.101,CYS-42
-69.0555,117.091,GLN-43
-43.4386,132.56,LEU-44
69.2964,-31.6252,ALA-45
-79.7923,160.074,LYS-46
-57.8794,125.005,THR-47
-106.846,84.1867,CYS-48
-54.6381,132.259,PRO-49
-117.061,157.15,VAL-50
-120.794,150.442,GLN-51
-140.478,147.676,LEU-52
-137.206,165.334,TRP-53
-139.322,160.613,VAL-54
-82.502,-12.9543,ASP-55
-164.187,129.379,SER-56
-49.9628,117.892,THR-57
-76.4588,164.027,PRO-58
-65.527,162.419,PRO-59
-60.3207,138.861,PRO-60
87.4939,1.02781,GLY-61
-68.748,148.703,THR-62
-153.032,151.783,ARG-63
-99.0661,147.859,VAL-64
-138.318,151.707,ARG-65
-133.71,135.298,ALA-66
-144.714,177.738,MET-67
-164.329,126.511,ALA-68
-103.672,151.14,ILE-69
-108.137,135.605,TYR-70
-118.545,149.971,LYS-71
-127.254,171.335,GLN-72
-58.5237,-1.68814,SER-73
-131.671,-5.05765,GLN-74
-166.152,138.024,HIS-75
-101.49,-3.69355,MET-76
-89.9294,51.0512,THR-77
-145.952,167.933,GLU-78
-121.406,146.227,VAL-79
-50.2111,124.842,VAL-80
-143.041,140.977,ARG-81
-47.9567,148.958,ARG-82
-41.2667,142.833,CYS-83
-62.4515,-28.0864,PRO-84
-80.9631,-12.5386,HIS-85
-111.361,9.16361,HIS-86
-78.3311,-21.4154,GLU-87
-131.381,-29.59,ARG-88
-56.2712,148.211,CYS-89
-68.815,-10.7918,SER-90
-67.9192,-39.8186,ASP-91
-73.6047,-16.4798,SER-92
-98.4759,145.187,ASP-93
157.713,-124.844,GLY-94
-69.0616,-42.585,LEU-95
-82.304,118.98,ALA-96
-65.7333,144.771,PRO-97
-63.8513,-23.862,PRO-98
-82.6366,-12.2365,GLN-99
-82.0606,130.075,HIS-100
-81.1966,-45.8025,LEU-101
-83.4586,115.125,ILE-102
-132.601,162.135,ARG-103
-149.096,160.717,VAL-104
-162.355,172.716,GLU-105
76.8177,-42.5871,GLY-106
-65.65,135.236,ASN-107
-53.2454,-26.5083,LEU-108
-123.627,163.209,ARG-109
-174.895,120.758,VAL-110
-147.628,149.563,GLU-111
-99.8515,123.118,TYR-112
-136.979,154.435,LEU-113
-82.4194,119.445,ASP-114
-50.899,151.979,ASP-115
-87.1033,-28.0438,ARG-116
-99.1387,-27.0653,ASN-117
-120.621,-22.9198,THR-118
57.6452,10.1405,PHE-119
-65.4285,117.276,ARG-120
-50.8147,133.649,HIS-121
-169.406,151.115,SER-122
-65.8302,137.033,VAL-123
-130.602,138.481,VAL-124
-143.832,133.203,VAL-125
-68.1156,153.398,PRO-126
-75.7122,148.7,TYR-127
-139.916,142.103,GLU-128
-84.9517,173.648,PRO-129
-62.361,155.782,PRO-130
-69.9237,157.19,GLU-131
-54.3909,116.858,VAL-132
82.0144,-16.2918,GLY-133
-74.8258,158.509,SER-134
-83.0323,-23.7237,ASP-135
-160.99,160.655,CYS-136
-93.1775,140.805,THR-137
-120.428,145.189,THR-138
-138.715,137.304,ILE-139
-102.621,101.529,HIS-140
-75.746,174.105,TYR-141
-152.947,153.784,ASN-142
-137.326,179.532,TYR-143
-151.465,153.543,MET-144
-171.34,167.746,CYS-145
-140.907,119.317,ASN-146
-100.425,-4.367,SER-147
-73.8548,-23.9172,SER-148
-61.8369,146.564,CYS-149
-64.8433,-39.8217,MET-150
86.6117,-147.794,GLY-151
-95.3974,163.229,GLY-152
-50.4997,-45.8727,ILE-153
-123.044,104.721,ASN-154
-57.7761,115.937,ARG-155
-137.215,157.93,ARG-156
-61.0435,151.258,PRO-157
-123.037,157.627,ILE-158
-152.534,128.786,LEU-159
-102.306,146.25,THR-160
-124.015,106.099,ILE-161
-97.0425,119.796,ILE-162
-114.256,146.975,THR-163
-109.108,130.135,LEU-164
-139.775,174.771,GLU-165
-92.535,178.735,ASP-166
-65.8105,-23.0954,SER-167
-85.3586,-10.0336,SER-168
91.6379,-10.3076,GLY-169
-62.8933,125.892,ASN-170
-69.2569,128.988,LEU-171
-105.48,-38.5006,LEU-172
-158.458,163.574,GLY-173
-146.581,146.64,ARG-174
-141.758,155.992,ASN-175
-157.073,144.687,SER-176
-160.972,150.037,PHE-177
-63.9457,147.162,GLU-178
-125.066,158.493,VAL-179
-154.516,122.218,ARG-180
-98.3336,139.787,VAL-181
-152.491,-179.428,CYS-182
-74.8195,-40.8045,ALA-183
-142.19,85.3393,CYS-184
-45.9553,-44.9345,PRO-185
-70.146,-29.2731,GLY-186
-72.5894,-41.8208,ARG-187
-64.9321,-42.6205,ASP-188
-51.9748,-55.501,ARG-189
-58.3032,-28.769,ARG-190
-83.5804,-51.4872,THR-191
-82.4471,-25.4933,GLU-192
-71.6297,-10.8887,GLU-193
-70.3769,-21.0577,GLU-194
-60.626,-22.2143,ASN-195
-72.5128,139.441,LEU-196
-75.4325,-22.4564,ARG-197
-96.4994,167.231,LYS-198
-58.5842,142.028,LYS-199
-90.3704,155.548,GLY-200
-75.693,139.814,GLU-201
-61.6581,165.607,PRO-202
-168.191,138.41,HIS-203
-47.7944,125.144,HIS-204
-73.8682,-24.287,GLU-205
-72.1217,-53.2434,LEU-206
-66.4195,135.536,PRO-207
-85.8947,153.947,PRO-208
-69.3693,174.61,GLY-209
-113.843,-110.422,SER-210
-128.49,166.467,THR-211
-97.0727,139.097,LYS-212
86.9595,146.779,ARG-213
-76.2819,135.819,ALA-214
-54.0845,-38.119,LEU-215
-72.828,148.841,PRO-216
-74.5984,8.28692,ASN-217
-51.0848,137.797,ASN-218
-141.023,133.103,SER-2
-170.402,153.209,SER-3
-75.9884,133.795,VAL-4
-55.981,130.987,PRO-5
-78.8482,147.42,SER-6
-112.379,-9.56177,GLN-7
-69.439,115.05,LYS-8
-74.411,154.338,THR-9
-167.162,152.646,TYR-10
-100.186,-30.4003,GLN-11
72.4671,-167.839,GLY-12
-70.3956,-32.0503,SER-13
-88.3997,4.4609,TYR-14
60.1178,45.3876,GLY-15
-69.1941,122.527,PHE-16
-156.71,151.154,ARG-17
-99.4464,163.197,LEU-18
-149.169,171.213,GLY-19
-140.194,156.786,PHE-20
-80.9516,111.53,LEU-21
-70.9798,128.274,HIS-22
-163.551,-33.9173,SER-23
158.052,-107.942,GLY-24
-155.041,2.01332,THR-25
-61.2138,163.007,ALA-26
-68.3442,-29.8966,LYS-27
-63.4292,-15.238,SER-28
-67.9797,112.936,VAL-29
-79.5446,-24.2447,THR-30
-157.835,162.19,CYS-31
-150.62,173.063,THR-32
-141.501,122.062,TYR-33
-74.1544,106.359,SER-34
-57.0736,-43.1844,PRO-35
-71.6724,-11.7735,ALA-36
-109.878,-15.6525,LEU-37
61.118,32.78,ASN-38
-122.347,129.901,LYS-39
-96.0979,132.444,MET-40
-107.505,138.918,PHE-41
-141.173,114.083,CYS-42
-67.3629,127.88,GLN-43
-57.7388,143.147,LEU-44
74.033,-1.70414,ALA-45
-118.818,165.207,LYS-46
-82.9435,106.593,THR-47
-97.993,89.4296,CYS-48
-66.2181,91.6435,PRO-49
-71.6846,127.71,VAL-50
-90.756,158.09,GLN-51
-153.692,160.227,LEU-52
-161.764,141.065,TRP-53
-126.17,162.289,VAL-54
-74.1472,-32.0374,ASP-55
-159.469,139.053,SER-56
-67.924,121.234,THR-57
-54.6478,162.222,PRO-58
-75.2343,-179.217,PRO-59
-82.6086,162.668,PRO-60
69.4522,-1.34617,GLY-61
-59.8234,141.177,THR-62
-151.994,150.949,ARG-63
-109.75,143.801,VAL-64
-121.181,158.522,ARG-65
-150.066,153.684,ALA-66
-159.482,153.839,MET-67
-133.011,152.141,ALA-68
-115.298,161.183,ILE-69
-129.623,118.027,TYR-70
-90.2408,140.09,LYS-71
-135.449,170.554,GLN-72
-69.592,20.3491,SER-73
-157.133,-4.66508,GLN-74
-173.688,164.096,HIS-75
-134.722,-2.18159,MET-76
-84.4828,73.0553,THR-77
-166.419,144.805,GLU-78
-100.476,158.427,VAL-79
-70.086,130.019,VAL-80
-130.128,165.758,ARG-81
-74.0651,174.496,ARG-82
-78.8438,146.008,CYS-83
-57.9988,-34.1187,PRO-84
-64.2476,-9.08444,HIS-85
-108.273,-8.92844,HIS-86
-71.974,11.5134,GLU-87
-155.642,-43.6683,ARG-88
-70.6549,177.389,CYS-89
-51.5862,-30.1157,SER-90
-86.4061,5.57405,ASP-91
-127.235,-25.0383,SER-92
-91.7384,123.953,ASP-93
-179.717,-151.493,GLY-94
-59.7733,-56.6222,LEU-95
-55.3969,119.964,ALA-96
-62.5999,153.895,PRO-97
-66.1782,-30.9472,PRO-98
-65.1379,-41.8095,GLN-99
-75.8741,127.292,HIS-100
-75.6616,-44.5569,LEU-101
-82.1554,135.545,ILE-102
-144.836,154.316,ARG-103
-143.456,156.986,VAL-104
-161.63,-177.196,GLU-105
98.4036,-16.5641,GLY-106
-125.078,149.938,ASN-107
-66.6314,-39.1971,LEU-108
-104.732,136.38,ARG-109
-170.904,137.245,VAL-110
-160.636,156.275,GLU-111
-104.487,127.862,TYR-112
-127.314,149.054,LEU-113
-73.4298,120.106,ASP-114
-63.6645,151.465,ASP-115
-69.521,-60.5156,ARG-116
-68.8148,-33.384,ASN-117
-108.561,-22.5312,THR-118
73.7073,7.97461,PHE-119
-75.6779,121.164,ARG-120
-60.9974,121.38,HIS-121
-139.43,148.66,SER-122
-66.0471,142.28,VAL-123
-141.478,129.858,VAL-124
-124.672,151.587,VAL-125
-62.6452,149.775,PRO-126
-86.845,120.007,TYR-127
-100.409,113.711,GLU-128
-58.6505,149.936,PRO-129
-78.9464,147.416,PRO-130
-63.0184,163.306,GLU-131
-65.3906,132.577,VAL-132
85.6574,-1.86677,GLY-133
-93.2623,164.048,SER-134
-84.0836,-46.522,ASP-135
-156.057,-174.396,CYS-136
-105.972,139.573,THR-137
-123.474,145.038,THR-138
-128.086,120.791,ILE-139
-82.5857,100.505,HIS-140
-85.5783,164.404,TYR-141
-157.735,158.166,ASN-142
-152.376,175.982,TYR-143
-150.31,157.765,MET-144
-159.848,177.692,CYS-145
-148.861,110.017,ASN-146
-80.0549,2.66982,SER-147
-91.3606,2.50115,SER-148
-79.4226,147.339,CYS-149
-55.8458,-48.8881,MET-150
85.5034,4.97307,GLY-151
69.167,-154.875,GLY-152
-88.409,-29.4123,ILE-153
-154.836,82.6554,ASN-154
-43.598,131.82,ARG-155
-159.685,162.29,ARG-156
-71.8141,148.639,PRO-157
-128.333,133.504,ILE-158
-115.522,127.422,LEU-159
-92.0573,165.925,THR-160
-132.835,109.344,ILE-161
-98.0866,146.604,ILE-162
-145.889,151.425,THR-163
-103.236,128.021,LEU-164
-143.436,167.083,GLU-165
-81.7949,169.514,ASP-166
-63.1907,-26.4852,SER-167
-75.3848,-0.89043,SER-168
78.5404,-3.55478,GLY-169
-61.7614,124.665,ASN-170
-75.3087,121.342,LEU-171
-112.548,-3.08877,LEU-172
170.916,148.919,GLY-173
-137.667,131.935,ARG-174
-149.343,143.259,ASN-175
-144.914,126.551,SER-176
-147.027,149.087,PHE-177
-59.4148,147.864,GLU-178
-121.683,139.826,VAL-179
-143.35,128.454,ARG-180
-95.725,134.639,VAL-181
-159.969,174.344,CYS-182
-101.597,-36.2484,ALA-183
-121.42,88.083,CYS-184
-55.616,-27.5308,PRO-185
-69.8239,-54.3122,GLY-186
-61.5869,-41.8668,ARG-187
-68.6393,-39.1853,ASP-188
-61.266,-58.515,ARG-189
-44.025,-35.1747,ARG-190
-81.6558,-53.198,THR-191
-73.7542,-40.0286,GLU-192
-57.3674,-22.9338,GLU-193
-55.7278,-5.58793,GLU-194
-80.3938,-17.3647,ASN-195
-71.4872,132.589,LEU-196
-57.477,-20.279,ARG-197
-95.5259,159.639,LYS-198
-63.6936,112.353,LYS-199
-77.1182,-169.877,GLY-200
-84.4284,140.608,GLU-201
-88.6391,169.601,PRO-202
-105.918,-93.0279,HIS-203
-161.102,138.138,HIS-204
-54.5547,-31.183,GLU-205
-86.8881,-46.8988,LEU-206
-78.4078,154.45,PRO-207
-74.2154,-166.192,PRO-208
-98.959,154.378,GLY-209
-80.5585,-123.292,SER-210
-137.407,158.313,THR-211
-109.86,162.105,LYS-212
71.1394,142.607,ARG-213
-77.182,139.281,ALA-214
-59.482,-22.7067,LEU-215
-62.4642,118.369,PRO-216
-69.365,45.8313,ASN-217
-71.8748,113.097,ASN-218
-118.554,138.624,SER-2
-171.913,156.072,SER-3
-74.4335,122.631,VAL-4
-68.7471,154.697,PRO-5
-83.0418,154.625,SER-6
-104.172,-8.23729,GLN-7
-67.9401,113.715,LYS-8
-69.7196,129.847,THR-9
-151.854,161.583,TYR-10
-100.69,-48.4822,GLN-11
82.6165,-153.194,GLY-12
-63.5667,-40.4705,SER-13
-84.7011,-17.5706,TYR-14
61.0751,45.0645,GLY-15
-62.0468,137.596,PHE-16
-159.104,151.563,ARG-17
-109.797,152.341,LEU-18
-136.6,143.331,GLY-19
-118.285,129.004,PHE-20
-61.8759,141.513,LEU-21
-94.8959,153.219,HIS-22
-159.816,-20.8992,SER-23
113.239,-151.062,GLY-24
-127.544,-6.33754,THR-25
-71.5657,162.181,ALA-26
-60.1145,-16.4667,LYS-27
-57.9634,-28.9275,SER-28
-60.161,126.031,VAL-29
-72.9408,-51.8105,THR-30
-161.431,164.975,CYS-31
-159.225,145.687,THR-32
-115.382,138.351,TYR-33
-108.289,105.206,SER-34
-51.3234,-52.5669,PRO-35
-62.9459,-24.7173,ALA-36
-94.7293,2.12882,LEU-37
43.9936,37.3247,ASN-38
-127.74,133.94,LYS-39
-111.619,119.759,MET-40
-87.2371,130.541,PHE-41
-142.777,135.99,CYS-42
-77.8831,119.827,GLN-43
-53.9433,130.261,LEU-44
74.076,-25.7542,ALA-45
-59.2258,163.637,LYS-46
-75.1976,87.894,THR-47
-81.3835,107.213,CYS-48
-83.1924,142.23,PRO-49
-133.554,133.324,VAL-50
-96.4832,142.759,GLN-51
-121.719,138.296,LEU-52
-127.619,157.409,TRP-53
-156.399,145.882,VAL-54
-79.0132,-26.2915,ASP-55
-147.44,171.357,SER-56
-103.028,136.109,THR-57
-65.1423,156.443,PRO-58
-63.1246,165.325,PRO-59
-61.1176,149.533,PRO-60
100.524,-19.2832,GLY-61
-66.5195,147.339,THR-62
-155.089,135.555,ARG-63
-98.4801,120.651,VAL-64
-113.292,156.16,ARG-65
-153.218,129.154,ALA-66
-153.602,141.954,MET-67
-111.542,120.186,ALA-68
-96.8723,150.643,ILE-69
-121.222,128.969,TYR-70
-114.136,149.899,LYS-71
-149.378,179.055,GLN-72
-58.0389,-7.91034,SER-73
-152.311,-7.28284,GLN-74
-140.504,152.382,HIS-75
-127.132,44.2721,MET-76
-114.183,74.4094,THR-77
-176.967,134.863,GLU-78
-101.908,150.92,VAL-79
-63.0038,139.262,VAL-80
-169.621,144.018,ARG-81
-63.4248,151.644,ARG-82
-82.7653,162.785,CYS-83
-43.883,-39.1673,PRO-84
-46.9796,-12.8041,HIS-85
-156.96,12.1629,HIS-86
-80.8514,-15.9963,GLU-87
-130.892,-31.1239,ARG-88
-78.4924,171.382,CYS-89
-77.4129,-4.13051,SER-90
-76.6605,-15.8008,ASP-91
-98.2483,-49.0995,SER-92
-67.5188,126.39,ASP-93
-130.945,-136.416,GLY-94
-62.8057,-53.104,LEU-95
-58.5367,119.709,ALA-96
-65.2833,154.912,PRO-97
-74.5212,-21.364,PRO-98
-69.9052,-22.3402,GLN-99
-73.9346,131.175,HIS-100
-87.1883,-38.5686,LEU-101
-92.5252,126.036,ILE-102
-138.02,168.161,ARG-103
-155.1,153.024,VAL-104
-147.032,-173.3,GLU-105
105.504,-72.3096,GLY-106
-63.5555,140.445,ASN-107
-73.9413,-28.2864,LEU-108
-86.4067,140.285,ARG-109
-177.362,140.663,VAL-110
-172.903,157.977,GLU-111
-106.596,132.333,TYR-112
-139.255,160.94,LEU-113
-85.5297,134.058,ASP-114
-69.5271,135.367,ASP-115
-68.2371,-24.7358,ARG-116
-99.1887,-17.2975,ASN-117
-127.405,-27.68,THR-118
71.2804,13.4594,PHE-119
-76.8744,132.104,ARG-120
-97.9274,130.178,HIS-121
-162.099,143.899,SER-122
-62.9245,130.325,VAL-123
-134.12,128.216,VAL-124
-133.572,148.947,VAL-125
-84.1933,149.831,PRO-126
-68.1397,135.12,TYR-127
-121.771,104.24,GLU-128
-62.1976,155.857,PRO-129
-62.3789,136.257,PRO-130
-65.8896,158.274,GLU-131
-55.4139,130.036,VAL-132
92.1731,-24.2269,GLY-133
-69.6442,145.594,SER-134
-78.343,-37.2652,ASP-135
-157.815,177.807,CYS-136
-89.2401,154.884,THR-137
-134.186,144.112,THR-138
-126.925,136.711,ILE-139
-109.74,78.7903,HIS-140
-53.5819,164.764,TYR-141
-163.463,156.475,ASN-142
-145.894,155.556,TYR-143
-131.503,160.68,MET-144
-166.958,-167.45,CYS-145
164.242,107.1,ASN-146
-63.9976,-11.1685,SER-147
-68.6082,-19.4067,SER-148
-71.0106,143.787,CYS-149
-60.5711,-52.9676,MET-150
83.3011,-8.53747,GLY-151
68.9869,-172.151,GLY-152
-39.9516,-47.1395,ILE-153
-148.476,105.757,ASN-154
-54.5166,120.387,ARG-155
-138.369,165.464,ARG-156
-85.0924,166.278,PRO-157
-141.28,137.965,ILE-158
-126.995,138.134,LEU-159
-104.538,146.883,THR-160
-125.587,108.309,ILE-161
-101.712,119.558,ILE-162
-122.052,127.492,THR-163
-89.1117,135.24,LEU-164
-161.455,153.49,GLU-165
-72.644,173.834,ASP-166
-72.7966,-19.667,SER-167
-74.795,-2.14096,SER-168
79.6517,-17.7036,GLY-169
-41.7462,119.554,ASN-170
-79.8218,132.208,LEU-171
-124.488,-7.96558,LEU-172
172.381,148.069,GLY-173
-126.675,141.806,ARG-174
-149.132,127.186,ASN-175
-139.936,149.586,SER-176
-169.031,163.011,PHE-177
-90.6288,143.136,GLU-178
-117.521,152.053,VAL-179
-138.244,116.469,ARG-180
-77.7639,157.23,VAL-181
-179.779,178.81,CYS-182
-98.6296,-42.2643,ALA-183
-119.798,86.0013,CYS-184
-46.1289,-34.1327,PRO-185
-66.2098,-59.9064,GLY-186
-54.9507,-50.8093,ARG-187
-60.0391,-45.2622,ASP-188
-46.9782,-57.0688,ARG-189
-57.342,-29.0686,ARG-190
-76.7081,-40.0739,THR-191
-103.579,-27.9853,GLU-192
-63.1369,-14.037,GLU-193
-80.4097,-15.4752,GLU-194
-82.0832,1.0093,ASN-195
-60.9997,148.786,LEU-196
-67.3011,12.2031,ARG-197
-145.723,172.306,LYS-198
-86.2413,173.814,LYS-199
-130.38,-165.931,GLY-200
-81.1192,107.794,GLU-201
-63.2814,157.341,PRO-202
-124.979,-172.91,HIS-203
-75.1688,149.176,HIS-204
-65.9039,-36.6101,GLU-205
-70.3689,-59.2032,LEU-206
-71.6011,154.753,PRO-207
-99.667,-171.685,PRO-208
-67.9961,148.074,GLY-209
-95.9361,-102.383,SER-210
-129.81,161.327,THR-211
-97.2916,151.984,LYS-212
66.0673,158.051,ARG-213
-71.2238,152.948,ALA-214
-67.5759,-20.766,LEU-215
-67.3633,145.057,PRO-216
-93.3039,43.023,ASN-217
-67.4983,146.276,ASN-218
-114.517,150.181,SER-2
172.591,144.556,SER-3
-74.6816,123.963,VAL-4
-56.4111,167.071,PRO-5
-91.3707,142.179,SER-6
-110.128,7.14007,GLN-7
-64.5177,106.81,LYS-8
-62.3014,126.227,THR-9
-157.963,143.679,TYR-10
-98.5075,-37.0717,GLN-11
46.3319,-146.427,GLY-12
-65.5165,-26.859,SER-13
-85.7135,-23.6514,TYR-14
89.0793,5.1778,GLY-15
-33.3965,133.521,PHE-16
-174.939,164.079,ARG-17
-115.26,165.328,LEU-18
-145.22,179.822,GLY-19
-141.264,164.774,PHE-20
-86.0697,134.544,LEU-21
-100.995,132.068,HIS-22
-156.165,-21.9075,SER-23
146.748,-154.946,GLY-24
-137.249,16.9281,THR-25
-76.751,157.421,ALA-26
-54.9846,-18.8324,LYS-27
-73.1216,-23.3703,SER-28
-62.4197,122.413,VAL-29
-78.9331,-36.3856,THR-30
-173.244,171.87,CYS-31
-169.623,140.553,THR-32
-132.17,119.808,TYR-33
-96.0736,108.58,SER-34
-64.0972,-40.3528,PRO-35
-55.5217,-12.3812,ALA-36
-125.644,-2.2597,LEU-37
46.2631,33.1918,ASN-38
-121.06,118.499,LYS-39
-84.7798,147.559,MET-40
-112.567,128.271,PHE-41
-126.532,139.832,CYS-42
-87.3978,126.509,GLN-43
-54.3145,138.024,LEU-44
80.4581,-30.1167,ALA-45
-80.2585,163.963,LYS-46
-81.1601,135.698,THR-47
-110.114,104.258,CYS-48
-70.6146,124.527,PRO-49
-120.301,122.3,VAL-50
-80.1913,144.32,GLN-51
-126.818,144.484,LEU-52
-134.335,167.25,TRP-53
-148.476,166.369,VAL-54
-111.503,-32.5847,ASP-55
-129.505,134.194,SER-56
-56.9949,124.829,THR-57
-65.3517,150.363,PRO-58
-45.1051,149.233,PRO-59
-51.4577,126.958,PRO-60
95.2965,6.32889,GLY-61
-70.0732,158.274,THR-62
-153.339,143.302,ARG-63
-89.9911,129.185,VAL-64
-120.302,144.715,ARG-65
-134.964,133.18,ALA-66
-154.361,159.624,MET-67
-142.287,129.157,ALA-68
-98.5768,147.169,ILE-69
-119.089,128.632,TYR-70
-115.966,138.874,LYS-71
-134.988,168.053,GLN-72
-50.329,-15.7761,SER-73
-124.006,-9.96167,GLN-74
-149.2,152.363,HIS-75
-119.48,13.8365,MET-76
-105.104,41.7911,THR-77
-129.159,154.343,GLU-78
-103.405,161.974,VAL-79
-63.043,131.861,VAL-80
-153.585,152.557,ARG-81
-67.0239,149.349,ARG-82
-46.9355,143.96,CYS-83
-52.0749,-32.148,PRO-84
-68.0009,-8.37967,HIS-85
-122.018,-17.9233,HIS-86
-54.6883,-23.1906,GLU-87
-123.916,-24.7602,ARG-88
-72.0817,148.511,CYS-89
-47.7847,-31.3955,SER-90
-84.2692,-7.57605,ASP-91
-101.768,-27.8931,SER-92
-72.1982,137.657,ASP-93
-151.179,-162.812,GLY-94
-40.9289,-29.6935,LEU-95
-98.569,108.143,ALA-96
-63.2482,160.056,PRO-97
-57.396,-19.2838,PRO-98
-86.6546,-20.692,GLN-99
-82.1474,116.044,HIS-100
-81.9568,-33.9323,LEU-101
-79.0579,118.529,ILE-102
-128.578,148.99,ARG-103
-135.116,139.065,VAL-104
-153.362,-172.141,GLU-105
97.1712,11.7468,GLY-106
-169.548,133.093,ASN-107
-51.6575,-54.6414,LEU-108
-69.9979,142.898,ARG-109
167.185,141.236,VAL-110
-166.684,159.405,GLU-111
-114.334,127.096,TYR-112
-142.041,154.7,LEU-113
-84.3061,121.789,ASP-114
-58.4834,141.414,ASP-115
-72.4779,-27.5554,ARG-116
-92.673,-41.6306,ASN-117
-99.6899,-18.666,THR-118
76.1262,-1.41168,PHE-119
-77.2065,112.162,ARG-120
-65.08,122.621,HIS-121
-163.468,152.871,SER-122
-99.7032,137.855,VAL-123
-131.553,141.93,VAL-124
-144.151,153.84,VAL-125
-70.6084,158.21,PRO-126
-89.7513,128.365,TYR-127
-111.812,144.262,GLU-128
-81.0089,162.199,PRO-129
-69.4007,121.926,PRO-130
-76.9373,157.265,GLU-131
-44.8782,121.088,VAL-132
77.0347,-8.16119,GLY-133
-72.1936,144.86,SER-134
-99.9443,-12.2626,ASP-135
-170.374,154.224,CYS-136
-83.7164,147.387,THR-137
-138.908,128.999,THR-138
-111.152,144.302,ILE-139
-107.529,78.0848,HIS-140
-62.9245,156.615,TYR-141
-158.055,154.204,ASN-142
-143.036,165.751,TYR-143
-161.913,119.53,MET-144
-114.133,167.789,CYS-145
-130.18,129.209,ASN-146
-75.372,-29.021,SER-147
-71.9274,-8.43038,SER-148
-48.0296,159.487,CYS-149
-70.2737,-47.4138,MET-150
87.0065,14.9551,GLY-151
62.4138,-154.55,GLY-152
-64.6759,-28.0853,ILE-153
-164.932,117.827,ASN-154
-76.497,112.478,ARG-155
-138.788,159.926,ARG-156
-84.6266,173.682,PRO-157
-139.727,154.77,ILE-158
-145.329,134.762,LEU-159
-98.8879,144.207,THR-160
-115.934,119.178,ILE-161
-112.118,125.746,ILE-162
-129.701,162.05,THR-163
-116.547,134.762,LEU-164
-149.399,168.852,GLU-165
-92.6097,173.659,ASP-166
-71.8577,-20.9337,SER-167
-72.8471,-4.95632,SER-168
82.1949,-4.29503,GLY-169
-67.9654,125.27,ASN-170
-79.0787,129.347,LEU-171
-116.91,-16.4936,LEU-172
-172.57,153.722,GLY-173
-141.988,141.674,ARG-174
-142.662,148.296,ASN-175
-140.354,146.324,SER-176
-142.447,160.659,PHE-177
-87.1665,151.111,GLU-178
-134.085,140.563,VAL-179
-140.624,109.589,ARG-180
-81.6829,129.886,VAL-181
-160.578,-179.075,CYS-182
-84.0728,-40.9096,ALA-183
-137.97,104.182,CYS-184
-70.2309,-17.3246,PRO-185
-66.7705,-46.8921,GLY-186
-62.8256,-54.0456,ARG-187
-74.6244,-32.4667,ASP-188
-60.0416,-53.5737,ARG-189
-57.2833,-25.1419,ARG-190
-76.4916,-71.5511,THR-191
-68.6023,-12.8693,GLU-192
-80.3185,-18.4967,GLU-193
-82.3167,1.85726,GLU-194
-81.6926,3.4502,ASN-195
-113.483,157.882,LEU-196
-83.7799,-55.7088,ARG-197
-54.0823,141.858,LYS-198
-85.7835,132.902,LYS-199
-82.4809,-178.842,GLY-200
-72.0119,147.519,GLU-201
-81.6709,174.55,PRO-202
-157.798,-178.514,HIS-203
-91.6321,154.592,HIS-204
-54.911,-42.1997,GLU-205
-84.4485,-41.2035,LEU-206
-72.3538,134.03,PRO-207
-102.339,-176.296,PRO-208
-58.4749,149.531,GLY-209
-110.213,-143.523,SER-210
-119.347,145.517,THR-211
-80.0934,138.677,LYS-212
80.5282,134.823,ARG-213
-61.1808,159.31,ALA-214
-70.8255,-20.213,LEU-215
-65.3761,140.912,PRO-216
-81.3771,13.6327,ASN-217
-43.1068,114.868,ASN-218
-118.961,168.751,SER-2
161.717,144.456,SER-3
-77.7234,130.002,VAL-4
-75.1663,136.212,PRO-5
-73.5621,151.444,SER-6
-108.905,15.3536,GLN-7
-63.5988,109.807,LYS-8
-74.5934,129.147,THR-9
-144.529,156.581,TYR-10
-68.1602,-43.7098,GLN-11
76.854,-159.193,GLY-12
-81.6156,-14.7352,SER-13
-137.996,4.51692,TYR-14
101.721,7.11565,GLY-15
-52.3768,131.804,PHE-16
-161.099,149.822,ARG-17
-107.998,161.714,LEU-18
-157.316,-174.748,GLY-19
-158.86,144.886,PHE-20
-63.766,129.821,LEU-21
-120.712,43.4188,HIS-22
-70.9139,-38.8995,SER-23
153.949,-160.095,GLY-24
-136.076,7.18666,THR-25
-67.5092,162.026,ALA-26
-60.6512,-26.821,LYS-27
-63.1108,-16.4007,SER-28
-65.9818,133.781,VAL-29
-73.8352,-42.1413,THR-30
-156.491,159.559,CYS-31
-165.544,147.685,THR-32
-141.815,119.748,TYR-33
-96.1071,105.347,SER-34
-62.8818,-33.5583,PRO-35
-65.6142,-7.49566,ALA-36
-120.475,-15.4307,LEU-37
52.2342,65.6418,ASN-38
-154.386,118.378,LYS-39
-80.2399,128.042,MET-40
-117.746,118.088,PHE-41
-118.637,141.782,CYS-42
-84.2996,123.136,GLN-43
-57.1909,133.655,LEU-44
72.2738,-0.928409,ALA-45
-96.3721,144.594,LYS-46
-54.8916,146.076,THR-47
-121.27,103.274,CYS-48
-69.3893,105.777,PRO-49
-93.1881,144.407,VAL-50
-99.9102,146.608,GLN-51
-136.077,135.148,LEU-52
-129.508,159.403,TRP-53
-133.167,161.391,VAL-54
-78.193,-28.5922,ASP-55
-164.127,148.317,SER-56
-51.1773,122.118,THR-57
-75.3138,152.5,PRO-58
-51.1476,157.963,PRO-59
-44.0686,136.677,PRO-60
77.0728,7.91995,GLY-61
-71.3225,156.841,THR-62
-149.297,146.653,ARG-63
-79.7461,137.733,VAL-64
-133.404,150.322,ARG-65
-136.302,129.868,ALA-66
-146.796,169.362,MET-67
-169.201,123.996,ALA-68
-102.129,146.61,ILE-69
-101.279,146.315,TYR-70
-128.874,143.909,LYS-71
-135.419,175.369,GLN-72
-50.454,-8.22049,SER-73
-140.125,12.5736,GLN-74
-172.561,149.537,HIS-75
-134.687,-9.34353,MET-76
-91.4132,53.2184,THR-77
-143.459,151.707,GLU-78
-109.983,162.238,VAL-79
-74.1254,145.449,VAL-80
-160.717,142.694,ARG-81
-45.7735,144.308,ARG-82
-72.8391,157.049,CYS-83
-55.7026,-27.2859,PRO-84
-68.4481,-19.7417,HIS-85
-129.651,-0.91221,HIS-86
-85.5133,-2.51012,GLU-87
-141.786,-20.779,ARG-88
-67.3454,150.262,CYS-89
-65.8106,-13.4937,SER-90
-62.9464,-36.7737,ASP-91
-102.978,-30.7141,SER-92
-74.4148,111.497,ASP-93
-149.591,-139.041,GLY-94
-45.2726,-68.1618,LEU-95
-77.6855,127.262,ALA-96
-54.0219,154.01,PRO-97
-69.0811,-11.2081,PRO-98
-85.8628,-18.9128,GLN-99
-73.7089,127.195,HIS-100
-81.0643,-53.7825,LEU-101
-82.338,131.316,ILE-102
-150.031,159.425,ARG-103
-145.586,150.103,VAL-104
-146.506,-168.122,GLU-105
93.5191,-61.8776,GLY-106
-76.9238,150.08,ASN-107
-58.7752,-34.0604,LEU-108
-104.591,149.789,ARG-109
169.487,141.459,VAL-110
-159.954,164.699,GLU-111
-118.943,125.821,TYR-112
-140.365,149.328,LEU-113
-76.943,132.064,ASP-114
-66.9053,136.672,ASP-115
-53.7254,-44.3763,ARG-116
-82.7079,-49.3308,ASN-117
-102.018,-15.4293,THR-118
74.3867,6.00495,PHE-119
-66.0192,116.23,ARG-120
-70.671,114.115,HIS-121
-149.693,156.984,SER-122
-76.6081,137.659,VAL-123
-131.456,128.243,VAL-124
-134.545,152.628,VAL-125
-89.7287,147.789,PRO-126
-74.2349,130.158,TYR-127
-131.761,144.008,GLU-128
-46.2455,154.243,PRO-129
-66.5565,147.352,PRO-130
-56.9841,158.879,GLU-131
-51.8095,116.795,VAL-132
90.8335,-10.512,GLY-133
-85.6214,169.26,SER-134
-127.802,-18.2649,ASP-135
-134.696,170.157,CYS-136
-101.676,151.634,THR-137
-120.267,143.576,THR-138
-123.859,129.348,ILE-139
-88.3467,72.5588,HIS-140
-63.7259,172.898,TYR-141
-166.132,145.635,ASN-142
-153.505,153.602,TYR-143
-148.199,140.236,MET-144
-139.669,-176.326,CYS-145
-142.389,126.665,ASN-146
-79.4836,-1.62717,SER-147
-82.2649,-27.8131,SER-148
-51.6651,133.245,CYS-149
-61.5283,-52.8442,MET-150
89.0654,21.0355,GLY-151
50.4536,-141.656,GLY-152
-76.5818,-5.66662,ILE-153
-173.393,120.186,ASN-154
-66.9182,130.263,ARG-155
-156.287,162.281,ARG-156
-94.3996,173.739,PRO-157
-134.325,150.465,ILE-158
-122.182,146.366,LEU-159
-103.498,150.666,THR-160
-122.907,108.87,ILE-161
-94.9591,143.437,ILE-162
-132.538,163.448,THR-163
-117.897,129.698,LEU-164
-143.33,155.854,GLU-165
-68.3042,153.916,ASP-166
-62.8744,-11.6309,SER-167
-75.821,-18.6463,SER-168
108.256,2.08788,GLY-169
-78.3336,111.139,ASN-170
-69.0414,133.699,LEU-171
-124.152,-8.97157,LEU-172
176.75,171.076,GLY-173
-164.79,132.984,ARG-174
-154.156,117.338,ASN-175
-118.781,157.122,SER-176
-165.28,152.117,PHE-177
-69.7266,143.529,GLU-178
-113.178,149.183,VAL-179
-136.978,125.288,ARG-180
-83.4624,145.918,VAL-181
-167.333,-176.353,CYS-182
-90.1964,-40.3181,ALA-183
-137.42,93.9727,CYS-184
-40.1515,-58.467,PRO-185
-68.4645,-39.9987,GLY-186
-53.3416,-51.9722,ARG-187
-71.2479,-38.2732,ASP-188
-52.8138,-60.8587,ARG-189
-63.5993,-26.8886,ARG-190
-62.4549,-46.1227,THR-191
-87.0506,-28.7843,GLU-192
-68.1327,-14.2392,GLU-193
-60.2077,-21.5553,GLU-194
-70.8794,6.85813,ASN-195
-104.42,152.39,LEU-196
-77.5755,-44.5254,ARG-197
-73.3558,147.673,LYS-198
-77.8834,126.273,LYS-199
-86.4946,-163.193,GLY-200
-57.5148,159.173,GLU-201
-79.7308,151.564,PRO-202
-151.105,144.851,HIS-203
-60.2817,125.727,HIS-204
-66.1445,-32.1247,GLU-205
-64.6131,-42.0297,LEU-206
-61.5904,149.647,PRO-207
-70.5634,-171.314,PRO-208
-96.214,167.454,GLY-209
-99.1865,-178.08,SER-210
-71.4601,153.815,THR-211
-81.3565,143.06,LYS-212
53.6696,161.377,ARG-213
-58.2895,159.451,ALA-214
-78.5182,-25.1632,LEU-215
-63.6447,134.863,PRO-216
-78.9248,33.1392,ASN-217
-52.652,123.525,ASN-218
-133.581,167.03,SER-2
156.282,154.601,SER-3
-81.4017,122.515,VAL-4
-57.9407,124.827,PRO-5
-68.2653,135.987,SER-6
-69.3041,-13.9344,GLN-7
-49.961,112.055,LYS-8
-71.3544,128.877,THR-9
-160.88,134.549,TYR-10
-69.9862,-30.0781,GLN-11
76.3512,-155.634,GLY-12
-52.696,-50.5974,SER-13
-107.236,-5.4857,TYR-14
100.975,29.8999,GLY-15
-65.1158,129.396,PHE-16
-161.989,151.257,ARG-17
-135.703,176.202,LEU-18
-170.62,-165.218,GLY-19
-153.828,149.676,PHE-20
-59.0554,140.317,LEU-21
-115.465,138.331,HIS-22
-178.008,-3.70352,SER-23
139.495,167.522,GLY-24
-130.684,-15.9569,THR-25
-54.6717,164.671,ALA-26
-63.8421,-24.4641,LYS-27
-71.634,-16.4194,SER-28
-73.2548,135.713,VAL-29
-67.8866,-46.5561,THR-30
-160.309,154.109,CYS-31
-142.582,150.503,THR-32
-141.911,136.322,TYR-33
-92.8711,101.336,SER-34
-61.8829,-34.6334,PRO-35
-71.2177,-9.39531,ALA-36
-131.207,-13.4014,LEU-37
54.9288,49.3969,ASN-38
-136.679,125.251,LYS-39
-93.0264,136.274,MET-40
-114.969,118.129,PHE-41
-118.851,132.136,CYS-42
-79.4718,130.104,GLN-43
-38.2224,136.793,LEU-44
77.5401,-12.2874,ALA-45
-76.2771,143.221,LYS-46
-81.403,122.244,THR-47
-105.483,111.165,CYS-48
-70.7561,102.552,PRO-49
-93.0793,132.001,VAL-50
-84.6823,135.009,GLN-51
-125.382,132.69,LEU-52
-130.056,165.575,TRP-53
-149.361,141.565,VAL-54
-82.4019,-43.5281,ASP-55
-124.236,141.838,SER-56
-57.1894,125.916,THR-57
-83.5324,147.165,PRO-58
-41.457,166.258,PRO-59
-58.1964,163.093,PRO-60
90.3786,-23.7975,GLY-61
-73.863,144.42,THR-62
-148.315,152.926,ARG-63
-109.138,137.475,VAL-64
-122.46,136.363,ARG-65
-117.216,150.003,ALA-66
-168.451,165.526,MET-67
-159.312,153.849,ALA-68
-134.169,146.46,ILE-69
-113.399,137.493,TYR-70
-127.777,138.511,LYS-71
-123.434,156.517,GLN-72
-53.9941,-13.2052,SER-73
-100.085,-6.33851,GLN-74
-160.544,164.578,HIS-75
-140.026,26.5453,MET-76
-96.7684,71.118,THR-77
179.219,150.999,GLU-78
-111.078,155.236,VAL-79
-65.5735,133.788,VAL-80
-153.703,153.637,ARG-81
-58.1705,156.721,ARG-82
-76.3716,156.151,CYS-83
-42.4156,-46.6545,PRO-84
-68.1531,-19.7772,HIS-85
-120.293,9.78731,HIS-86
-68.1302,-14.6073,GLU-87
-153.033,-21.3912,ARG-88
-62.1925,155.255,CYS-89
-63.2549,-16.8291,SER-90
-74.6708,-4.27932,ASP-91
-128.15,-32.8534,SER-92
-79.0242,133.509,ASP-93
-179.27,-131.998,GLY-94
-53.2698,-54.6193,LEU-95
-73.359,145.025,ALA-96
-77.3829,152.754,PRO-97
-77.3376,-17.4225,PRO-98
-59.3923,-45.0814,GLN-99
-56.4648,143.966,HIS-100
-101.106,-56.6342,LEU-101
-77.9441,129.002,ILE-102
-141.786,176.958,ARG-103
-158.638,160.128,VAL-104
-166.417,151.252,GLU-105
123.645,-23.336,GLY-106
-103.808,115.173,ASN-107
-69.9733,-25.3554,LEU-108
-86.3687,0.959922,ARG-109
-45.2996,135.888,VAL-110
-162.904,173.231,GLU-111
-113.319,144.03,TYR-112
-151.466,157.542,LEU-113
-78.1803,126.563,ASP-114
-64.0768,133.718,ASP-115
-81.7509,16.5167,ARG-116
-133.186,-23.4332,ASN-117
-133.218,-11.9632,THR-118
59.259,15.5748,PHE-119
-70.4153,124.936,ARG-120
-75.9212,141.112,HIS-121
-168.073,147.043,SER-122
-65.6898,134.026,VAL-123
-135.543,147.395,VAL-124
-146.399,148.569,VAL-125
-76.3706,174.02,PRO-126
-82.6313,140.581,TYR-127
-126.985,126.719,GLU-128
-65.9166,159.919,PRO-129
-54.3423,143.673,PRO-130
-81.7706,155.789,GLU-131
-54.3079,126.809,VAL-132
72.5534,5.23528,GLY-133
-87.8522,128.116,SER-134
-64.4526,-34.6939,ASP-135
-150.469,-177.401,CYS-136
-105.843,115.759,THR-137
-79.3463,136.543,THR-138
-119.962,118.593,ILE-139
-90.9216,49.5187,HIS-140
-39.774,151.68,TYR-141
-159.182,154.925,ASN-142
-133.785,-168.941,TYR-143
-157.845,147.742,MET-144
-138.349,165.195,CYS-145
-137.809,153.903,ASN-146
-123.395,-16.2372,SER-147
-70.2245,0.155414,SER-148
-79.899,137.623,CYS-149
-53.8832,-41.8968,MET-150
80.8194,21.2701,GLY-151
45.9138,-139.763,GLY-152
-72.5984,-33.3354,ILE-153
-148.574,118.106,ASN-154
-61.7281,127.515,ARG-155
-155.19,160.962,ARG-156
-74.3308,178.408,PRO-157
-135.344,137.717,ILE-158
-102.978,142.226,LEU-159
-119.495,137.773,THR-160
-111.481,123.575,ILE-161
-112.827,121.176,ILE-162
-113.803,150.489,THR-163
-108.049,124.147,LEU-164
-139.591,146.253,GLU-165
-64.4039,151.743,ASP-166
-85.2997,10.8787,SER-167
-78.1752,-11.0959,SER-168
99.9448,7.6769,GLY-169
-77.5623,137.275,ASN-170
-101.464,102.682,LEU-171
-102.51,-46.0747,LEU-172
-151.139,157.028,GLY-173
-145.504,155.661,ARG-174
-166.942,149.089,ASN-175
-142.579,159.668,SER-176
-152.429,161.116,PHE-177
-84.8639,135.619,GLU-178
-108.562,146.42,VAL-179
-123.844,111.603,ARG-180
-83.3971,134.468,VAL-181
-141.799,-175.952,CYS-182
-119.414,-49.9637,ALA-183
-115.277,87.8516,CYS-184
-65.8641,-26.0133,PRO-185
-72.5487,-38.2174,GLY-186
-68.3365,-46.8976,ARG-187
-65.9283,-50.3659,ASP-188
-53.8738,-55.496,ARG-189
-62.6635,-30.9987,ARG-190
-59.7355,-51.7671,THR-191
-78.8352,-35.5541,GLU-192
-66.4435,-14.1978,GLU-193
-62.6753,-22.5447,GLU-194
-81.9433,-14.3293,ASN-195
-71.7598,147.862,LEU-196
-74.6893,-33.4539,ARG-197
-68.2624,161.327,LYS-198
-85.2645,135.271,LYS-199
-101.007,-166.433,GLY-200
-74.7952,132.465,GLU-201
-87.6395,156.653,PRO-202
-90.5427,-176.254,HIS-203
-73.034,122.49,HIS-204
-59.7888,-31.4078,GLU-205
-65.5367,-50.6101,LEU-206
-66.6621,160.689,PRO-207
-66.3276,-174.23,PRO-208
-86.4126,-140.325,GLY-209
-167.701,-166.722,SER-210
-98.5302,156.718,THR-211
-99.2613,127.764,LYS-212
80.8037,158.001,ARG-213
-80.8663,178.78,ALA-214
-82.4258,-33.8428,LEU-215
-60.2743,141.983,PRO-216
-75.335,20.063,ASN-217
-77.0396,101.025,ASN-218
-130.946,142.746,SER-2
-179.788,155.163,SER-3
-75.2137,117.17,VAL-4
-53.0104,156.664,PRO-5
-70.3506,140.839,SER-6
-110.7,12.4433,GLN-7
-71.8445,116.676,LYS-8
-67.9627,126.119,THR-9
-151.85,164.719,TYR-10
-105.222,-43.9275,GLN-11
65.856,-162.272,GLY-12
-69.9024,-12.5701,SER-13
-106.995,-6.52027,TYR-14
63.2415,52.2913,GLY-15
-69.7962,133.102,PHE-16
-156.521,146.642,ARG-17
-119.317,169.996,LEU-18
-176.326,166.892,GLY-19
-134.166,169.964,PHE-20
-77.9114,128.614,LEU-21
-124.688,121.988,HIS-22
-172.85,-44.2829,SER-23
-178.373,-165.945,GLY-24
-147.445,-3.41039,THR-25
-64.6217,151.681,ALA-26
-53.7391,-24.7926,LYS-27
-64.3127,-11.449,SER-28
-91.4095,137.153,VAL-29
-74.1823,-34.2385,THR-30
-165.623,165.447,CYS-31
-177.288,143.074,THR-32
-142.03,132.475,TYR-33
-97.8712,98.6354,SER-34
-59.4579,-28.4013,PRO-35
-64.9126,-14.2789,ALA-36
-120.221,-21.659,LEU-37
69.7609,32.3009,ASN-38
-124.261,129.214,LYS-39
-84.3305,128.457,MET-40
-104.13,116.144,PHE-41
-127.882,159.116,CYS-42
-108.676,135.901,GLN-43
-47.0562,145.025,LEU-44
66.3695,-36.1199,ALA-45
-54.9169,142.565,LYS-46
-72.5843,140.4,THR-47
-116.191,112.462,CYS-48
-73.701,116.695,PRO-49
-117.877,130.751,VAL-50
-102.964,124.791,GLN-51
-103.496,136.351,LEU-52
-130.392,161.754,TRP-53
-143.013,150.404,VAL-54
-80.8361,-8.69647,ASP-55
-165.912,137.003,SER-56
-66.9447,124.754,THR-57
-51.7272,147.312,PRO-58
-82.0005,140.673,PRO-59
-47.0563,135.68,PRO-60
95.9186,1.19256,GLY-61
-78.8557,170.153,THR-62
-168.385,152.347,ARG-63
-112.508,126.778,VAL-64
-114.871,154.846,ARG-65
-135.939,155.016,ALA-66
-166.051,173.807,MET-67
-159.478,141.165,ALA-68
-94.1218,158.906,ILE-69
-124.2,148.59,TYR-70
-149.183,149.108,LYS-71
-137.769,173.825,GLN-72
-52.9578,-19.4515,SER-73
-106.258,-1.39671,GLN-74
-160.12,145.227,HIS-75
-113.917,42.4057,MET-76
-123.103,50.5779,THR-77
-147.025,159.327,GLU-78
-114.617,151.013,VAL-79
-52.1893,126.264,VAL-80
-158.939,156.851,ARG-81
-72.1956,130.385,ARG-82
-53.5654,158.874,CYS-83
-43.793,-52.5944,PRO-84
-57.6079,-21.282,HIS-85
-119.354,19.0715,HIS-86
-94.3766,-10.1775,GLU-87
-139.182,-30.4864,ARG-88
-65.7546,164.986,CYS-89
-57.7662,-38.9594,SER-90
-61.6689,-19.7318,ASP-91
-111.634,-37.9204,SER-92
-76.1353,162.642,ASP-93
173.015,-130.642,GLY-94
-69.5071,-63.0742,LEU-95
-66.6363,113.344,ALA-96
-54.6848,159.742,PRO-97
-80.676,-16.4162,PRO-98
-78.5111,-13.1077,GLN-99
-98.6571,136.816,HIS-100
-108.259,-54.4498,LEU-101
-59.4722,110.009,ILE-102
-126.652,166.947,ARG-103
-163.562,131.353,VAL-104
-132.06,135.146,GLU-105
138.492,7.55089,GLY-106
-129.065,156.195,ASN-107
-71.8647,-53.1017,LEU-108
-68.5061,21.2425,ARG-109
-59.6524,123.3,VAL-110
-167.346,164.079,GLU-111
-121.502,128.081,TYR-112
-145.908,158.049,LEU-113
-71.8808,127.265,ASP-114
-65.6945,126.046,ASP-115
-78.4942,31.9179,ARG-116
-156.921,-39.3125,ASN-117
-111.348,-13.188,THR-118
79.2028,-23.2005,PHE-119
-49.3239,109.344,ARG-120
-77.7547,129.806,HIS-121
-161.839,149.283,SER-122
-76.8578,129.801,VAL-123
-122.675,124.676,VAL-124
-129.326,144.692,VAL-125
-62.6133,152.021,PRO-126
-79.8121,142.803,TYR-127
-144.128,124.859,GLU-128
-53.5339,161.293,PRO-129
-67.9637,158.522,PRO-130
-76.5476,150.831,GLU-131
-60.1515,141.634,VAL-132
86.7383,-13.6748,GLY-133
-84.6356,154.735,SER-134
-96.0292,-31.3234,ASP-135
-119.774,170.217,CYS-136
-88.4044,118.709,THR-137
-108.856,124.539,THR-138
-109.078,149.307,ILE-139
-120.156,100.174,HIS-140
-76.5622,160.681,TYR-141
-157.62,134.204,ASN-142
-119.499,-175.14,TYR-143
-153.807,158.733,MET-144
-157.33,129.471,CYS-145
-90.5618,127.966,ASN-146
-84.6129,-37.1585,SER-147
-63.0249,-7.6378,SER-148
-63.2249,153.799,CYS-149
-85.2988,-48.2765,MET-150
76.4186,46.6319,GLY-151
14.2039,-102.151,GLY-152
-97.5948,-37.431,ILE-153
-144.812,131.292,ASN-154
-59.9261,129.673,ARG-155
-151.551,171.845,ARG-156
-86.3119,152.7,PRO-157
-112.563,145.196,ILE-158
-131.391,143.236,LEU-159
-108.271,148.324,THR-160
-119.971,134.903,ILE-161
-113.136,133.88,ILE-162
-126.997,143.266,THR-163
-111.597,129.213,LEU-164
-146.271,167.171,GLU-165
-97.2292,152.597,ASP-166
-65.7596,-13.6528,SER-167
-78.7055,5.07129,SER-168
102.101,-6.80411,GLY-169
-79.383,131.34,ASN-170
-86.3926,122.967,LEU-171
-86.2827,-27.4769,LEU-172
-173.616,168.002,GLY-173
-157.133,136.643,ARG-174
-134.484,131.023,ASN-175
-125.522,158.98,SER-176
-164.486,138.816,PHE-177
-76.4432,144.943,GLU-178
-119.851,143.677,VAL-179
-144.592,98.9638,ARG-180
-88.5114,124.265,VAL-181
-151.637,166.07,CYS-182
-75.1925,-38.166,ALA-183
-106.173,78.5149,CYS-184
-65.819,-39.0996,PRO-185
-68.8269,-36.434,GLY-186
-59.3301,-52.818,ARG-187
-68.3466,-39.5789,ASP-188
-51.365,-47.2631,ARG-189
-67.3969,-18.7424,ARG-190
-75.5962,-52.5065,THR-191
-77.4423,-22.0333,GLU-192
-85.2879,-0.212679,GLU-193
-72.6381,-10.612,GLU-194
-61.8243,-24.3932,ASN-195
-90.0707,139.631,LEU-196
-74.1008,-29.6666,ARG-197
-81.2051,153.219,LYS-198
-55.461,134.011,LYS-199
-90.3608,-149.466,GLY-200
-75.012,150.398,GLU-201
-78.1827,159.645,PRO-202
-161.984,160.399,HIS-203
-47.5099,133.063,HIS-204
-58.1401,-30.1898,GLU-205
-57.1855,-57.158,LEU-206
-72.0911,131.863,PRO-207
-80.7075,-169.555,PRO-208
-58.8161,170.097,GLY-209
-138.097,-151.151,SER-210
-117.015,134.829,THR-211
-91.2848,151.188,LYS-212
72.4406,173.799,ARG-213
-91.4719,164.273,ALA-214
-63.3837,-46.8714,LEU-215
-48.532,130.821,PRO-216
-62.6764,-2.54492,ASN-217
-38.9842,131.298,ASN-218
-158.368,125.284,SER-2
-160.706,148.197,SER-3
-70.4526,131.038,VAL-4
-62.9976,144.436,PRO-5
-86.5375,148.906,SER-6
-101.743,13.2707,GLN-7
-67.1241,124.632,LYS-8
-92.2755,119.076,THR-9
-153.987,168.795,TYR-10
-109.362,-48.9509,GLN-11
70.6963,-163.336,GLY-12
-71.6917,-17.6531,SER-13
-104.909,2.78961,TYR-14
70.3467,36.6614,GLY-15
-67.7795,116.762,PHE-16
-155.658,152.476,ARG-17
-120.14,163.622,LEU-18
-158.208,167.219,GLY-19
-141.843,169.365,PHE-20
-81.2035,130.053,LEU-21
-108.193,158.172,HIS-22
-173.549,-121.48,SER-23
-121.931,-147.152,GLY-24
-131.642,-8.65469,THR-25
-56.1788,161.485,ALA-26
-60.6638,-17.3725,LYS-27
-70.5804,-16.5691,SER-28
-72.9759,127.503,VAL-29
-59.9565,-45.1687,THR-30
-175.465,151.323,CYS-31
-159.599,133.627,THR-32
-109.022,125.006,TYR-33
-102.489,107.717,SER-34
-62.7208,-34.5083,PRO-35
-65.022,-21.8464,ALA-36
-109.984,-2.56034,LEU-37
58.9903,23.5333,ASN-38
-117.224,119.176,LYS-39
-77.1282,124.791,MET-40
-98.1388,127.093,PHE-41
-155.08,161.741,CYS-42
-89.0094,143.225,GLN-43
-58.4083,129.079,LEU-44
80.2333,-32.7537,ALA-45
-49.3567,144.031,LYS-46
-81.3245,141.226,THR-47
-112.098,106.251,CYS-48
-67.8369,126.093,PRO-49
-115.288,145.039,VAL-50
-103.487,113.652,GLN-51
-102.284,114.987,LEU-52
-105.229,149.138,TRP-53
-130.656,155.23,VAL-54
-82.73,-17.5402,ASP-55
-161.722,142.718,SER-56
-61.6391,127.057,THR-57
-60.1239,151.153,PRO-58
-79.4077,172.29,PRO-59
-60.7075,141.209,PRO-60
99.6827,7.46023,GLY-61
-91.4237,167.341,THR-62
-155.367,158.328,ARG-63
-110.85,135.838,VAL-64
-111.34,154.256,ARG-65
-138.449,129.209,ALA-66
-148.872,178.605,MET-67
-156.123,146.891,ALA-68
-100.817,154.526,ILE-69
-109.912,128.342,TYR-70
-105.726,138.544,LYS-71
-127.427,-175.425,GLN-72
-69.2183,-23.9947,SER-73
-112.111,12.0699,GLN-74
-159.734,162.088,HIS-75
-135.356,37.8116,MET-76
-105.624,-25.5682,THR-77
-79.7241,159.355,GLU-78
-106.277,158.236,VAL-79
-69.8353,119.516,VAL-80
-144.523,147.568,ARG-81
-69.9945,155.119,ARG-82
-53.0354,152.186,CYS-83
-43.9799,-53.3798,PRO-84
-63.4128,-12.7776,HIS-85
-116.541,7.55371,HIS-86
-84.909,-21.9748,GLU-87
-136.716,-24.8826,ARG-88
-63.2983,171.486,CYS-89
-69.8926,-18.341,SER-90
-69.1389,-21.2992,ASP-91
-117.51,-25.5907,SER-92
-87.5168,153.993,ASP-93
168.707,-130.007,GLY-94
-52.0782,-52.7624,LEU-95
-100.812,157.842,ALA-96
-66.5208,127.361,PRO-97
-55.304,-21.5179,PRO-98
-87.4792,-16.5705,GLN-99
-78.427,116.202,HIS-100
-75.4573,-35.4614,LEU-101
-95.8508,137.165,ILE-102
-148.189,165.913,ARG-103
-165.722,136.499,VAL-104
-160.505,158.317,GLU-105
140.475,-62.533,GLY-106
-61.9785,127.537,ASN-107
-61.1265,-38.2252,LEU-108
-67.9653,43.6321,ARG-109
-74.9984,142.708,VAL-110
-160.727,163.381,GLU-111
-128.299,112.078,TYR-112
-135.59,154.502,LEU-113
-72.8052,112.257,ASP-114
-41.1779,139.225,ASP-115
-76.8784,-24.8371,ARG-116
-96.0685,-42.7876,ASN-117
-92.2402,-35.6345,THR-118
64.7487,15.2246,PHE-119
-83.0287,120.522,ARG-120
-60.8298,147.957,HIS-121
-159.685,161.447,SER-122
-99.7186,134.78,VAL-123
-126.126,138.511,VAL-124
-142.977,160.907,VAL-125
-82.6344,160.711,PRO-126
-90.7123,121.361,TYR-127
-115.334,141.4,GLU-128
-73.5815,169.305,PRO-129
-91.7425,159.902,PRO-130
-59.2635,166.588,GLU-131
-62.4408,120.745,VAL-132
94.1683,-5.43244,GLY-133
-87.9364,164.254,SER-134
-88.7859,-31.3065,ASP-135
-170.687,163.622,CYS-136
-95.002,118.501,THR-137
-96.381,141.539,THR-138
-124.217,139.825,ILE-139
-98.4904,82.1095,HIS-140
-63.6376,161.856,TYR-141
-168.167,157.974,ASN-142
-143.563,-174.63,TYR-143
-152.516,166.798,MET-144
-160.07,162.668,CYS-145
-123.647,133.886,ASN-146
-83.2199,-8.72921,SER-147
-93.6368,-14.0314,SER-148
-72.2117,177.956,CYS-149
-88.4644,-31.1944,MET-150
100.338,12.0591,GLY-151
61.5088,-137.287,GLY-152
-82.7936,-29.256,ILE-153
-158.007,116.691,ASN-154
-51.4768,123.151,ARG-155
-147.011,155.649,ARG-156
-69.458,159.989,PRO-157
-113.485,151.416,ILE-158
-147.117,117.264,LEU-159
-88.3251,152.428,THR-160
-113.703,115.645,ILE-161
-111.119,112.521,ILE-162
-118.971,124.981,THR-163
-90.1732,134.277,LEU-164
-160.812,156.668,GLU-165
-80.4545,162.698,ASP-166
-61.5009,-15.1424,SER-167
-74.9837,-0.673303,SER-168
93.2892,-14.7124,GLY-169
-74.4777,109.536,ASN-170
-57.0242,139.631,LEU-171
-125.302,-25.5402,LEU-172
-160.644,157.302,GLY-173
-142.932,144.971,ARG-174
-142.219,160.335,ASN-175
-154.52,133.138,SER-176
-144.557,162.692,PHE-177
-94.3708,149.944,GLU-178
-140.138,146.697,VAL-179
-145.9,130.029,ARG-180
-129.69,135.989,VAL-181
-165.271,-171.025,CYS-182
-72.3117,-56.3329,ALA-183
-104.295,92.9078,CYS-184
-71.4333,-52.187,PRO-185
-56.9798,-28.3144,GLY-186
-70.6014,-40.6586,ARG-187
-73.1623,-35.0246,ASP-188
-53.3576,-58.1831,ARG-189
-68.7841,-28.4249,ARG-190
-62.3032,-56.8823,THR-191
-84.9472,-16.9409,GLU-192
-78.8175,-16.1335,GLU-193
-61.8916,-26.2142,GLU-194
-77.7126,7.39156,ASN-195
-92.7515,158.698,LEU-196
-71.0759,2.63427,ARG-197
-151.253,151.314,LYS-198
-44.6751,130.747,LYS-199
-84.4497,-164.29,GLY-200
-86.2914,121.746,GLU-201
-72.5984,154.75,PRO-202
-132.513,156.441,HIS-203
-61.7912,119.109,HIS-204
-59.2921,-38.0697,GLU-205
-47.8408,-50.6175,LEU-206
-74.9515,136.756,PRO-207
-73.9294,166.279,PRO-208
-68.2138,170.488,GLY-209
-87.1692,-167.12,SER-210
-102.462,133.392,THR-211
-60.6504,140.894,LYS-212
65.4453,168.418,ARG-213
-88.1496,158.322,ALA-214
-61.7206,-30.934,LEU-215
-58.3207,162.25,PRO-216
-108.984,32.8952,ASN-217
-60.3831,137.174,ASN-218
-172.443,153.909,SER-2
171.591,143.052,SER-3
-67.6075,128.91,VAL-4
-54.1074,175.268,PRO-5
-107.18,138.26,SER-6
-102.57,-5.805,GLN-7
-66.665,123.585,LYS-8
-95.3569,136.939,THR-9
-155.724,158.42,TYR-10
-91.3114,-28.6576,GLN-11
65.1096,179.645,GLY-12
-71.0131,-17.0634,SER-13
-91.2429,-6.49647,TYR-14
73.7094,26.0343,GLY-15
-53.676,113.988,PHE-16
-144.628,160.508,ARG-17
-124.758,168.492,LEU-18
-176.094,-159.386,GLY-19
-150.875,160.311,PHE-20
-70.1402,136.603,LEU-21
-108.903,130.355,HIS-22
-157.317,-109.158,SER-23
-110.113,-156.849,GLY-24
-157.918,-7.08708,THR-25
-56.6286,162.082,ALA-26
-58.7196,-16.9937,LYS-27
-85.0682,9.22509,SER-28
-103.837,121.778,VAL-29
-67.5716,-36.7961,THR-30
-169.324,138.489,CYS-31
-144.897,150.486,THR-32
-135.063,124.785,TYR-33
-76.3931,118.868,SER-34
-54.3719,-49.3225,PRO-35
-82.1206,-3.55299,ALA-36
-111.384,-9.45087,LEU-37
49.5702,23.7111,ASN-38
-92.8307,141.017,LYS-39
-106.274,124.831,MET-40
-109.71,108.812,PHE-41
-120.599,153.622,CYS-42
-99.4408,128.028,GLN-43
-52.2992,140.734,LEU-44
63.1664,-30.1262,ALA-45
-68.3502,139.586,LYS-46
-83.4592,141.484,THR-47
-121.005,122.666,CYS-48
-71.4878,92.0448,PRO-49
-77.294,131.073,VAL-50
-111.69,129.819,GLN-51
-117.342,136.641,LEU-52
-122.054,162.849,TRP-53
-134.984,167.919,VAL-54
-90.0278,-17.5363,ASP-55
-167.047,141.891,SER-56
-62.7099,127.541,THR-57
-69.9457,154.884,PRO-58
-55.2176,145.685,PRO-59
-66.9498,158.033,PRO-60
86.9303,-19.6218,GLY-61
-59.5466,166.988,THR-62
-154.987,137.72,ARG-63
-89.7375,120.612,VAL-64
-116.029,147.151,ARG-65
-144.552,145.777,ALA-66
-155.991,176.486,MET-67
-164.102,137.147,ALA-68
-101.717,144.546,ILE-69
-112.926,123.451,TYR-70
-97.6967,164.624,LYS-71
-146.122,-177.509,GLN-72
-63.1005,-14.1262,SER-73
-146.626,8.55696,GLN-74
-140.77,161.185,HIS-75
-122.857,21.3225,MET-76
-100.375,-6.69139,THR-77
-89.2171,157.807,GLU-78
-107.831,149.249,VAL-79
-73.509,112.942,VAL-80
-122.237,155.207,ARG-81
-48.9397,157.13,ARG-82
-74.4435,161.802,CYS-83
-65.3571,-52.2537,PRO-84
-46.5901,-22.16,HIS-85
-108.945,11.023,HIS-86
-82.7864,6.26565,GLU-87
-160.205,-34.3321,ARG-88
-58.8023,153.499,CYS-89
-61.813,-17.3025,SER-90
-73.0542,-15.1276,ASP-91
-111.52,-43.2276,SER-92
-79.9322,130.664,ASP-93
-161.992,-106.118,GLY-94
-75.5831,-43.1153,LEU-95
-96.4966,135.157,ALA-96
-64.9541,160.072,PRO-97
-77.4029,2.80963,PRO-98
-101.551,-7.97414,GLN-99
-73.5527,112.996,HIS-100
-67.3375,-56.9095,LEU-101
-83.583,117.414,ILE-102
-128.389,168.146,ARG-103
-166.981,131.422,VAL-104
-154.145,169.493,GLU-105
111.558,6.9723,GLY-106
-137.483,132.292,ASN-107
-55.2518,-47.6003,LEU-108
-83.0551,129.503,ARG-109
175.74,133.088,VAL-110
-156.794,159.524,GLU-111
-122.542,107.238,TYR-112
-129.11,164.75,LEU-113
-98.869,131.921,ASP-114
-60.5842,147.264,ASP-115
-83.3411,-25.7681,ARG-116
-85.7371,-52.0377,ASN-117
-97.1969,-22.0482,THR-118
68.6232,18.1268,PHE-119
-87.6466,140.13,ARG-120
-78.0122,161.006,HIS-121
-167.476,153.124,SER-122
-82.7864,147.553,VAL-123
-132.947,135.052,VAL-124
-136.807,153.176,VAL-125
-64.5482,170.469,PRO-126
-73.325,162.968,TYR-127
-137.536,140.662,GLU-128
-72.4782,152.328,PRO-129
-67.2659,134.34,PRO-130
-63.6842,155.295,GLU-131
-55.116,110.065,VAL-132
98.6868,-23.144,GLY-133
-82.1688,158.132,SER-134
-111.299,-40.9514,ASP-135
-115.509,-172.358,CYS-136
-105.97,123.668,THR-137
-109.722,106.221,THR-138
-100.245,143.176,ILE-139
-118.661,71.9504,HIS-140
-72.8249,152.844,TYR-141
-154.624,143.542,ASN-142
-126.867,169.733,TYR-143
-144.481,151.922,MET-144
-163.362,162.38,CYS-145
-141.029,139.302,ASN-146
-84.489,-11.8737,SER-147
-63.7122,-18.5611,SER-148
-92.3685,155.484,CYS-149
-68.7611,-44.8343,MET-150
98.3325,6.98919,GLY-151
66.9359,-129.257,GLY-152
-105.34,-30.1603,ILE-153
-151.678,112.905,ASN-154
-64.0486,121.202,ARG-155
-138.926,153.753,ARG-156
-58.2094,147.291,PRO-157
-129.637,127.558,ILE-158
-116.438,140.329,LEU-159
-110.281,149.348,THR-160
-112.399,123.103,ILE-161
-108.292,138.642,ILE-162
-138.369,128.648,THR-163
-96.3743,120.214,LEU-164
-147.996,153.741,GLU-165
-64.2578,176.307,ASP-166
-62.0754,-37.3689,SER-167
-73.4985,-9.157,SER-168
81.984,6.29908,GLY-169
-48.2779,114.445,ASN-170
-79.4428,131.261,LEU-171
-102.774,-25.9678,LEU-172
177.522,150.775,GLY-173
-124.801,146.916,ARG-174
-141.125,159.726,ASN-175
-159.21,131.28,SER-176
-155.469,148.27,PHE-177
-75.3524,137.677,GLU-178
-114.732,141.881,VAL-179
-145.606,104.935,ARG-180
-90.0979,143.7,VAL-181
-164.706,-173.196,CYS-182
-87.6003,-44.2307,ALA-183
-117.128,86.376,CYS-184
-76.0997,-20.7933,PRO-185
-73.7168,-31.451,GLY-186
-63.3633,-48.4113,ARG-187
-64.9184,-42.9062,ASP-188
-61.4405,-40.1044,ARG-189
-61.4727,-36.9131,ARG-190
-66.8901,-64.7967,THR-191
-71.8637,-15.2326,GLU-192
-76.4905,-4.30381,GLU-193
-69.2775,-11.1036,GLU-194
-74.9148,-16.892,ASN-195
-72.1741,141.409,LEU-196
-70.6058,-48.4355,ARG-197
-74.5659,167.576,LYS-198
-85.591,156.466,LYS-199
-97.2232,-156.082,GLY-200
-84.4077,144.457,GLU-201
-64.6154,149.399,PRO-202
-149.879,157.474,HIS-203
-35.532,132.132,HIS-204
-85.1085,-27.3337,GLU-205
-65.2862,-40.0393,LEU-206
-61.6355,141.191,PRO-207
-60.3331,165.644,PRO-208
-75.8971,154.381,GLY-209
-71.0665,168.669,SER-210
-71.8438,149.279,THR-211
-87.002,132.784,LYS-212
87.247,165.309,ARG-213
-73.2387,145.282,ALA-214
-49.1248,-39.6213,LEU-215
-54.5285,131.623,PRO-216
-84.0113,39.7723,ASN-217
-60.2518,157.153,ASN-218
-176.022,155.985,SER-2
-175.279,163.441,SER-3
-79.0046,130.975,VAL-4
-53.7359,141.11,PRO-5
-82.0704,140.74,SER-6
-109.644,-7.36932,GLN-7
-51.6139,105.262,LYS-8
-65.7757,128.677,THR-9
-163.535,141.329,TYR-10
-83.1517,-37.5494,GLN-11
55.7253,-128.992,GLY-12
-87.8448,-30.9941,SER-13
-77.9835,-17.7966,TYR-14
75.0511,33.0424,GLY-15
-78.0881,119.302,PHE-16
-147.485,142.684,ARG-17
-103.855,149.287,LEU-18
-127.99,167.404,GLY-19
-147.765,142.881,PHE-20
-66.4197,136.744,LEU-21
-122.538,126.838,HIS-22
-164.627,1.97891,SER-23
126.382,-174.643,GLY-24
-124.458,16.2988,THR-25
-80.5041,153.612,ALA-26
-62.0424,-18.5393,LYS-27
-76.235,-13.3079,SER-28
-78.9218,113.421,VAL-29
-49.6426,-55.0679,THR-30
-146.678,148.827,CYS-31
-130.327,137.413,THR-32
-124.54,133.582,TYR-33
-101.333,101.908,SER-34
-71.1988,-36.3505,PRO-35
-59.2323,-17.4961,ALA-36
-112.898,-0.235677,LEU-37
46.4639,41.1778,ASN-38
-136.455,116.122,LYS-39
-60.5462,135.883,MET-40
-115.014,107.59,PHE-41
-108.11,155.761,CYS-42
-88.1196,132.099,GLN-43
-48.0312,139.537,LEU-44
79.329,-42.5686,ALA-45
-63.7921,141.378,LYS-46
-75.9343,116.954,THR-47
-95.7787,127.67,CYS-48
-86.5114,146.81,PRO-49
-125.188,146.985,VAL-50
-110.37,131.228,GLN-51
-113.666,152.759,LEU-52
-155.997,136.421,TRP-53
-146.41,154.943,VAL-54
-114.983,21.8055,ASP-55
-168.485,138.063,SER-56
-78.2452,123.071,THR-57
-48.5708,145.289,PRO-58
-52.3868,153.079,PRO-59
-60.4205,142.484,PRO-60
100.711,-4.16002,GLY-61
-77.3769,163.296,THR-62
-157.868,142.921,ARG-63
-99.7322,121.624,VAL-64
-96.0961,146.251,ARG-65
-126.68,145.163,ALA-66
-145.585,173.264,MET-67
-147.778,122.597,ALA-68
-97.7,148.969,ILE-69
-113.285,151.57,TYR-70
-137.461,138.133,LYS-71
-130.595,177.54,GLN-72
-68.3872,-13.602,SER-73
-121.397,14.8236,GLN-74
-165.418,154.935,HIS-75
-111.618,25.7716,MET-76
-133.846,102.057,THR-77
-164.33,166.985,GLU-78
-112.759,126.77,VAL-79
-56.9766,130.183,VAL-80
-149.403,143.901,ARG-81
-51.3461,158.68,ARG-82
-73.9083,163.362,CYS-83
-61.9453,-34.0465,PRO-84
-59.5862,-27.2495,HIS-85
-89.9498,-16.8478,HIS-86
-61.7895,-8.86143,GLU-87
-142.103,-27.1973,ARG-88
-72.6281,153.601,CYS-89
-60.1035,-22.2243,SER-90
-71.1037,3.35918,ASP-91
-129.78,-44.6985,SER-92
-74.9236,112.25,ASP-93
-157.747,-120.013,GLY-94
-68.4516,-44.7146,LEU-95
-89.7994,157.372,ALA-96
-72.6539,152.262,PRO-97
-59.8505,-30.6784,PRO-98
-81.5575,-8.46891,GLN-99
-80.8385,121.483,HIS-100
-85.4017,-47.3031,LEU-101
-80.4171,124.835,ILE-102
-137.738,153.848,ARG-103
-166.105,148.101,VAL-104
-177.548,166.814,GLU-105
105.198,2.43776,GLY-106
-154.033,151.648,ASN-107
-58.8375,-33.0388,LEU-108
-86.1406,114.971,ARG-109
-159.691,145.609,VAL-110
-157.879,161.309,GLU-111
-122.023,125.105,TYR-112
-141.514,153.406,LEU-113
-82.2977,135.654,ASP-114
-77.9795,140.062,ASP-115
-62.8744,-16.5419,ARG-116
-112.151,-58.714,ASN-117
-81.174,-32.9159,THR-118
78.5675,-9.52986,PHE-119
-75.3754,142.741,ARG-120
-67.6295,152.137,HIS-121
-165.639,165.576,SER-122
-113.062,147.238,VAL-123
-128.024,133.785,VAL-124
-136.373,154.794,VAL-125
-76.431,148.324,PRO-126
-84.4801,153.181,TYR-127
-157.007,124.11,GLU-128
-52.5754,152.325,PRO-129
-61.0815,142.262,PRO-130
-66.0616,145.235,GLU-131
-75.2151,109.946,VAL-132
119.503,-25.3942,GLY-133
-83.9443,152.269,SER-134
-92.508,-35.1882,ASP-135
-146.251,176.73,CYS-136
-93.193,117.141,THR-137
-101.088,131.54,THR-138
-119.498,139.768,ILE-139
-113.467,75.8281,HIS-140
-65.0833,151.954,TYR-141
-139.719,150.998,ASN-142
-138.763,177.76,TYR-143
-151.807,162.093,MET-144
-160.98,148.492,CYS-145
-102.528,158.174,ASN-146
-116.894,-13.0059,SER-147
-85.0246,-17.9175,SER-148
-69.5629,152.507,CYS-149
-64.5964,-42.6285,MET-150
89.754,5.15049,GLY-151
58.3059,-151.655,GLY-152
-76.7403,-30.3692,ILE-153
-154.885,123.573,ASN-154
-77.5102,128.507,ARG-155
-140.112,159.464,ARG-156
-88.4595,175.851,PRO-157
-141.205,158.105,ILE-158
-149.361,134.149,LEU-159
-96.1313,128.265,THR-160
-95.2473,108.995,ILE-161
-102.225,134.135,ILE-162
-132.792,154.842,THR-163
-115.472,137.479,LEU-164
-157.162,168.792,GLU-165
-82.7464,168.123,ASP-166
-65.0784,-27.2472,SER-167
-71.3629,-11.539,SER-168
93.2512,4.09096,GLY-169
-65.8773,114.906,ASN-170
-73.2675,124.747,LEU-171
-94.4928,-26.3529,LEU-172
178.426,153.072,GLY-173
-124.81,144.402,ARG-174
-153.69,136.898,ASN-175
-142.133,154.098,SER-176
-151.459,144.356,PHE-177
-77.104,147.227,GLU-178
-135.66,150.196,VAL-179
-157.32,123.017,ARG-180
-102.81,129.316,VAL-181
-151.68,-169.545,CYS-182
-80.3228,-35.0526,ALA-183
-135.138,100.833,CYS-184
-83.6722,-25.9849,PRO-185
-65.8406,-22.9605,GLY-186
-78.7584,-40.5621,ARG-187
-65.9078,-43.0213,ASP-188
-53.6397,-57.8567,ARG-189
-53.5996,-48.575,ARG-190
-57.2835,-43.3075,THR-191
-94.0129,-29.8655,GLU-192
-69.1729,-2.89197,GLU-193
-64.8156,-3.33893,GLU-194
-94.4875,-15.9797,ASN-195
-70.1985,152.165,LEU-196
-81.1324,15.3963,ARG-197
-146.83,162.398,LYS-198
-57.8501,143.902,LYS-199
-80.5574,-164.429,GLY-200
-66.3444,151.401,GLU-201
-77.6463,168.444,PRO-202
171.746,141.566,HIS-203
-45.4064,116.254,HIS-204
-83.4285,-13.3726,GLU-205
-74.9298,-52.9872,LEU-206
-64.7158,157.112,PRO-207
-73.903,175.407,PRO-208
-89.2135,158.834,GLY-209
-97.2746,-157.721,SER-210
-109.618,147.831,THR-211
-83.7511,133.061,LYS-212
82.446,144.7,ARG-213
-44.2527,163.345,ALA-214
-72.4128,-37.8514,LEU-215
-40.4519,123.95,PRO-216
-90.7829,37.8195,ASN-217
-60.1714,138.77,ASN-218
-176.834,117.713,SER-2
-149.926,163.818,SER-3
-81.3015,136.173,VAL-4
-82.3286,145.932,PRO-5
-65.7948,140.602,SER-6
-101.456,3.72805,GLN-7
-75.4672,121.481,LYS-8
-85.3562,135.309,THR-9
-155.721,160.099,TYR-10
-98.0051,-61.3823,GLN-11
67.8363,-167.982,GLY-12
-66.8711,0.974914,SER-13
-120.46,-3.64697,TYR-14
75.7212,30.8875,GLY-15
-55.5782,124.812,PHE-16
-148.791,144.575,ARG-17
-96.5837,179.365,LEU-18
-178.035,166.527,GLY-19
-140.415,167.832,PHE-20
-77.8051,148.043,LEU-21
-113.791,124.929,HIS-22
-158.802,-25.7829,SER-23
134.717,-152.35,GLY-24
-146.123,-5.24746,THR-25
-63.3958,170.819,ALA-26
-62.7407,-23.3123,LYS-27
-77.9001,-8.94752,SER-28
-73.9575,119.16,VAL-29
-74.435,-29.1527,THR-30
-158.617,149.435,CYS-31
-144.852,145.902,THR-32
-135.319,121.136,TYR-33
-104.259,91.672,SER-34
-65.3886,-27.9545,PRO-35
-70.5291,-23.9089,ALA-36
-96.4664,-8.5393,LEU-37
54.6312,43.0544,ASN-38
-133.568,134.736,LYS-39
-118.464,121.989,MET-40
-92.3636,127.767,PHE-41
-114.119,147.382,CYS-42
-77.4234,139.474,GLN-43
-60.5942,135.729,LEU-44
75.4496,-21.5961,ALA-45
-72.1177,148.912,LYS-46
-67.3681,140.089,THR-47
-120.073,99.776,CYS-48
-64.8962,99.925,PRO-49
-99.3808,127.176,VAL-50
-102.729,145.06,GLN-51
-130.635,138.461,LEU-52
-127.437,150.116,TRP-53
-145.953,130.135,VAL-54
-80.0123,2.5536,ASP-55
-152.9,146.693,SER-56
-68.8427,111.638,THR-57
-58.8308,161.818,PRO-58
-54.5891,167.764,PRO-59
-66.9305,147.153,PRO-60
79.9956,5.39332,GLY-61
-77.9899,173.054,THR-62
-147.936,154.441,ARG-63
-120.185,123.265,VAL-64
-122.391,120.093,ARG-65
-107.668,145.919,ALA-66
-146.983,167.976,MET-67
-149.716,116.116,ALA-68
-94.3295,138.399,ILE-69
-103.948,138.694,TYR-70
-116.205,162.317,LYS-71
-137.884,-174.101,GLN-72
-58.107,-31.2694,SER-73
-127.809,-11.2523,GLN-74
-141.473,158.396,HIS-75
-130.264,22.652,MET-76
-118.919,79.6599,THR-77
177.75,148.006,GLU-78
-121.319,139.063,VAL-79
-45.241,130.537,VAL-80
-155.633,173.65,ARG-81
-78.7075,159.253,ARG-82
-69.7163,150.634,CYS-83
-53.6321,-34.6023,PRO-84
-59.092,-23.4312,HIS-85
-112.766,14.4443,HIS-86
-87.1936,13.1382,GLU-87
-159.99,-42.0447,ARG-88
-52.2481,154.063,CYS-89
-74.7781,-3.30128,SER-90
-68.3996,-13.544,ASP-91
-128.722,-39.3452,SER-92
-76.3568,164.749,ASP-93
137.771,-131.691,GLY-94
-61.8865,-56.0808,LEU-95
-77.5944,161.037,ALA-96
-64.9388,150.084,PRO-97
-65.4849,-21.4503,PRO-98
-76.597,-22.6824,GLN-99
-59.2478,130.487,HIS-100
-111.504,-34.995,LEU-101
-88.5501,141.954,ILE-102
-145.964,-178.434,ARG-103
-171.517,143.186,VAL-104
-156.338,158.422,GLU-105
100.821,27.7283,GLY-106
-150.185,155.755,ASN-107
-66.5584,-37.8675,LEU-108
-102.374,137.059,ARG-109
176.821,137.859,VAL-110
-160.147,165.943,GLU-111
-132.055,96.0046,TYR-112
-136.42,174.144,LEU-113
-93.3438,161.829,ASP-114
-81.5573,139.371,ASP-115
-63.0981,-18.1029,ARG-116
-114.53,-54.211,ASN-117
-80.9359,-24.3705,THR-118
70.7966,-5.77604,PHE-119
-60.3751,133.302,ARG-120
-66.7043,155.083,HIS-121
-157.452,175.851,SER-122
-101.775,142.461,VAL-123
-129.088,132.101,VAL-124
-142.748,150.308,VAL-125
-61.3265,157.957,PRO-126
-109.62,142.747,TYR-127
-139.2,156.059,GLU-128
-67.8439,136.297,PRO-129
-51.4535,142.385,PRO-130
-52.7962,151.138,GLU-131
-59.6376,114.204,VAL-132
110.927,0.994909,GLY-133
-120.019,163.709,SER-134
-125.157,-4.61252,ASP-135
-166.16,155.447,CYS-136
-84.1664,152.265,THR-137
-122.507,139.308,THR-138
-119.204,133.165,ILE-139
-95.515,60.9157,HIS-140
-55.7198,161.011,TYR-141
-145.173,152.881,ASN-142
-127.791,140.745,TYR-143
-95.9262,158.335,MET-144
-131.244,175.79,CYS-145
-153.366,143.002,ASN-146
-108.445,-0.793151,SER-147
-81.7782,-27.3435,SER-148
-62.7076,154.307,CYS-149
-88.0678,-41.6859,MET-150
79.7302,27.0252,GLY-151
69.3478,-156.789,GLY-152
-77.1403,-12.3754,ILE-153
-169.512,109.289,ASN-154
-70.9434,119.176,ARG-155
-141.771,154.074,ARG-156
-56.4074,155.511,PRO-157
-135.054,148.772,ILE-158
-110.68,152.744,LEU-159
-116.316,147.3,THR-160
-129.795,120.224,ILE-161
-117.218,142.496,ILE-162
-142.033,149.228,THR-163
-114.763,125.965,LEU-164
-143.432,173.411,GLU-165
-100.278,169.778,ASP-166
-62.6207,-19.6196,SER-167
-68.4828,-20.8327,SER-168
94.0728,-11.0395,GLY-169
-57.8736,131.272,ASN-170
-94.4643,131.143,LEU-171
-124.438,-18.1231,LEU-172
-172.577,144.383,GLY-173
-138.644,135.388,ARG-174
-152.253,145.138,ASN-175
-138.238,168.384,SER-176
-170.609,148.717,PHE-177
-92.3589,144.244,GLU-178
-143.843,132.771,VAL-179
-138.139,108.051,ARG-180
-89.7515,149.982,VAL-181
-162.387,-148.464,CYS-182
-114.602,-44.7593,ALA-183
-95.4817,78.09,CYS-184
-64.8668,-7.34587,PRO-185
-83.0608,-47.31,GLY-186
-63.3876,-35.7718,ARG-187
-73.8377,-47.1122,ASP-188
-53.6463,-34.7376,ARG-189
-71.3422,-48.0454,ARG-190
-59.1036,-37.1798,THR-191
-96.2018,-16.7202,GLU-192
-74.0652,-7.3679,GLU-193
-62.7011,-21.5094,GLU-194
-57.8956,-28.5424,ASN-195
-67.8202,138.818,LEU-196
-61.1343,-57.195,ARG-197
-62.5131,154.841,LYS-198
-68.1855,146.628,LYS-199
-100.588,179.099,GLY-200
-67.528,135.003,GLU-201
-78.2359,172.412,PRO-202
-150.66,168.203,HIS-203
-57.7227,127.261,HIS-204
-84.0938,-16.4562,GLU-205
-69.9858,-47.5907,LEU-206
-62.4871,149.094,PRO-207
-80.4808,168.103,PRO-208
-61.2838,162.886,GLY-209
-103.585,-165.36,SER-210
-103.266,157.575,THR-211
-83.4809,159.478,LYS-212
78.0623,148.501,ARG-213
-74.876,158.632,ALA-214
-60.8018,-39.2756,LEU-215
-55.5212,147.372,PRO-216
-72.7162,19.1412,ASN-217
-63.3374,114.127,ASN-218
-166.884,159.534,SER-2
175.774,138.49,SER-3
-69.3277,127.056,VAL-4
-59.7294,144.677,PRO-5
-90.5121,150.061,SER-6
-108.171,-13.4171,GLN-7
-48.397,110.432,LYS-8
-63.3165,140.247,THR-9
-157.748,147.98,TYR-10
-108.006,-25.9264,GLN-11
64.9564,-148.516,GLY-12
-78.7553,-44.3312,SER-13
-76.6306,2.26874,TYR-14
69.9074,25.7223,GLY-15
-55.4974,117.306,PHE-16
-159.656,146.159,ARG-17
-103.302,156.315,LEU-18
-150.957,168.848,GLY-19
-134.407,152.254,PHE-20
-103.542,136.725,LEU-21
-93.7204,136.341,HIS-22
-153.609,27.9193,SER-23
98.6083,-152.385,GLY-24
-137.36,-6.06406,THR-25
-58.0304,157.933,ALA-26
-46.6926,-35.9549,LYS-27
-85.0887,-7.54443,SER-28
-68.9553,130.683,VAL-29
-82.6781,-23.2538,THR-30
-166.612,142.889,CYS-31
-156.271,138.127,THR-32
-104.73,136.136,TYR-33
-99.3562,105.03,SER-34
-62.9493,-61.2744,PRO-35
-46.1387,-28.1199,ALA-36
-92.0287,-10.8019,LEU-37
56.8155,39.575,ASN-38
-136.51,147.07,LYS-39
-120.244,142.379,MET-40
-113.959,103.429,PHE-41
-94.5115,152.757,CYS-42
-92.1723,126.975,GLN-43
-39.059,131.547,LEU-44
57.4978,-20.0408,ALA-45
-56.6895,153.318,LYS-46
-84.6183,131.526,THR-47
-106.153,117.313,CYS-48
-92.6237,82.0271,PRO-49
-69.3495,118.613,VAL-50
-73.8496,161.428,GLN-51
-148.472,135.886,LEU-52
-124.671,157.469,TRP-53
-119.089,161.913,VAL-54
-78.0669,-38.6252,ASP-55
-137.31,149.309,SER-56
-55.7211,123.48,THR-57
-69.724,163.406,PRO-58
-52.1516,151.272,PRO-59
-66.9089,122.864,PRO-60
98.7651,23.5004,GLY-61
-94.4553,162.619,THR-62
-154.842,132.745,ARG-63
-85.9036,134.68,VAL-64
-115.073,145.683,ARG-65
-145.659,136.299,ALA-66
-146.918,179.263,MET-67
-160.963,108.325,ALA-68
-79.5674,162.038,ILE-69
-138.033,155.612,TYR-70
-139.734,154.979,LYS-71
-119.603,176.221,GLN-72
-62.6904,-16.5499,SER-73
-124.498,17.5933,GLN-74
-158.573,118.796,HIS-75
-117.192,1.23372,MET-76
-98.5639,64.0855,THR-77
-146.605,149.99,GLU-78
-114.966,154.061,VAL-79
-59.0738,105.336,VAL-80
-119.257,154.411,ARG-81
-62.5283,144.8,ARG-82
-66.5022,153.931,CYS-83
-43.7863,-53.0892,PRO-84
-60.482,-16.467,HIS-85
-114.93,5.57885,HIS-86
-89.0982,-12.8741,GLU-87
-144.045,-20.7127,ARG-88
-68.9291,159.284,CYS-89
-68.835,-22.3699,SER-90
-67.9946,-20.9967,ASP-91
-103.462,-30.3343,SER-92
-89.2102,140.393,ASP-93
-176.797,-119.9,GLY-94
-58.7651,-43.1279,LEU-95
-105.305,146.187,ALA-96
-61.8224,150.563,PRO-97
-63.5008,-16.9614,PRO-98
-89.1205,-7.35899,GLN-99
-85.5699,102.288,HIS-100
-71.2731,-55.0248,LEU-101
-67.596,133.421,ILE-102
-140.588,155.408,ARG-103
-160.221,141.035,VAL-104
-161.964,158.259,GLU-105
119.896,13.839,GLY-106
-151.72,142.187,ASN-107
-70.1727,-36.731,LEU-108
-86.5632,108.45,ARG-109
-159.789,133.613,VAL-110
-155.065,148.989,GLU-111
-117.13,82.8158,TYR-112
-120.139,175.353,LEU-113
-114.572,142.238,ASP-114
-68.7578,134.152,ASP-115
-64.1413,-34.8563,ARG-116
-81.7155,-47.732,ASN-117
-94.3852,-24.1979,THR-118
74.5401,-6.4134,PHE-119
-66.0728,134.608,ARG-120
-73.6455,157.303,HIS-121
-168.667,179.043,SER-122
-102.903,145.228,VAL-123
-122.921,134.581,VAL-124
-141.72,143.296,VAL-125
-53.2646,144.831,PRO-126
-100.565,138.083,TYR-127
-137.222,147.434,GLU-128
-66.0165,134.889,PRO-129
-45.1287,145.753,PRO-130
-57.3027,136.887,GLU-131
-36.5192,119.677,VAL-132
99.6063,-5.97668,GLY-133
-106.145,148.171,SER-134
-111.246,-19.1838,ASP-135
-153.518,164.397,CYS-136
-106.193,144.264,THR-137
-102.326,138.339,THR-138
-122.891,124.607,ILE-139
-103.478,69.1758,HIS-140
-57.1928,147.184,TYR-141
-159.14,151.877,ASN-142
-148.257,158.844,TYR-143
-119.211,151.8,MET-144
-137.356,169.482,CYS-145
-145.705,132.858,ASN-146
-90.8806,-10.8808,SER-147
-80.0016,-20.6178,SER-148
-68.3479,143.99,CYS-149
-67.5522,-51.0088,MET-150
106.198,2.60797,GLY-151
64.4021,-132.215,GLY-152
-90.0645,-47.4569,ILE-153
-136.373,129.321,ASN-154
-87.5426,111.495,ARG-155
-129.228,163.787,ARG-156
-66.3954,172.498,PRO-157
-144.075,142.632,ILE-158
-144.91,135.826,LEU-159
-105.544,149.961,THR-160
-126.586,119.542,ILE-161
-107.858,127.394,ILE-162
-130.797,145.263,THR-163
-104.839,130.968,LEU-164
-152.127,161.191,GLU-165
-80.2226,176.502,ASP-166
-58.1848,-23.3091,SER-167
-82.6544,-4.79193,SER-168
80.3961,6.61759,GLY-169
-57.3553,127.765,ASN-170
-83.4147,124.397,LEU-171
-110.121,-31.9218,LEU-172
-169.093,167.555,GLY-173
-125.813,141.108,ARG-174
-138.486,147.946,ASN-175
-140.947,138.764,SER-176
-151.888,142.637,PHE-177
-81.4073,151.022,GLU-178
-138.088,143.339,VAL-179
-144.35,140.683,ARG-180
-135.825,137.86,VAL-181
-170.064,-161.848,CYS-182
-113.873,-40.3282,ALA-183
-106.542,77.1889,CYS-184
-54.5613,-47.695,PRO-185
-64.5267,-16.277,GLY-186
-72.9084,-39.8715,ARG-187
-70.9484,-37.3867,ASP-188
-55.7796,-59.8105,ARG-189
-60.3547,-27.4914,ARG-190
-76.54,-51.1974,THR-191
-75.0553,-11.6195,GLU-192
-88.1157,-2.78178,GLU-193
-65.4998,-12.139,GLU-194
-65.9342,-19.5281,ASN-195
-84.2403,147.318,LEU-196
-76.775,-16.1647,ARG-197
-81.3458,159.714,LYS-198
-61.7853,92.4792,LYS-199
-58.7339,161.693,GLY-200
-35.0021,124.423,GLU-201
-75.6536,170.073,PRO-202
-167.465,155.129,HIS-203
-30.452,118.143,HIS-204
-79.7031,-14.7593,GLU-205
-54.1191,-65.4395,LEU-206
-61.4265,136.762,PRO-207
-46.1596,164.326,PRO-208
-66.5113,165.107,GLY-209
-75.0434,-178.935,SER-210
-90.8162,150.696,THR-211
-86.8929,150.107,LYS-212
69.1697,164.629,ARG-213
-79.9794,167.665,ALA-214
-95.1831,-35.2438,LEU-215
-49.6588,157.56,PRO-216
-80.2258,22.9215,ASN-217
-57.488,111.972,ASN-218
175.123,141.856,SER-2
-167.031,145.366,SER-3
-76.316,119.737,VAL-4
-56.7528,151.353,PRO-5
-80.4565,150.416,SER-6
-98.0355,-8.6532,GLN-7
-68.1524,114.516,LYS-8
-68.7284,136.782,THR-9
-158.381,149.89,TYR-10
-84.4786,-34.6401,GLN-11
75.168,-151.335,GLY-12
-90.3058,-26.6326,SER-13
-99.1036,-3.43519,TYR-14
93.2715,28.4493,GLY-15
-53.1496,127.748,PHE-16
-166.254,138.122,ARG-17
-90.0668,147.243,LEU-18
-133.363,173.855,GLY-19
-143.102,122.94,PHE-20
-90.1449,105.79,LEU-21
-74.5121,134.612,HIS-22
-143.77,9.59017,SER-23
119.491,-148.561,GLY-24
-136.791,-11.2659,THR-25
-75.6024,166.476,ALA-26
-42.9456,-39.1869,LYS-27
-69.511,-9.57158,SER-28
-86.4719,133.922,VAL-29
-76.1754,-29.0826,THR-30
-172.317,150.897,CYS-31
-158.318,151.167,THR-32
-137.069,140.496,TYR-33
-98.9338,98.0609,SER-34
-57.2669,-43.8962,PRO-35
-70.3366,-16.7439,ALA-36
-98.9604,-20.6143,LEU-37
58.2328,33.2785,ASN-38
-111.922,134.24,LYS-39
-90.7422,143.626,MET-40
-117.126,118.54,PHE-41
-121.245,139.921,CYS-42
-90.8461,126.59,GLN-43
-60.8431,125.265,LEU-44
75.1439,4.75224,ALA-45
-93.6804,151.044,LYS-46
-77.0933,113.885,THR-47
-94.3288,95.4887,CYS-48
-58.3705,116.934,PRO-49
-119.877,110.116,VAL-50
-69.7735,131.1,GLN-51
-113.816,129.195,LEU-52
-111.145,155.94,TRP-53
-135.464,173.321,VAL-54
-109.298,-34.6289,ASP-55
-128.887,139.905,SER-56
-60.8537,118.455,THR-57
-54.6896,154.176,PRO-58
-83.0259,164.53,PRO-59
-39.0988,146.733,PRO-60
101.92,-15.6958,GLY-61
-94.4703,161.025,THR-62
-162.594,132.815,ARG-63
-102.484,128.375,VAL-64
-105.991,142.883,ARG-65
-132.987,138.957,ALA-66
-151.943,167.746,MET-67
-141.964,133.12,ALA-68
-84.0185,157.316,ILE-69
-121.602,139.165,TYR-70
-145.153,144.082,LYS-71
-122.517,161.445,GLN-72
-49.7011,-0.879323,SER-73
-143.584,17.2047,GLN-74
-160.091,132.247,HIS-75
-133.975,7.83403,MET-76
-107.097,73.7446,THR-77
-141.289,170.53,GLU-78
-131.188,165.954,VAL-79
-65.2081,117.165,VAL-80
-134.851,159.272,ARG-81
-62.3999,154.53,ARG-82
-49.1467,158.528,CYS-83
-54.5585,-40.6328,PRO-84
-70.686,-7.41749,HIS-85
-122.864,2.41442,HIS-86
-79.9717,-0.80131,GLU-87
-153.107,-46.3801,ARG-88
-57.1181,163.158,CYS-89
-74.6029,-26.2188,SER-90
-50.7977,-11.4107,ASP-91
-108.314,-18.9173,SER-92
-76.0108,171.774,ASP-93
142.881,-155.386,GLY-94
-47.6337,-42.8907,LEU-95
-97.3736,155.083,ALA-96
-61.4477,130.299,PRO-97
-61.3209,0.603264,PRO-98
-92.2017,-25.2922,GLN-99
-70.9113,120.903,HIS-100
-79.9908,-44.385,LEU-101
-82.4045,130.353,ILE-102
-141.049,179.292,ARG-103
-166.099,159.404,VAL-104
-159.985,154.502,GLU-105
134.879,9.28963,GLY-106
-162.366,139.214,ASN-107
-74.56,-37.0834,LEU-108
-68.1854,143.538,ARG-109
160.07,127.373,VAL-110
-150.802,160.667,GLU-111
-132.093,117.024,TYR-112
-137.135,149.47,LEU-113
-80.012,131.881,ASP-114
-77.2224,142.131,ASP-115
-66.6609,-42.8185,ARG-116
-93.3994,-26.1389,ASN-117
-111.71,-24.6097,THR-118
66.8359,4.65276,PHE-119
-73.3703,148.301,ARG-120
-85.5718,148.983,HIS-121
-166.273,166.879,SER-122
-114.726,128.273,VAL-123
-124.247,118.631,VAL-124
-107.957,150.561,VAL-125
-63.9608,146.58,PRO-126
-78.8702,129.137,TYR-127
-138.646,142.143,GLU-128
-69.307,150.863,PRO-129
-84.3927,160.098,PRO-130
-70.0342,140.715,GLU-131
-55.4344,127.974,VAL-132
115.664,-17.1314,GLY-133
-107.87,130.859,SER-134
-84.7775,0.127103,ASP-135
-178.445,166.213,CYS-136
-86.19,141.567,THR-137
-114.845,125.134,THR-138
-105.097,132.44,ILE-139
-113.573,85.708,HIS-140
-71.0999,146.546,TYR-141
-142.119,144.594,ASN-142
-134.427,-169.079,TYR-143
-172.059,158.096,MET-144
-176.476,149.48,CYS-145
-129.288,130.157,ASN-146
-94.14,-0.997171,SER-147
-87.6004,-7.85032,SER-148
-76.8012,136.254,CYS-149
-64.5935,-31.0284,MET-150
83.9346,4.15546,GLY-151
80.895,-157.734,GLY-152
-77.2132,-28.7057,ILE-153
-154.91,106.691,ASN-154
-76.3668,138.645,ARG-155
-150.075,167.132,ARG-156
-71.9774,160.192,PRO-157
-127.592,135.268,ILE-158
-143.618,120.698,LEU-159
-86.2461,154.645,THR-160
-117.378,117.725,ILE-161
-101.015,142.463,ILE-162
-139.769,131.21,THR-163
-93.2917,128.625,LEU-164
-148.004,-173.381,GLU-165
-102.923,166.145,ASP-166
-66.8109,-21.9841,SER-167
-79.3252,-3.27293,SER-168
95.4996,-7.29502,GLY-169
-64.1604,130.255,ASN-170
-89.5381,123.378,LEU-171
-114.489,-15.2699,LEU-172
170.802,148.415,GLY-173
-134.812,153.779,ARG-174
-157.524,131.872,ASN-175
-142.293,141.759,SER-176
-149.41,155.641,PHE-177
-71.4116,147.202,GLU-178
-122.054,152.919,VAL-179
-155.024,124.347,ARG-180
-113.098,142.403,VAL-181
-160.184,-154.499,CYS-182
-106.75,-18.9162,ALA-183
-139.765,81.2091,CYS-184
-67.5025,-20.1735,PRO-185
-71.9961,-29.9056,GLY-186
-64.2624,-57.7792,ARG-187
-60.2669,-38.3433,ASP-188
-55.509,-51.1327,ARG-189
-62.8918,-45.4087,ARG-190
-55.5527,-62.9425,THR-191
-86.3174,-21.0696,GLU-192
-69.4286,-20.7612,GLU-193
-57.1851,-11.9375,GLU-194
-96.2357,23.6091,ASN-195
-100.796,138.836,LEU-196
-78.6491,-23.7162,ARG-197
-86.2466,162.533,LYS-198
-83.6443,146.867,LYS-199
-105.94,-173.5,GLY-200
-74.3582,134.893,GLU-201
-85.7608,166.213,PRO-202
-149.412,-172.813,HIS-203
-46.717,138.508,HIS-204
-91.2679,-8.04656,GLU-205
-93.4691,-25.2984,LEU-206
-80.0422,163.36,PRO-207
-81.9004,167.393,PRO-208
-80.1749,148.675,GLY-209
-70.961,-178.207,SER-210
-74.5031,166.501,THR-211
-110.9,138.45,LYS-212
71.8661,161.99,ARG-213
-61.6553,164.502,ALA-214
-79.1139,-32.976,LEU-215
-49.2639,145.286,PRO-216
-79.8593,26.5129,ASN-217
-59.5698,134.813,ASN-218
-176.701,122.989,SER-2
-161.671,143.648,SER-3
-76.7402,122.812,VAL-4
-58.5195,136.018,PRO-5
-75.6279,138.421,SER-6
-95.3356,0.655205,GLN-7
-76.9351,102.478,LYS-8
-56.0339,136.596,THR-9
-138.158,172.997,TYR-10
-107.88,-45.1947,GLN-11
61.0589,-156.505,GLY-12
-69.3493,-33.8427,SER-13
-88.8198,-3.5664,TYR-14
71.5486,29.7913,GLY-15
-55.878,93.087,PHE-16
-131.624,147.212,ARG-17
-107.004,144.525,LEU-18
-134.063,-160.092,GLY-19
-156.341,131.434,PHE-20
-85.6899,112.415,LEU-21
-90.2004,133.744,HIS-22
-145.149,24.2907,SER-23
107.462,-169.424,GLY-24
-143.721,5.00603,THR-25
-68.7752,157.451,ALA-26
-65.1327,-5.9651,LYS-27
-86.3681,-8.71106,SER-28
-83.0943,128.902,VAL-29
-83.2048,-32.4946,THR-30
-145.867,155.225,CYS-31
-154.485,149.68,THR-32
-132.84,132.376,TYR-33
-91.6664,106.76,SER-34
-60.2298,-43.7014,PRO-35
-69.4848,-6.53777,ALA-36
-122.361,-18.4565,LEU-37
52.595,52.4626,ASN-38
-118.64,126.017,LYS-39
-109.995,134.236,MET-40
-111.227,130.318,PHE-41
-128.586,119.727,CYS-42
-69.6741,128.382,GLN-43
-60.1675,128.488,LEU-44
73.0569,-21.0003,ALA-45
-64.3833,163.891,LYS-46
-87.7797,146.333,THR-47
-120.611,98.5823,CYS-48
-68.8414,94.4645,PRO-49
-81.3485,145.816,VAL-50
-118.355,138.014,GLN-51
-129.255,132.122,LEU-52
-104.705,151.787,TRP-53
-142.53,138.897,VAL-54
-85.6473,-63.0127,ASP-55
-110.158,97.2982,SER-56
-38.091,122.126,THR-57
-50.2267,132.337,PRO-58
-70.5596,174.218,PRO-59
-69.6014,146.424,PRO-60
99.2778,-12.8096,GLY-61
-75.5122,169.834,THR-62
-165.632,146.271,ARG-63
-114.181,122.881,VAL-64
-103.921,139.801,ARG-65
-131.867,146.352,ALA-66
-161.426,169.344,MET-67
-151.885,118.409,ALA-68
-84.9445,139.241,ILE-69
-111.479,127.732,TYR-70
-100.847,141.952,LYS-71
-111.144,173.357,GLN-72
-70.6786,-3.5099,SER-73
-129.788,0.195369,GLN-74
-149.73,133.012,HIS-75
-124.95,-12.7878,MET-76
-108.191,70.7616,THR-77
-154.033,163.58,GLU-78
-127.884,161.068,VAL-79
-78.9377,133.161,VAL-80
-160.86,153.259,ARG-81
-61.0346,166.616,ARG-82
-78.1819,161.805,CYS-83
-48.575,-56.5432,PRO-84
-57.0562,-14.1906,HIS-85
-106.14,-7.63203,HIS-86
-72.8138,-1.89623,GLU-87
-140.485,-34.1109,ARG-88
-59.9655,166.751,CYS-89
-66.1525,-25.9811,SER-90
-81.8147,14.7409,ASP-91
-137.014,-43.5617,SER-92
-59.2155,159.539,ASP-93
142.649,-127.907,GLY-94
-48.5774,-64.3362,LEU-95
-89.39,147.451,ALA-96
-47.256,142.686,PRO-97
-65.1758,-16.7747,PRO-98
-89.7869,-10.3343,GLN-99
-74.5088,114.15,HIS-100
-91.5672,-44.7028,LEU-101
-83.6797,119.273,ILE-102
-125.727,163.686,ARG-103
-169.876,154.253,VAL-104
-164.152,161.43,GLU-105
144.18,-19.8533,GLY-106
-111.302,160.568,ASN-107
-60.4604,-36.1847,LEU-108
-75.2295,158.423,ARG-109
178.637,133.911,VAL-110
-167.251,163.178,GLU-111
-134.557,88.7475,TYR-112
-111.464,153.485,LEU-113
-89.2724,138.331,ASP-114
-68.052,132.091,ASP-115
-55.6562,-25.9815,ARG-116
-107.601,-46.0664,ASN-117
-86.5055,-25.2017,THR-118
80.9734,3.58154,PHE-119
-80.2169,139.986,ARG-120
-82.7175,160.001,HIS-121
-167.083,163.374,SER-122
-101.607,144.971,VAL-123
-139.2,108.592,VAL-124
-107.648,158.011,VAL-125
-72.8216,157.032,PRO-126
-81.2519,139.047,TYR-127
-137.962,140.449,GLU-128
-45.1697,149.11,PRO-129
-84.8213,178.53,PRO-130
-47.4888,152.619,GLU-131
-54.1842,111.823,VAL-132
94.7473,-14.7093,GLY-133
-66.0702,152.708,SER-134
-103.843,-21.8481,ASP-135
-156.819,151.338,CYS-136
-97.3822,120.451,THR-137
-87.7178,147.907,THR-138
-127.574,115.62,ILE-139
-84.5803,61.4581,HIS-140
-34.418,160.742,TYR-141
-163.247,149.742,ASN-142
-138.562,156.924,TYR-143
-113.509,156.236,MET-144
-154.24,-167.658,CYS-145
-160.167,139.623,ASN-146
-85.8991,-14.4012,SER-147
-80.4335,-4.45867,SER-148
-66.2526,160.807,CYS-149
-91.4896,-65.098,MET-150
99.9746,18.7226,GLY-151
66.1223,-137.412,GLY-152
-66.7121,-39.4334,ILE-153
-160.132,114.175,ASN-154
-70.6066,122.818,ARG-155
-147.649,154.54,ARG-156
-61.0921,150.189,PRO-157
-122.209,129.288,ILE-158
-131.49,137.43,LEU-159
-101.891,141.076,THR-160
-116.296,108.123,ILE-161
-96.4066,147.788,ILE-162
-147.304,149.684,THR-163
-92.6449,129.791,LEU-164
-149.061,177.831,GLU-165
-101.557,163.041,ASP-166
-61.0304,-22.6224,SER-167
-74.3377,-1.55863,SER-168
93.8578,-4.88902,GLY-169
-72.7941,120.2,ASN-170
-75.2077,133.854,LEU-171
-122.705,-33.0371,LEU-172
-144.362,172.668,GLY-173
-146.089,134.199,ARG-174
-136.116,146.657,ASN-175
-142.151,149.175,SER-176
-164.678,149.884,PHE-177
-68.2395,133.31,GLU-178
-107.546,132.031,VAL-179
-139.215,128.709,ARG-180
-129.803,133.897,VAL-181
-172.647,177.423,CYS-182
-82.7642,-36.6037,ALA-183
-109.215,71.7109,CYS-184
-56.7926,-26.0397,PRO-185
-81.5782,-34.472,GLY-186
-58.0416,-49.312,ARG-187
-71.2687,-38.3566,ASP-188
-53.3609,-49.7375,ARG-189
-68.9985,-15.6571,ARG-190
-81.35,-59.478,THR-191
-83.3416,-23.2674,GLU-192
-74.3232,-8.89661,GLU-193
-62.9681,-1.28997,GLU-194
-98.394,-18.1051,ASN-195
-66.8318,149.915,LEU-196
-70.8475,-30.8594,ARG-197
-80.1103,134.881,LYS-198
-61.4897,119.778,LYS-199
-80.6924,-176.149,GLY-200
-58.7253,120.437,GLU-201
-66.2383,159.648,PRO-202
-136.329,159.144,HIS-203
-35.9673,126.958,HIS-204
-84.0266,-14.1349,GLU-205
-71.1684,-42.0303,LEU-206
-59.0739,136.468,PRO-207
-70.8411,154.894,PRO-208
-62.3585,161.649,GLY-209
-90.1031,-168.715,SER-210
-76.741,153.113,THR-211
-95.5334,131.861,LYS-212
73.9124,157.571,ARG-213
-77.7724,-173.025,ALA-214
-87.0341,-44.202,LEU-215
-74.6527,169.445,PRO-216
-91.8834,28.9987,ASN-217
-72.2125,114.727,ASN-218
-160.223,147.245,SER-2
-170.623,149.119,SER-3
-68.8127,140.133,VAL-4
-57.7154,139.923,PRO-5
-67.7059,147.313,SER-6
-120.214,8.81013,GLN-7
-62.5511,119.492,LYS-8
-72.9391,135.937,THR-9
-168.484,144.479,TYR-10
-98.8089,-28.2743,GLN-11
51.6542,-160.706,GLY-12
-79.4733,-20.2581,SER-13
-65.2439,-40.271,TYR-14
85.3936,34.406,GLY-15
-55.4012,106.763,PHE-16
-151.164,129.358,ARG-17
-91.2977,149.544,LEU-18
-132.563,139.891,GLY-19
-118.626,99.453,PHE-20
-48.2224,99.7578,LEU-21
-88.0586,134.481,HIS-22
-146.86,-5.98707,SER-23
135.129,-176.475,GLY-24
-117.326,9.51176,THR-25
-66.8032,140.828,ALA-26
-51.6127,-25.0918,LYS-27
-72.9686,-23.3973,SER-28
-53.5276,135.316,VAL-29
-64.923,-62.9381,THR-30
-140.317,167.298,CYS-31
-150.908,148.057,THR-32
-135.1,115.113,TYR-33
-90.1253,111.395,SER-34
-74.338,-25.1909,PRO-35
-60.8923,-12.9767,ALA-36
-114.443,-3.73264,LEU-37
25.9989,49.7622,ASN-38
-118.052,133.142,LYS-39
-99.37,131.651,MET-40
-106.316,113.798,PHE-41
-110.06,140.121,CYS-42
-82.0249,138.4,GLN-43
-68.4762,143.683,LEU-44
74.8208,-25.1289,ALA-45
-54.4383,135.834,LYS-46
-71.1171,121.252,THR-47
-113.057,97.9509,CYS-48
-64.2858,126.576,PRO-49
-125.064,144.444,VAL-50
-107.657,163.837,GLN-51
-146.495,109.326,LEU-52
-82.7402,157.468,TRP-53
-127.737,157.365,VAL-54
-71.7338,-28.7726,ASP-55
-149.108,131.168,SER-56
-81.7717,113.475,THR-57
-72.7661,156.41,PRO-58
-75.19,155.339,PRO-59
-64.4576,156.28,PRO-60
79.9839,11.6569,GLY-61
-81.8566,164.071,THR-62
-158.175,152.493,ARG-63
-97.036,125.26,VAL-64
-112.786,150.411,ARG-65
-140.782,142.011,ALA-66
-155.501,154.178,MET-67
-136.517,106.711,ALA-68
-82.3812,156.173,ILE-69
-118.111,126.857,TYR-70
-119.461,157.936,LYS-71
-137.453,161.766,GLN-72
-62.7788,22.0834,SER-73
-170.724,12.3394,GLN-74
-154.878,105.376,HIS-75
-103.837,-1.15614,MET-76
-90.9851,-0.667838,THR-77
-98.7902,170.33,GLU-78
-119.611,157.855,VAL-79
-65.5498,133.977,VAL-80
-157.692,163.974,ARG-81
-62.364,164.211,ARG-82
-66.3862,156.421,CYS-83
-49.0382,-44.3295,PRO-84
-74.1993,-1.06904,HIS-85
-127.096,29.2312,HIS-86
-134.531,-7.7996,GLU-87
-150.187,-24.1893,ARG-88
-63.3603,144.03,CYS-89
-56.2771,-13.104,SER-90
-71.732,-35.1369,ASP-91
-82.2614,-36.1035,SER-92
-68.4958,155.512,ASP-93
161.168,-118.374,GLY-94
-80.616,-38.6534,LEU-95
-102.307,152.828,ALA-96
-57.7996,135.625,PRO-97
-62.2764,-16.7758,PRO-98
-81.5529,-17.2474,GLN-99
-72.977,124.894,HIS-100
-92.8811,-36.792,LEU-101
-86.8704,114.865,ILE-102
-123.288,164.956,ARG-103
178.922,141.328,VAL-104
-162.487,154.609,GLU-105
148.893,-62.3351,GLY-106
-70.6619,161.398,ASN-107
-48.7835,-54.3183,LEU-108
-83.4906,144.914,ARG-109
-174.278,136.89,VAL-110
-158.255,165.838,GLU-111
-136.568,91.8212,TYR-112
-152.544,160.641,LEU-113
-95.8888,150.478,ASP-114
-66.9502,122.185,ASP-115
-57.4158,-19.8193,ARG-116
-98.4439,-46.9358,ASN-117
-90.8842,-16.3847,THR-118
65.7792,4.87278,PHE-119
-72.5764,135.604,ARG-120
-58.3933,167.378,HIS-121
-173.35,166.253,SER-122
-88.316,131.104,VAL-123
-121.665,131.355,VAL-124
-133.497,158.954,VAL-125
-72.6517,145.099,PRO-126
-69.833,136.701,TYR-127
-127.84,142.294,GLU-128
-83.2507,150.351,PRO-129
-82.3015,160.754,PRO-130
-54.742,148.069,GLU-131
-59.4548,135.014,VAL-132
82.3816,-17.3795,GLY-133
-73.0259,145.745,SER-134
-87.2653,-22.5544,ASP-135
-171.115,160.509,CYS-136
-82.8732,128.956,THR-137
-102.103,145.644,THR-138
-143.313,139.907,ILE-139
-120.04,102.807,HIS-140
-95.0441,154.07,TYR-141
-145.986,167.365,ASN-142
-151.435,160.809,TYR-143
-135.518,154.529,MET-144
-158.451,163.962,CYS-145
-144.571,125.313,ASN-146
-82.2682,-14.8761,SER-147
-86.2975,-3.72123,SER-148
-55.8611,121.251,CYS-149
-66.3678,-45.1375,MET-150
71.5874,47.4968,GLY-151
62.1716,-126.737,GLY-152
-117.639,-19.3567,ILE-153
-156.967,116.318,ASN-154
-79.434,113.732,ARG-155
-136.774,156.62,ARG-156
-63.2733,150.791,PRO-157
-134.546,148.321,ILE-158
-154.721,142.567,LEU-159
-108.969,148.467,THR-160
-123.404,96.6598,ILE-161
-93.5044,145.314,ILE-162
-143.886,164.391,THR-163
-125.063,136.586,LEU-164
-156.251,163.677,GLU-165
-65.341,164.523,ASP-166
-63.3416,-10.3986,SER-167
-91.9025,1.92208,SER-168
89.1661,1.91296,GLY-169
-74.4982,116.703,ASN-170
-76.5705,132.752,LEU-171
-119.35,-18.0921,LEU-172
-169.455,158.047,GLY-173
-142.807,138.656,ARG-174
-129.558,159.786,ASN-175
-142.826,140.338,SER-176
-159.318,155.055,PHE-177
-80.762,147.753,GLU-178
-129.382,150.563,VAL-179
-151.242,133.558,ARG-180
-129.599,125.905,VAL-181
-165.491,-173.522,CYS-182
-86.8798,-64.0225,ALA-183
-100.946,85.3318,CYS-184
-77.2333,-17.5456,PRO-185
-67.2988,-37.7589,GLY-186
-63.9507,-55.7583,ARG-187
-61.0439,-35.2161,ASP-188
-60.1807,-62.8696,ARG-189
-32.531,-52.7137,ARG-190
-54.392,-52.3954,THR-191
-80.8977,-17.9011,GLU-192
-86.5409,-24.3888,GLU-193
-57.49,-12.3765,GLU-194
-89.8109,-19.4329,ASN-195
-61.5789,149.539,LEU-196
-59.1703,-56.2487,ARG-197
-67.2583,150.321,LYS-198
-69.0896,139.965,LYS-199
-61.6391,-173.399,GLY-200
-73.0123,157.084,GLU-201
-79.2636,168.038,PRO-202
-157.725,171.258,HIS-203
-78.8297,136.002,HIS-204
-120.189,-7.93319,GLU-205
-54.9507,-37.8919,LEU-206
-98.7242,161.744,PRO-207
-41.4485,163.566,PRO-208
-82.0763,-169.717,GLY-209
-107.153,175.429,SER-210
-74.8336,157.008,THR-211
-103.534,138.616,LYS-212
59.1789,162.069,ARG-213
-64.3761,162.273,ALA-214
-67.1706,-42.8366,LEU-215
-61.7075,151.671,PRO-216
-76.0001,14.5545,ASN-217
-44.2688,141.786,ASN-218
-178.631,135.528,SER-2
-171.859,148.099,SER-3
-65.5225,124.131,VAL-4
-63.349,134.317,PRO-5
-71.0347,141.823,SER-6
-94.5327,-14.9248,GLN-7
-64.2848,109.576,LYS-8
-59.1407,109.919,THR-9
-131.052,170.076,TYR-10
-128.19,-14.3451,GLN-11
74.5639,-148.212,GLY-12
-76.9302,-43.2885,SER-13
-80.9586,-4.52225,TYR-14
68.5362,36.4272,GLY-15
-57.4812,96.7927,PHE-16
-119.198,146.016,ARG-17
-120.784,135.385,LEU-18
-142.855,-171.9,GLY-19
-142.972,109.232,PHE-20
-59.0003,122.702,LEU-21
-91.5789,135.183,HIS-22
-135.491,31.1072,SER-23
77.4088,-143.524,GLY-24
-146.899,23.2557,THR-25
-58.6326,139.479,ALA-26
-42.3478,-19.4191,LYS-27
-83.1476,-23.3029,SER-28
-64.1861,140.28,VAL-29
-86.9857,-26.6101,THR-30
-161.877,177.641,CYS-31
-168.323,156.729,THR-32
-148.678,123.708,TYR-33
-116.459,115.983,SER-34
-76.9759,-32.1518,PRO-35
-73.6307,-16.9427,ALA-36
-102.015,-18.1285,LEU-37
43.1506,39.2852,ASN-38
-107.126,130.246,LYS-39
-99.3194,127.415,MET-40
-95.5454,117.215,PHE-41
-124.838,135.46,CYS-42
-89.1273,122.547,GLN-43
-55.9313,136.295,LEU-44
82.9819,-36.9155,ALA-45
-73.8329,140.484,LYS-46
-80.5046,136.162,THR-47
-116.504,117.816,CYS-48
-86.0305,114.75,PRO-49
-109.811,139.274,VAL-50
-124.611,117.734,GLN-51
-97.623,117.95,LEU-52
-96.0773,145.815,TRP-53
-135.692,166.133,VAL-54
-106.931,-16.8944,ASP-55
-150.228,133.21,SER-56
-41.3376,117.786,THR-57
-77.3115,153.394,PRO-58
-70.9596,173.235,PRO-59
-67.507,149.679,PRO-60
91.0357,-13.9222,GLY-61
-80.2976,147.738,THR-62
-139.369,156.452,ARG-63
-97.1592,129.396,VAL-64
-112.359,138.185,ARG-65
-125.656,105.231,ALA-66
-100.464,147.179,MET-67
-133.042,104.534,ALA-68
-88.373,144.525,ILE-69
-122.905,129.417,TYR-70
-126.177,166.354,LYS-71
-144.463,-179.398,GLN-72
-65.3756,-1.75064,SER-73
-151.639,7.12781,GLN-74
-156.571,131.388,HIS-75
-130.329,-7.12076,MET-76
-84.5135,10.5096,THR-77
-91.8815,141.091,GLU-78
-99.7081,146.184,VAL-79
-76.2018,116.169,VAL-80
-136.798,156.661,ARG-81
-49.5044,144.769,ARG-82
-71.192,163.141,CYS-83
-43.2002,-31.8316,PRO-84
-82.4119,-23.0352,HIS-85
-122.692,7.6146,HIS-86
-80.5786,-25.8254,GLU-87
-118.515,-35.5053,ARG-88
-57.3156,165.297,CYS-89
-69.9293,-32.3707,SER-90
-67.2734,-5.62574,ASP-91
-113.011,-7.80208,SER-92
-90.3931,163.065,ASP-93
120.885,-112.273,GLY-94
-65.1052,-18.8525,LEU-95
-124.742,153.132,ALA-96
-63.7161,150.438,PRO-97
-76.0925,-11.7287,PRO-98
-70.0765,-35.1859,GLN-99
-77.2726,136.245,HIS-100
-90.2983,-58.7518,LEU-101
-72.0258,125.455,ILE-102
-142.855,155.763,ARG-103
-159.225,131.811,VAL-104
-128.368,149.167,GLU-105
143.387,-0.980795,GLY-106
-152.495,152.892,ASN-107
-56.8138,-56.9937,LEU-108
-77.8791,125.27,ARG-109
-173.499,118.965,VAL-110
-150.254,173.893,GLU-111
-125.65,115.913,TYR-112
-133.481,161.541,LEU-113
-77.4431,118.831,ASP-114
-48.8976,132.375,ASP-115
-61.1515,-26.0416,ARG-116
-91.8362,-59.0332,ASN-117
-84.0485,-32.097,THR-118
92.6328,15.6731,PHE-119
-91.8287,113.176,ARG-120
-56.0375,125.739,HIS-121
-160.303,148.707,SER-122
-68.7164,135.869,VAL-123
-129.212,133.446,VAL-124
-125.307,150.877,VAL-125
-56.6337,154.793,PRO-126
-68.7562,143.71,TYR-127
-139.158,135.06,GLU-128
-63.1263,146.205,PRO-129
-76.0434,-174.21,PRO-130
-67.1687,158.763,GLU-131
-60.822,115.092,VAL-132
75.5699,23.3001,GLY-133
-103.254,130.76,SER-134
-78.5027,-6.43864,ASP-135
-167.749,139.237,CYS-136
-78.2582,146.327,THR-137
-101.079,132.089,THR-138
-116.423,127.617,ILE-139
-103.989,88.308,HIS-140
-60.8649,164.761,TYR-141
-167.738,148.321,ASN-142
-148.214,-175.092,TYR-143
-163.622,135.041,MET-144
-143.509,174.976,CYS-145
-161.525,132.718,ASN-146
-79.8231,0.739764,SER-147
-109.772,13.5934,SER-148
-71.7267,150.281,CYS-149
-76.0566,-57.26,MET-150
73.3657,11.2557,GLY-151
58.1459,-149.343,GLY-152
-70.3264,-30.0547,ILE-153
-161.411,100.632,ASN-154
-75.4679,126.801,ARG-155
-147.314,156.014,ARG-156
-57.0173,138.695,PRO-157
-113.374,154.251,ILE-158
-149.117,137.32,LEU-159
-110.009,153.511,THR-160
-128.203,112.717,ILE-161
-93.5578,129.777,ILE-162
-127.235,161.124,THR-163
-108.315,132.154,LEU-164
-141.921,164.57,GLU-165
-72.0908,152.515,ASP-166
-58.3248,-20.7957,SER-167
-90.9403,4.32963,SER-168
88.4176,6.54892,GLY-169
-78.6997,131.801,ASN-170
-69.2501,121.78,LEU-171
-105.084,-42.1411,LEU-172
-161.141,158.676,GLY-173
-133.31,142.43,ARG-174
-143.137,149.795,ASN-175
-132.64,145.259,SER-176
-153.541,154.969,PHE-177
-75.5109,136.949,GLU-178
-119.751,137.408,VAL-179
-118.054,128.854,ARG-180
-96.9075,134.364,VAL-181
-151.794,162.505,CYS-182
-73.7122,-24.2675,ALA-183
-137.16,94.0496,CYS-184
-71.3993,-27.7015,PRO-185
-64.4632,-54.3954,GLY-186
-52.3618,-54.7354,ARG-187
-61.1584,-39.0597,ASP-188
-58.7976,-54.2709,ARG-189
-55.6318,-35.5606,ARG-190
-70.1776,-58.0845,THR-191
-77.6348,-25.9244,GLU-192
-70.4743,-15.1593,GLU-193
-52.1914,-30.1224,GLU-194
-71.7008,-9.76584,ASN-195
-81.8147,144.888,LEU-196
-90.2394,-18.3436,ARG-197
-85.2019,157.89,LYS-198
-64.7333,140.308,LYS-199
-89.7417,-138.494,GLY-200
-105.896,144.253,GLU-201
-53.2809,172.815,PRO-202
-167.429,174.483,HIS-203
-66.7066,121.749,HIS-204
-83.7145,-1.9919,GLU-205
-78.875,-63.1892,LEU-206
-54.2574,155.945,PRO-207
-82.389,179.225,PRO-208
-67.8655,158.094,GLY-209
-94.8282,177.939,SER-210
-61.8098,159.83,THR-211
-105.172,137.156,LYS-212
71.7318,148.123,ARG-213
-68.2599,161.88,ALA-214
-64.0196,-36.3837,LEU-215
-53.9453,148.936,PRO-216
-90.8582,23.9521,ASN-217
-69.8123,144.345,ASN-218
-168.077,126.13,SER-2
-170.212,133.189,SER-3
-61.1137,127.346,VAL-4
-72.5082,134.546,PRO-5
-71.0482,141.717,SER-6
-95.073,-33.3001,GLN-7
-71.528,139.617,LYS-8
-72.8615,141.917,THR-9
-156.616,163.051,TYR-10
-98.9187,-42.3229,GLN-11
74.5918,-170.908,GLY-12
-63.2538,-40.8192,SER-13
-92.0025,-23.0208,TYR-14
112.471,8.76975,GLY-15
-34.3169,115.414,PHE-16
-150.474,148.833,ARG-17
-113.497,163.846,LEU-18
-158.58,169.213,GLY-19
-137.154,160.966,PHE-20
-130.408,152.985,LEU-21
-164.86,123.71,HIS-22
-103.092,-39.5763,SER-23
160.514,-141.288,GLY-24
-134.951,10.197,THR-25
-78.5583,167.335,ALA-26
-33.0097,-41.8136,LYS-27
-89.5834,-5.45467,SER-28
-51.3723,140.669,VAL-29
-98.7013,-25.2337,THR-30
-170.022,176.946,CYS-31
-172.591,150.739,THR-32
-131.441,134.232,TYR-33
-105.799,103.143,SER-34
-67.2413,-35.3939,PRO-35
-63.2466,-1.16627,ALA-36
-131.617,-12.185,LEU-37
45.8294,40.2855,ASN-38
-125.041,136.943,LYS-39
-104.787,138.99,MET-40
-113.496,128.824,PHE-41
-125.843,122.54,CYS-42
-69.8618,129.369,GLN-43
-56.3245,124.402,LEU-44
79.2078,-2.52401,ALA-45
-73.8657,135.79,LYS-46
-52.9984,138.229,THR-47
-140.996,107.448,CYS-48
-85.086,133.348,PRO-49
-120.107,148.362,VAL-50
-124.556,151.804,GLN-51
-145.644,123.14,LEU-52
-116.396,132.882,TRP-53
-111.473,136.11,VAL-54
-64.916,-33.3602,ASP-55
-139.272,133.165,SER-56
-74.6791,123.807,THR-57
-75.9333,142.135,PRO-58
-66.4107,174.879,PRO-59
-51.2091,-179.757,PRO-60
59.0448,-11.3954,GLY-61
-87.1628,135.527,THR-62
-137.734,146.193,ARG-63
-100.191,142.533,VAL-64
-136.836,143.515,ARG-65
-118.315,142.706,ALA-66
-148.947,176.224,MET-67
-158.676,109.467,ALA-68
-96.9417,130.075,ILE-69
-90.9023,107.426,TYR-70
-87.0428,153.651,LYS-71
-138.389,-170.718,GLN-72
-71.6375,-20.7533,SER-73
-131.862,8.21272,GLN-74
-126.971,129.097,HIS-75
-120.364,-19.1609,MET-76
-109.313,11.679,THR-77
-90.7167,165.014,GLU-78
-126.37,157.729,VAL-79
-63.8837,128.701,VAL-80
-142.029,161.663,ARG-81
-60.255,157.687,ARG-82
-64.2613,150.246,CYS-83
-48.1989,-49.5571,PRO-84
-71.9003,-7.01827,HIS-85
-137.784,-9.14394,HIS-86
-73.3713,5.35693,GLU-87
-155.998,-24.794,ARG-88
-73.7561,154.681,CYS-89
-63.223,-3.20197,SER-90
-81.2327,-19.3873,ASP-91
-100.309,-15.286,SER-92
-84.757,-173.092,ASP-93
104.579,-128.963,GLY-94
-38.3444,-45.0515,LEU-95
-132.735,153.077,ALA-96
-69.2227,161.122,PRO-97
-57.2698,-43.6667,PRO-98
-50.1882,-32.0672,GLN-99
-92.8605,129.072,HIS-100
-71.8008,-37.3176,LEU-101
-99.728,122.322,ILE-102
-135.759,168.342,ARG-103
-161.832,139.528,VAL-104
-138.665,151.156,GLU-105
156.851,-78.0888,GLY-106
-66.6827,138.592,ASN-107
-46.6719,-43.7794,LEU-108
-71.5485,116.674,ARG-109
-147.981,143.571,VAL-110
-159.325,140.726,GLU-111
-103.915,122.243,TYR-112
-121.079,149.828,LEU-113
-82.9768,129.357,ASP-114
-64.458,132.565,ASP-115
-52.9673,-15.165,ARG-116
-118.155,-52.2276,ASN-117
-80.6146,-13.8425,THR-118
54.0184,35.1297,PHE-119
-93.8899,112.183,ARG-120
-53.9955,135.477,HIS-121
-174.236,141.32,SER-122
-61.5138,121.436,VAL-123
-122.252,146.81,VAL-124
-147.762,153.113,VAL-125
-81.0742,150.574,PRO-126
-69.4459,138.274,TYR-127
-128.026,131.108,GLU-128
-60.3002,157.257,PRO-129
-58.437,145.271,PRO-130
-68.7051,166.612,GLU-131
-75.5938,129.968,VAL-132
94.3998,-28.5406,GLY-133
-63.581,152.599,SER-134
-83.7713,-24.9097,ASP-135
-163.271,-176.221,CYS-136
-87.0399,148.54,THR-137
-132.841,138.506,THR-138
-138.82,125.684,ILE-139
-89.599,82.6089,HIS-140
-63.0369,157.886,TYR-141
-142.162,151.201,ASN-142
-132.173,174.527,TYR-143
-154.089,163.204,MET-144
-172.807,179.252,CYS-145
-161.647,136.249,ASN-146
-88.3018,-11.6931,SER-147
-78.1893,-15.1481,SER-148
-70.7394,133.845,CYS-149
-69.4659,-37.3442,MET-150
89.1913,2.93939,GLY-151
63.3993,-136.68,GLY-152
-80.7313,-18.9346,ILE-153
-165.067,126.374,ASN-154
-88.7001,122.269,ARG-155
-137.428,172.452,ARG-156
-74.094,154.357,PRO-157
-133.147,142.829,ILE-158
-146.279,136.803,LEU-159
-95.5451,151.035,THR-160
-111.891,116.117,ILE-161
-105.931,115.403,ILE-162
-128.46,160.569,THR-163
-108.499,150.371,LEU-164
-154.34,161.664,GLU-165
-76.46,171.808,ASP-166
-64.005,-27.4207,SER-167
-87.9181,7.77717,SER-168
73.4519,10.0105,GLY-169
-56.9306,133.558,ASN-170
-81.1067,123.316,LEU-171
-95.7313,-37.6439,LEU-172
-160.151,158.774,GLY-173
-154.068,143,ARG-174
-151.075,143.326,ASN-175
-140.428,135.078,SER-176
-155.896,147.236,PHE-177
-68.2565,145.089,GLU-178
-126.579,142.655,VAL-179
-151.104,123.743,ARG-180
-98.7188,144.92,VAL-181
-165.693,-178.273,CYS-182
-102.994,-29.0276,ALA-183
-128.463,87.31,CYS-184
-57.5629,-33.1363,PRO-185
-83.1155,-27.7147,GLY-186
-67.1973,-47.293,ARG-187
-67.9775,-53.919,ASP-188
-39.1458,-52.8437,ARG-189
-65.5207,-55.4798,ARG-190
-48.8899,-45.3301,THR-191
-76.0672,-33.5489,GLU-192
-75.8756,-3.15242,GLU-193
-65.7527,-15.9726,GLU-194
-81.1408,-6.09441,ASN-195
-71.9005,160.683,LEU-196
-111.404,30.197,ARG-197
-159.894,165.688,LYS-198
-72.7422,133.43,LYS-199
-96.8598,-161.094,GLY-200
-64.9738,151.161,GLU-201
-74.9985,167.099,PRO-202
-150.187,154.865,HIS-203
-38.2965,123.342,HIS-204
-62.7827,-35.5201,GLU-205
-63.6518,-60.6276,LEU-206
-53.0575,161.822,PRO-207
-59.9724,177.266,PRO-208
-85.9528,-172.962,GLY-209
-107.837,-159.07,SER-210
-80.8619,165.003,THR-211
-103.024,128.287,LYS-212
65.5981,154.294,ARG-213
-52.9776,152.226,ALA-214
-67.2494,-36.1169,LEU-215
-65.897,157.982,PRO-216
-76.2544,13.5682,ASN-217
-67.7046,117.138,ASN-218
84.6148,154.003,SER-2
-167.751,159.446,SER-3
-71.0686,127.097,VAL-4
-41.977,146.304,PRO-5
-106.647,156.076,SER-6
-96.4348,-33.5179,GLN-7
-15.8127,95.3889,LYS-8
-73.9263,123.698,THR-9
-169.581,163.823,TYR-10
-110.177,0.445864,GLN-11
57.0531,-144.649,GLY-12
-89.3806,-39.7871,SER-13
-80.0707,-12.5804,TYR-14
89.642,37.4866,GLY-15
-68.7542,111.702,PHE-16
-146.622,157.826,ARG-17
-126.028,163.964,LEU-18
-149.025,141.547,GLY-19
-133.943,129.4,PHE-20
-98.604,164.326,LEU-21
-123.548,111.555,HIS-22
-122.826,-9.24483,SER-23
146.095,-153.993,GLY-24
-147.716,8.84268,THR-25
-93.3018,169.371,ALA-26
-27.8463,-56.5988,LYS-27
-71.0019,-18.2347,SER-28
-55.9825,122.354,VAL-29
-85.8169,-36.1298,THR-30
-157.083,164.38,CYS-31
-170.759,157.487,THR-32
-153.214,145.267,TYR-33
-130.767,103.592,SER-34
-66.2551,-28.1569,PRO-35
-73.7158,-13.4223,ALA-36
-103.582,-17.7466,LEU-37
38.7396,45.4121,ASN-38
-112.175,127,LYS-39
-108.974,119.712,MET-40
-95.2018,132.149,PHE-41
-142.244,131.479,CYS-42
-82.6997,133.018,GLN-43
-56.4746,130.356,LEU-44
81.6221,-21.2703,ALA-45
-65.6618,149.811,LYS-46
-78.8451,120.425,THR-47
-99.9135,107.027,CYS-48
-75.258,116.903,PRO-49
-99.5046,132.591,VAL-50
-99.1093,154.159,GLN-51
-147.732,137.707,LEU-52
-131.275,145.796,TRP-53
-140.975,142.727,VAL-54
-89.8045,-9.46929,ASP-55
-149.928,149.974,SER-56
-77.4138,122.766,THR-57
-71.1765,141.62,PRO-58
-67.4817,167.127,PRO-59
-47.6754,150.387,PRO-60
84.5952,-20.8245,GLY-61
-52.5142,152.536,THR-62
-153.991,143.555,ARG-63
-99.7571,129.876,VAL-64
-110.354,150.111,ARG-65
-129.901,146.348,ALA-66
-146.804,179.012,MET-67
-163.18,127.228,ALA-68
-92.1813,147.965,ILE-69
-103.97,127.921,TYR-70
-117.241,149.844,LYS-71
-128.16,-178.312,GLN-72
-73.3195,2.27081,SER-73
-157.207,15.1816,GLN-74
-152.319,140.913,HIS-75
-141.434,4.09678,MET-76
-83.6826,-4.71735,THR-77
-95.6656,157.893,GLU-78
-107.846,150.841,VAL-79
-70.5019,116.555,VAL-80
-132.257,151.607,ARG-81
-50.3599,152.58,ARG-82
-55.5562,140.449,CYS-83
-53.7115,-45.122,PRO-84
-64.6549,-24.3051,HIS-85
-101.801,1.86813,HIS-86
-82.0955,-5.59791,GLU-87
-147.137,-22.1099,ARG-88
-59.4035,162.848,CYS-89
-61.1838,-19.1355,SER-90
-71.0036,-9.40809,ASP-91
-122.94,-34.1309,SER-92
-65.4982,150.217,ASP-93
173.123,-139.996,GLY-94
-53.5886,-44.2817,LEU-95
-75.8168,112.563,ALA-96
-55.0377,149.495,PRO-97
-63.1037,-16.2438,PRO-98
-82.8723,-31.3939,GLN-99
-61.5163,122.767,HIS-100
-84.6993,-40.235,LEU-101
-97.6104,125.49,ILE-102
-140.608,162.416,ARG-103
-174.963,137.886,VAL-104
-152.704,167.213,GLU-105
126.887,-43.8642,GLY-106
-85.4087,147.885,ASN-107
-75.9575,-13.3128,LEU-108
-101.079,130.232,ARG-109
-177.385,128.467,VAL-110
-157.651,151.888,GLU-111
-104.718,108.448,TYR-112
-121.161,160.003,LEU-113
-100.461,130.336,ASP-114
-46.7597,140.833,ASP-115
-89.9312,-15.4737,ARG-116
-89.8423,-42.614,ASN-117
-108.936,-10.4744,THR-118
48.9108,28.1606,PHE-119
-87.3011,117.549,ARG-120
-60.038,151.668,HIS-121
-177.415,177.178,SER-122
-113.754,130.075,VAL-123
-115.291,136.631,VAL-124
-140.791,147.797,VAL-125
-65.4832,156.644,PRO-126
-75.0473,127.819,TYR-127
-119.286,137.918,GLU-128
-67.2491,163.671,PRO-129
-51.3742,150.597,PRO-130
-82.6256,147.257,GLU-131
-49.233,127.377,VAL-132
81.2732,-24.2353,GLY-133
-78.474,-177.871,SER-134
-113.067,-20.5104,ASP-135
-140.91,172.744,CYS-136
-86.123,130.605,THR-137
-106.404,124.569,THR-138
-132.208,137.591,ILE-139
-105.596,89.9024,HIS-140
-70.1486,175.729,TYR-141
-169.881,161.244,ASN-142
-157.619,168.733,TYR-143
-142.705,140.174,MET-144
-134.083,174.9,CYS-145
-158.882,123.511,ASN-146
-71.0644,-22.4401,SER-147
-71.4154,-23.5759,SER-148
-65.2456,127.614,CYS-149
-35.3172,-42.3872,MET-150
86.0415,3.19201,GLY-151
76.8936,-146.394,GLY-152
-66.3876,-53.5013,ILE-153
-144.727,125.678,ASN-154
-84.5349,136.863,ARG-155
-146.987,163.682,ARG-156
-61.3148,162.766,PRO-157
-139.257,118.28,ILE-158
-108.148,129.218,LEU-159
-101.214,152.706,THR-160
-112.955,130.39,ILE-161
-111.948,128.38,ILE-162
-131.053,119.972,THR-163
-87.5663,135.863,LEU-164
-156.593,168.383,GLU-165
-81.6554,162.05,ASP-166
-50.539,-28.7687,SER-167
-80.3049,3.89339,SER-168
85.9736,-16.57,GLY-169
-41.4501,120.671,ASN-170
-82.3237,135.85,LEU-171
-118.47,-5.47812,LEU-172
155.147,153.56,GLY-173
-151.302,149.277,ARG-174
-142.973,138.746,ASN-175
-131.818,147.377,SER-176
-160.072,159.543,PHE-177
-81.8548,138.487,GLU-178
-106.716,142.033,VAL-179
-127.581,96.3919,ARG-180
-71.2278,156.065,VAL-181
-171.954,167.521,CYS-182
-68.4151,-45.6623,ALA-183
-137.99,90.0919,CYS-184
-62.7153,-32.3163,PRO-185
-70.2098,-32.2902,GLY-186
-79.8203,-40.8208,ARG-187
-74.4682,-23.8448,ASP-188
-66.1786,-51.5015,ARG-189
-59.0426,-25.8524,ARG-190
-68.067,-56.3153,THR-191
-89.117,-17.8915,GLU-192
-77.5165,-8.52685,GLU-193
-61.1625,-35.8037,GLU-194
-68.8901,-9.62057,ASN-195
-83.7224,139.169,LEU-196
-64.4834,-40.1206,ARG-197
-72.3665,176.921,LYS-198
-60.6701,141.99,LYS-199
-95.1097,152.812,GLY-200
-68.3463,164.969,GLU-201
-90.0703,160.536,PRO-202
-154.897,151.883,HIS-203
-58.139,137.389,HIS-204
-89.4827,-8.75062,GLU-205
-69.459,-53.7806,LEU-206
-70.6755,149.776,PRO-207
-74.7535,-160.031,PRO-208
-92.7892,-158.323,GLY-209
-146.001,174.28,SER-210
-74.7,168.204,THR-211
-99.2992,142.943,LYS-212
66.8929,147.552,ARG-213
-65.8792,163.893,ALA-214
-84.9593,-15.972,LEU-215
-62.7177,148.303,PRO-216
-80.4902,-0.270215,ASN-217
-38.9548,115.54,ASN-218
98.6821,125.132,SER-2
-159.626,144.577,SER-3
-85.1806,135.038,VAL-4
-70.3302,135.414,PRO-5
-70.37,147.656,SER-6
-95.4772,-16.5368,GLN-7
-43.9386,112.373,LYS-8
-70.1579,135.138,THR-9
-158.265,141.856,TYR-10
-81.3169,-27.0229,GLN-11
67.4973,-149.878,GLY-12
-84.3462,-6.99938,SER-13
-112.889,-24.8995,TYR-14
111.106,3.54225,GLY-15
-50.1057,93.8927,PHE-16
-111.611,147.088,ARG-17
-103.829,168.173,LEU-18
-169.144,162.914,GLY-19
-122.381,158.19,PHE-20
-119.32,167.849,LEU-21
-122.461,129.156,HIS-22
-124.325,4.04046,SER-23
93.9198,-163.976,GLY-24
-135.986,11.1067,THR-25
-64.5596,160.746,ALA-26
-55.7128,-21.7735,LYS-27
-66.0216,-27.8452,SER-28
-78.3832,128.412,VAL-29
-79.8042,-30.1733,THR-30
-159.821,153.564,CYS-31
-152.338,161.889,THR-32
-135.743,133.664,TYR-33
-103.807,108.47,SER-34
-55.2636,-30.4797,PRO-35
-76.0209,-18.7238,ALA-36
-96.8273,-27.2062,LEU-37
58.6324,37.897,ASN-38
-111.874,122.847,LYS-39
-84.5244,133.038,MET-40
-107.295,138.25,PHE-41
-142.091,152.678,CYS-42
-101.277,147.24,GLN-43
-58.5658,139.722,LEU-44
81.0088,-23.3544,ALA-45
-86.3105,154.717,LYS-46
-84.0963,137.975,THR-47
-122.319,95.7142,CYS-48
-69.9494,121.751,PRO-49
-122.076,149.582,VAL-50
-127.491,156.413,GLN-51
-139.88,114.682,LEU-52
-120.616,158.69,TRP-53
-148.996,152.729,VAL-54
-87.3923,-11.7183,ASP-55
-147.421,126.514,SER-56
-70.4431,111.709,THR-57
-61.212,145.37,PRO-58
-57.9342,171.915,PRO-59
-53.3533,159.958,PRO-60
71.7075,-7.79646,GLY-61
-70.7138,150.03,THR-62
-156.22,143.967,ARG-63
-95.0887,135.314,VAL-64
-114.231,128.693,ARG-65
-116.368,139.838,ALA-66
-158.194,172.867,MET-67
-165.42,141.008,ALA-68
-109.945,138.801,ILE-69
-92.6421,114.3,TYR-70
-91.9357,147.694,LYS-71
-131.006,179.912,GLN-72
-68.099,-2.56353,SER-73
-141.747,12.4294,GLN-74
-163.382,129.805,HIS-75
-132.127,10.7204,MET-76
-89.0165,45.9625,THR-77
-147.585,168.191,GLU-78
-126.926,159.602,VAL-79
-70.744,138.872,VAL-80
-154.823,148.529,ARG-81
-50.9117,154.872,ARG-82
-64.109,159.77,CYS-83
-61.9891,-24.0687,PRO-84
-89.8648,-8.35392,HIS-85
-123.6,13.5055,HIS-86
-95.2472,2.61186,GLU-87
-155.618,-25.8433,ARG-88
-64.3426,149.135,CYS-89
-81.627,-11.7259,SER-90
-71.7167,-34.3085,ASP-91
-85.4478,-15.482,SER-92
-69.3486,-172.976,ASP-93
134.427,-110.236,GLY-94
-77.3682,-55.6649,LEU-95
-81.7503,141.997,ALA-96
-54.6862,168.447,PRO-97
-77.7804,-24.7909,PRO-98
-63.2501,-39.0249,GLN-99
-63.0858,112.491,HIS-100
-68.7289,-46.9941,LEU-101
-82.6304,128.751,ILE-102
-156.821,168.271,ARG-103
-154.106,144.276,VAL-104
-150.436,145.371,GLU-105
128.802,-49.4677,GLY-106
-58.8893,127.357,ASN-107
-55.6165,-35.6113,LEU-108
-112.085,147.016,ARG-109
175.022,142.31,VAL-110
176.833,150.571,GLU-111
-111.639,131.055,TYR-112
-147.094,156.886,LEU-113
-87.7154,129.771,ASP-114
-73.5301,139.38,ASP-115
-62.0033,-32.7905,ARG-116
-85.632,-73.5489,ASN-117
-69.8739,-30.5816,THR-118
79.4869,0.714292,PHE-119
-70.4553,134.839,ARG-120
-76.8866,123.925,HIS-121
-148.262,140.697,SER-122
-60.0214,122.89,VAL-123
-112.83,120.826,VAL-124
-109.175,137.919,VAL-125
-65.0879,170.275,PRO-126
-89.376,132.275,TYR-127
-120.516,150.14,GLU-128
-71.9551,172.818,PRO-129
-64.1027,131.542,PRO-130
-69.2501,147.167,GLU-131
-58.6475,129.443,VAL-132
93.618,-18.324,GLY-133
-72.7197,156.937,SER-134
-93.7673,-22.4553,ASP-135
-157.111,169.368,CYS-136
-79.6555,146.543,THR-137
-118.078,138.256,THR-138
-113.882,129.471,ILE-139
-110.156,82.5461,HIS-140
-53.8404,162.353,TYR-141
-159.618,155.075,ASN-142
-139.082,-168.231,TYR-143
-153.764,155.288,MET-144
-164.417,-158.767,CYS-145
-176.524,127.916,ASN-146
-77.2625,-15.8991,SER-147
-82.6503,-22.6544,SER-148
-56.9146,150.226,CYS-149
-73.6124,-44.8118,MET-150
80.0495,0.0644072,GLY-151
66.0073,-162.837,GLY-152
-63.4951,-23.5675,ILE-153
-154.593,108.923,ASN-154
-65.7664,128.844,ARG-155
-143.752,160.192,ARG-156
-62.2138,146.445,PRO-157
-124.891,142.925,ILE-158
-115.06,147.694,LEU-159
-120.878,153.027,THR-160
-125.129,125.366,ILE-161
-111.151,117.879,ILE-162
-117.724,143.359,THR-163
-105.359,141.52,LEU-164
-149.342,156.01,GLU-165
-74.6993,176.317,ASP-166
-69.4114,-19.7576,SER-167
-73.9038,-5.05801,SER-168
82.7775,-8.98914,GLY-169
-61.7989,135.457,ASN-170
-84.7594,117.89,LEU-171
-113.729,-27.0178,LEU-172
-150.825,156.805,GLY-173
-150.736,144.007,ARG-174
-138.351,142.859,ASN-175
-135.341,149.225,SER-176
-159.597,165.11,PHE-177
-103.728,142.753,GLU-178
-116.363,140.046,VAL-179
-127.815,88.8812,ARG-180
-73.1412,147.691,VAL-181
-156.156,-175.657,CYS-182
-88.6278,-12.9064,ALA-183
-159.816,54.8157,CYS-184
-49.634,-24.9301,PRO-185
-79.1249,-45.9925,GLY-186
-60.6988,-42.6957,ARG-187
-59.2237,-42.1879,ASP-188
-63.1852,-59.5182,ARG-189
-46.0792,-46.9462,ARG-190
-59.2696,-44.3266,THR-191
-90.4641,-28.01,GLU-192
-66.3088,-19.0094,GLU-193
-55.3159,-32.1807,GLU-194
-79.3262,-14.1485,ASN-195
-68.6691,145.607,LEU-196
-67.7909,-29.185,ARG-197
-88.4885,163.737,LYS-198
-63.1011,128.588,LYS-199
-79.0212,175.405,GLY-200
-68.5691,146.847,GLU-201
-68.8906,168.532,PRO-202
-167.738,174.134,HIS-203
-66.6966,121.069,HIS-204
-79.4301,-19.7393,GLU-205
-77.5369,-38.3485,LEU-206
-79.2031,161.759,PRO-207
-78.1625,-171.753,PRO-208
-86.2726,159.167,GLY-209
-76.1585,-163.279,SER-210
-75.3863,149.373,THR-211
-66.6221,138.349,LYS-212
66.9021,145.727,ARG-213
-67.4873,163.301,ALA-214
-76.1588,-39.1313,LEU-215
-54.3295,130.26,PRO-216
-78.8656,14.395,ASN-217
-49.2662,137.753,ASN-218
101.687,125.334,SER-2
-140.548,142.613,SER-3
-68.4936,136.861,VAL-4
-63.9587,158.242,PRO-5
-85.5916,148.867,SER-6
-100.625,3.68604,GLN-7
-70.5952,129.8,LYS-8
-87.1966,136.279,THR-9
-169.547,160.029,TYR-10
-100.044,-24.9872,GLN-11
74.2106,-154.32,GLY-12
-87.9343,-7.07156,SER-13
-95.921,-38.0935,TYR-14
95.7906,29.9853,GLY-15
-75.5552,123.866,PHE-16
-153.906,159.844,ARG-17
-115.727,156.817,LEU-18
-152.884,177.6,GLY-19
-139.461,146.241,PHE-20
-92.0561,159.144,LEU-21
-144.01,154.978,HIS-22
-133.026,-51.0164,SER-23
148.563,-117.688,GLY-24
-155.882,-3.39046,THR-25
-68.2238,150.306,ALA-26
-55.4778,-26.7256,LYS-27
-48.3133,-34.6319,SER-28
-83.6314,127.786,VAL-29
-95.6102,-7.27591,THR-30
176.65,158.762,CYS-31
-168.953,162.188,THR-32
-118.419,154.517,TYR-33
-116.194,120.177,SER-34
-56.2338,-61.1136,PRO-35
-61.8438,-18.2073,ALA-36
-101.496,-19.3299,LEU-37
57.0221,41.7727,ASN-38
-128.035,121.311,LYS-39
-76.3587,123.423,MET-40
-102.033,131.958,PHE-41
-127.445,137.121,CYS-42
-73.4727,129.19,GLN-43
-41.3225,131.657,LEU-44
68.8637,-26.0017,ALA-45
-71.2222,145.717,LYS-46
-77.0656,98.2337,THR-47
-97.1398,117.819,CYS-48
-75.0373,111.068,PRO-49
-82.494,135.333,VAL-50
-111.568,152.721,GLN-51
-144.914,129.48,LEU-52
-112.44,153.707,TRP-53
-130.113,143.999,VAL-54
-93.0393,-12.4081,ASP-55
-140.689,127.015,SER-56
-63.9165,132.497,THR-57
-77.3941,158.321,PRO-58
-56.6079,155.301,PRO-59
-60.106,142.848,PRO-60
92.876,-2.59347,GLY-61
-63.8175,160.421,THR-62
-161.02,148.189,ARG-63
-109.827,121.057,VAL-64
-99.6179,160.803,ARG-65
-144.048,154.632,ALA-66
-158.747,152.178,MET-67
-139.332,130.568,ALA-68
-106.082,142.564,ILE-69
-95.897,135.916,TYR-70
-140.361,143.028,LYS-71
-124.477,-155.208,GLN-72
-83.1696,-1.16694,SER-73
-154.105,-52.2285,GLN-74
-69.1278,119.391,HIS-75
-120.837,3.19856,MET-76
-119.156,62.4112,THR-77
-142.729,156.462,GLU-78
-95.732,159.243,VAL-79
-74.6351,119.61,VAL-80
-141.076,140.025,ARG-81
-51.3774,145.899,ARG-82
-52.626,145.004,CYS-83
-55.3739,-50.5597,PRO-84
-55.0735,-10.1601,HIS-85
-139.609,12.9775,HIS-86
-75.2705,-0.432343,GLU-87
-151.698,-27.7976,ARG-88
-72.7273,166.302,CYS-89
-52.3916,-36.4419,SER-90
-61.9452,-21.6455,ASP-91
-107.999,-46.9324,SER-92
-68.2678,151.414,ASP-93
157.502,-117.442,GLY-94
-77.7812,-61.7751,LEU-95
-56.4212,143.976,ALA-96
-63.9699,151.796,PRO-97
-61.7911,-26.8128,PRO-98
-80.2172,-35.6862,GLN-99
-74.342,120.089,HIS-100
-73.671,-48.9362,LEU-101
-63.0947,116.675,ILE-102
-139.933,163.929,ARG-103
-158.836,136.231,VAL-104
-152.39,152.037,GLU-105
134.512,-4.09297,GLY-106
-147.587,141.372,ASN-107
-61.747,-48.0309,LEU-108
-66.0198,136.79,ARG-109
160.497,144.126,VAL-110
-171.104,169.021,GLU-111
-115.478,116.692,TYR-112
-141.229,174.289,LEU-113
-106.573,124.904,ASP-114
-62.9516,129.324,ASP-115
-62.9079,-32.207,ARG-116
-64.8694,-61.9392,ASN-117
-90.6695,-25.1246,THR-118
78.1837,-4.43958,PHE-119
-62.2166,109.911,ARG-120
-55.1875,114.771,HIS-121
-160.308,147.898,SER-122
-58.4797,138.571,VAL-123
-131.366,125.876,VAL-124
-124.401,153.681,VAL-125
-67.2401,148.481,PRO-126
-85.6878,122.081,TYR-127
-106.906,153.891,GLU-128
-59.0258,165.429,PRO-129
-58.343,154.181,PRO-130
-71.0294,155.365,GLU-131
-41.99,119.973,VAL-132
75.5034,29.6799,GLY-133
-120.171,154.736,SER-134
-116.365,3.84506,ASP-135
-157.452,171.166,CYS-136
-94.1622,117.815,THR-137
-115.731,139.155,THR-138
-142.276,141.148,ILE-139
-106.461,88.684,HIS-140
-80.2551,149.341,TYR-141
-144.528,146.816,ASN-142
-136.882,-176.582,TYR-143
-130.935,146.352,MET-144
-140.612,-173.695,CYS-145
-167.673,132.083,ASN-146
-60.0884,-19.6392,SER-147
-120.003,-27.6611,SER-148
-60.2859,154.151,CYS-149
-78.1673,-48.5843,MET-150
86.629,19.3083,GLY-151
71.8231,-142.914,GLY-152
-98.8816,-22.0777,ILE-153
-144.537,89.7201,ASN-154
-62.3402,130.945,ARG-155
-152.59,161.066,ARG-156
-62.8444,169.013,PRO-157
-143.959,155.254,ILE-158
-132.041,142.551,LEU-159
-102.235,158.035,THR-160
-121.189,112.364,ILE-161
-108.512,129.713,ILE-162
-134.749,156.509,THR-163
-109.933,138.233,LEU-164
-151.665,158.939,GLU-165
-83.0525,159.188,ASP-166
-52.8853,-33.812,SER-167
-63.0503,-20.9292,SER-168
103.383,-24.8229,GLY-169
-44.3089,125.097,ASN-170
-65.3683,147.947,LEU-171
-123.848,-33.5347,LEU-172
-169.461,150.188,GLY-173
-139.308,147.459,ARG-174
-148.863,150.56,ASN-175
-140.929,136.425,SER-176
-154.122,143.733,PHE-177
-75.7596,146.822,GLU-178
-121.968,133.756,VAL-179
-116.976,122.307,ARG-180
-94.5421,150.451,VAL-181
-172.345,-177.115,CYS-182
-92.6114,-40.5594,ALA-183
-133.145,86.2529,CYS-184
-57.8612,-26.86,PRO-185
-76.2009,-34.0846,GLY-186
-65.8298,-56.9541,ARG-187
-63.8823,-35.9692,ASP-188
-63.5783,-53.0399,ARG-189
-48.8263,-49.661,ARG-190
-53.4951,-50.3909,THR-191
-91.1331,-7.00096,GLU-192
-88.1431,-5.67456,GLU-193
-70.8003,-23.8726,GLU-194
-72.5513,-19.6373,ASN-195
-75.2024,147.726,LEU-196
-79.7727,-21.8002,ARG-197
-69.2129,150.931,LYS-198
-55.7811,125.844,LYS-199
-88.5779,-159.801,GLY-200
-88.249,146.892,GLU-201
-87.7549,-176.698,PRO-202
-179.957,174.734,HIS-203
-43.6981,118.239,HIS-204
-83.699,19.7702,GLU-205
-118.575,-69.3953,LEU-206
-69.2419,161.523,PRO-207
-56.5593,167.859,PRO-208
-102.379,166.361,GLY-209
-73.0091,175.074,SER-210
-86.7113,171.276,THR-211
-82.2514,140.334,LYS-212
81.189,154.743,ARG-213
-67.4189,165.425,ALA-214
-67.2016,-35.8506,LEU-215
-66.9444,151.983,PRO-216
-78.1717,13.2956,ASN-217
-45.6718,139.784,ASN-218
158.385,136.278,SER-2
-152.971,147.844,SER-3
-72.4723,125.999,VAL-4
-61.9932,149.128,PRO-5
-87.7492,149.683,SER-6
-106.873,-19.5465,GLN-7
-58.9845,124.959,LYS-8
-72.2393,142.498,THR-9
-172.575,138.604,TYR-10
-104.468,-36.0969,GLN-11
67.2329,-162.605,GLY-12
-62.0474,-36.2601,SER-13
-92.7712,-16.1445,TYR-14
79.9139,37.6532,GLY-15
-67.3099,129.305,PHE-16
-153.824,159.079,ARG-17
-103.024,175.849,LEU-18
-171.373,157.69,GLY-19
-123.784,135.285,PHE-20
-72.929,128.075,LEU-21
-113.591,126.131,HIS-22
-132.788,-31.2308,SER-23
154.934,-123.247,GLY-24
-135.062,0.393132,THR-25
-73.1598,158.153,ALA-26
-46.6524,-30.7022,LYS-27
-55.2545,-22.0863,SER-28
-75.9693,100.31,VAL-29
-78.5375,-30.7764,THR-30
-136.272,160.349,CYS-31
-150.061,145.803,THR-32
-111.216,137.381,TYR-33
-115.583,112.614,SER-34
-55.9003,-57.8123,PRO-35
-59.176,-43.205,ALA-36
-69.9396,-26.1126,LEU-37
63.0137,32.1999,ASN-38
-117.279,136.529,LYS-39
-101.305,122.859,MET-40
-102.346,112.509,PHE-41
-103.233,137.415,CYS-42
-82.4099,150.758,GLN-43
-76.459,133.175,LEU-44
75.2091,-30.6099,ALA-45
-61.0809,137.379,LYS-46
-71.2313,122.891,THR-47
-113.119,101.168,CYS-48
-63.8526,128.292,PRO-49
-114.842,133.567,VAL-50
-106.26,143.325,GLN-51
-125.396,139.917,LEU-52
-120.945,146.636,TRP-53
-140.775,131.393,VAL-54
-64.9471,-25.5174,ASP-55
-148.72,121.197,SER-56
-54.3395,109.472,THR-57
-55.501,155.249,PRO-58
-69.6535,170.532,PRO-59
-58.9525,150.972,PRO-60
97.1554,-24.0006,GLY-61
-59.7178,162.212,THR-62
-156.644,164.269,ARG-63
-114.1,144.437,VAL-64
-136.913,151.338,ARG-65
-153.671,141.525,ALA-66
-158.247,170.155,MET-67
-146.5,136.502,ALA-68
-96.4441,154.784,ILE-69
-121.931,106.99,TYR-70
-91.8736,138.135,LYS-71
-123.78,173.129,GLN-72
-63.8687,-20.1446,SER-73
-121.202,2.41639,GLN-74
-111.971,127.87,HIS-75
-128.596,-13.1849,MET-76
-83.8307,36.343,THR-77
-146.069,155.11,GLU-78
-143.867,153.31,VAL-79
-60.8748,123.998,VAL-80
-145.175,157.437,ARG-81
-59.4008,155.526,ARG-82
-57.9026,151.104,CYS-83
-46.6954,-53.2309,PRO-84
-70.4709,-6.59146,HIS-85
-121.696,17.6254,HIS-86
-96.6987,-20.6381,GLU-87
-124.103,-29.9278,ARG-88
-49.3685,141.568,CYS-89
-72.6075,-14.6709,SER-90
-57.1311,-33.4659,ASP-91
-91.0865,-23.5382,SER-92
-86.8538,147.222,ASP-93
177.226,-139.87,GLY-94
-50.156,-39.5176,LEU-95
-94.733,120.051,ALA-96
-52.3044,149.285,PRO-97
-74.5439,-17.9722,PRO-98
-69.6118,-22.9803,GLN-99
-92.6567,129.856,HIS-100
-100.324,-49.6594,LEU-101
-58.8845,133.19,ILE-102
-161.113,148.285,ARG-103
-163.378,141.698,VAL-104
-154.893,149.104,GLU-105
137.646,-36.4612,GLY-106
-80.6848,142.621,ASN-107
-50.9574,-45.3503,LEU-108
-58.5058,139.123,ARG-109
177.871,118.465,VAL-110
-148.957,142.657,GLU-111
-95.611,132.866,TYR-112
-136.172,153.936,LEU-113
-83.9805,130.501,ASP-114
-58.8959,122.136,ASP-115
-48.1526,-27.7675,ARG-116
-110.135,-27.4745,ASN-117
-103.558,-32.6393,THR-118
87.7614,5.46335,PHE-119
-77.8705,132.207,ARG-120
-74.309,132.491,HIS-121
-160.687,137.87,SER-122
-58.6252,139.477,VAL-123
-134.878,125.427,VAL-124
-134.996,160.469,VAL-125
-73.6635,122.523,PRO-126
-53.4099,125.936,TYR-127
-109.597,150.642,GLU-128
-68.9875,-179.635,PRO-129
-52.8525,151.944,PRO-130
-66.6014,146.927,GLU-131
-63.2055,127.234,VAL-132
79.6413,-2.32464,GLY-133
-110.498,174.472,SER-134
-107.674,-0.99918,ASP-135
-155.474,166.166,CYS-136
-96.6686,137.35,THR-137
-110.673,124.813,THR-138
-123.939,143.048,ILE-139
-118.371,92.6417,HIS-140
-67.0066,170.606,TYR-141
-170.505,174.532,ASN-142
-167.764,168.862,TYR-143
-152.508,156.394,MET-144
-161.008,167.175,CYS-145
-137.081,119.992,ASN-146
-78.6901,-6.29523,SER-147
-77.8893,-3.06466,SER-148
-77.6684,153.058,CYS-149
-83.162,-66.6453,MET-150
100.23,27.171,GLY-151
49.1084,-143.687,GLY-152
-78.1965,-27.1277,ILE-153
-159.584,117.896,ASN-154
-58.0277,131.043,ARG-155
-149.68,159.115,ARG-156
-61.2929,147.896,PRO-157
-130.702,148.024,ILE-158
-139.733,132.712,LEU-159
-109.515,138.953,THR-160
-100.722,117.204,ILE-161
-102.065,137.361,ILE-162
-136.303,156.827,THR-163
-126.778,122.332,LEU-164
-146.156,178.243,GLU-165
-112.133,162.353,ASP-166
-64.6323,-15.5655,SER-167
-82.4573,-14.0531,SER-168
110.617,-13.9411,GLY-169
-72.1215,149.943,ASN-170
-108.5,127.34,LEU-171
-113.648,-23.2256,LEU-172
-164.824,154.339,GLY-173
-153.01,136.485,ARG-174
-134.161,137.796,ASN-175
-141.095,121.469,SER-176
-137.366,147.436,PHE-177
-74.375,149.113,GLU-178
-116.921,146.108,VAL-179
-143.126,128.781,ARG-180
-103.834,138.486,VAL-181
-159.149,-164.448,CYS-182
-88.2909,-55.4918,ALA-183
-117.006,82.7048,CYS-184
-45.5792,-29.1718,PRO-185
-81.3559,-27.9589,GLY-186
-71.6712,-38.5053,ARG-187
-71.0256,-42.779,ASP-188
-50.7875,-71.9781,ARG-189
-45.1405,-42.4673,ARG-190
-56.2896,-58.927,THR-191
-87.2722,-14.1795,GLU-192
-78.5065,-13.7665,GLU-193
-67.1823,-23.7002,GLU-194
-91.0886,-7.76515,ASN-195
-57.3092,156.019,LEU-196
-80.6825,-23.8339,ARG-197
-84.0551,170.578,LYS-198
-90.4311,151.635,LYS-199
-129.227,-160.561,GLY-200
-82.1573,138.998,GLU-201
-83.0813,145.787,PRO-202
-148.385,-175.066,HIS-203
-61.8337,116.501,HIS-204
-71.0751,19.2278,GLU-205
-135.197,-57.532,LEU-206
-67.6299,155.857,PRO-207
-69.9569,162.998,PRO-208
-82.2872,179.726,GLY-209
-99.7062,175.369,SER-210
-74.3326,147.821,THR-211
-89.9162,127.966,LYS-212
78.8415,139.305,ARG-213
-61.6206,155.826,ALA-214
-53.7567,-27.9539,LEU-215
-64.6429,139.143,PRO-216
-84.314,36.3014,ASN-217
-72.0128,126.469,ASN-218
78.3104,-156.616,SER-2
172.482,162.216,SER-3
-87.8966,119.837,VAL-4
-50.7539,144.349,PRO-5
-91.5975,150.953,SER-6
-120.118,-4.97545,GLN-7
-35.7069,116.743,LYS-8
-65.9782,130.315,THR-9
-155.769,150.972,TYR-10
-96.0995,-45.2631,GLN-11
59.7577,-178.549,GLY-12
-56.4735,-1.69487,SER-13
-107.474,-12.7744,TYR-14
77.9598,5.49347,GLY-15
-50.9014,121.58,PHE-16
-155.263,160.883,ARG-17
-112.963,165.708,LEU-18
-157.252,177.074,GLY-19
-130.377,164.29,PHE-20
-103.55,170.829,LEU-21
-143.368,119.232,HIS-22
-133.369,34.4647,SER-23
83.7338,-147.337,GLY-24
-134.958,18.1547,THR-25
-61.2419,149.804,ALA-26
-63.4521,-21.6726,LYS-27
-64.3315,-12.3968,SER-28
-81.9085,127.733,VAL-29
-88.3241,-18.4562,THR-30
-160.344,159.678,CYS-31
-160.853,138.799,THR-32
-117.231,127.179,TYR-33
-91.0036,89.3932,SER-34
-50.5331,-33.0545,PRO-35
-68.0934,-13.3077,ALA-36
-115.511,-13.1666,LEU-37
56.7941,44.6352,ASN-38
-133.555,138.741,LYS-39
-95.5746,129.368,MET-40
-95.5119,131.434,PHE-41
-128.417,128.135,CYS-42
-78.6509,142.235,GLN-43
-61.0329,150.527,LEU-44
58.0735,-9.2575,ALA-45
-89.2928,165.447,LYS-46
-86.5703,134.194,THR-47
-118.818,105.505,CYS-48
-75.9755,128.756,PRO-49
-126.721,156.643,VAL-50
-130.825,150.103,GLN-51
-130.793,123.076,LEU-52
-104.918,148.509,TRP-53
-132.896,144.695,VAL-54
-75.9395,-30.8047,ASP-55
-147.317,133.887,SER-56
-63.2411,122.426,THR-57
-60.793,151.371,PRO-58
-70.2427,150.98,PRO-59
-57.4588,129.354,PRO-60
103.252,15.554,GLY-61
-99.0044,159.191,THR-62
-158.83,155.521,ARG-63
-118.468,135.643,VAL-64
-111.981,157.221,ARG-65
-148.296,115.944,ALA-66
-153.615,177.129,MET-67
-163.871,126.934,ALA-68
-99.8969,147.624,ILE-69
-117.276,112.28,TYR-70
-104.754,156.872,LYS-71
-151.842,-173.44,GLN-72
-77.0296,-26.8425,SER-73
-145.034,36.1967,GLN-74
-154.651,127.057,HIS-75
-139.618,8.52865,MET-76
-118.787,65.015,THR-77
-147.491,165.038,GLU-78
-126.763,148.158,VAL-79
-63.2117,114.288,VAL-80
-132.843,160.496,ARG-81
-60.5252,134.418,ARG-82
-40.4657,150.531,CYS-83
-42.6968,-47.4711,PRO-84
-69.8556,-0.92257,HIS-85
-138.87,-5.1415,HIS-86
-70.4441,-23.0791,GLU-87
-136.065,-21.642,ARG-88
-73.7143,169.683,CYS-89
-86.1166,-16.612,SER-90
-61.1159,1.34122,ASP-91
-123.905,-28.8878,SER-92
-94.3634,135.908,ASP-93
157.563,-99.4832,GLY-94
-64.3883,-20.9194,LEU-95
-134.178,163.136,ALA-96
-79.177,166.157,PRO-97
-78.8478,-20.1082,PRO-98
-70.1505,-37.1852,GLN-99
-70.3531,141.969,HIS-100
-100.165,-47.8706,LEU-101
-65.6181,119.142,ILE-102
-134.842,152.273,ARG-103
-157.529,142.438,VAL-104
-159.628,147.862,GLU-105
140.074,-18.2363,GLY-106
-108.54,138.833,ASN-107
-48.1462,-51.8375,LEU-108
-71.7609,133.407,ARG-109
177.454,127.331,VAL-110
-160.859,144.873,GLU-111
-93.3128,117.56,TYR-112
-123.669,146.721,LEU-113
-65.5182,122.879,ASP-114
-60.6333,138.907,ASP-115
-62.1065,-36.3526,ARG-116
-85.8488,-30.7288,ASN-117
-123.278,-12.9704,THR-118
70.806,7.37657,PHE-119
-67.9109,110.973,ARG-120
-80.2531,126.047,HIS-121
-168.008,147.103,SER-122
-75.7903,142.996,VAL-123
-140.507,135.555,VAL-124
-142.773,158.832,VAL-125
-65.5346,157.949,PRO-126
-81.04,142.779,TYR-127
-133.83,132.027,GLU-128
-64.1826,143.47,PRO-129
-57.7665,152.089,PRO-130
-66.188,160.569,GLU-131
-43.5304,107.129,VAL-132
96.2239,14.3723,GLY-133
-127.648,151.893,SER-134
-108.266,0.980274,ASP-135
-164.915,174.962,CYS-136
-94.3225,147.817,THR-137
-118.51,134.159,THR-138
-144.157,139.823,ILE-139
-129.181,100.573,HIS-140
-80.4868,170.291,TYR-141
-162.468,142.394,ASN-142
-156.255,166.939,TYR-143
-150.358,161.149,MET-144
-167.126,174.276,CYS-145
-157.093,131.033,ASN-146
-80.8673,-12.0491,SER-147
-76.1715,-23.9335,SER-148
-57.6965,139.443,CYS-149
-78.639,-59.8041,MET-150
108.464,12.2865,GLY-151
66.5863,-137.147,GLY-152
-69.8886,-33.4577,ILE-153
-165.192,118.41,ASN-154
-55.5047,123.071,ARG-155
-150.593,154.884,ARG-156
-75.6244,150.252,PRO-157
-116.77,159.678,ILE-158
-152.149,122.422,LEU-159
-99.1232,164.752,THR-160
-136.479,114.897,ILE-161
-123.152,132.372,ILE-162
-145.677,113.778,THR-163
-76.2252,133.225,LEU-164
-152.544,168.265,GLU-165
-84.0513,158.544,ASP-166
-52.9091,-11.681,SER-167
-91.8234,-18.8326,SER-168
94.912,7.08135,GLY-169
-76.2961,114.313,ASN-170
-62.7203,127.275,LEU-171
-106.108,-36.4827,LEU-172
-167.402,168.429,GLY-173
-158.308,144.241,ARG-174
-140.472,134.511,ASN-175
-137.246,142.962,SER-176
-161.511,167.632,PHE-177
-84.9623,141.138,GLU-178
-116.29,142.974,VAL-179
-150.039,116.589,ARG-180
-106.164,140.26,VAL-181
-156.147,171.594,CYS-182
-80.9873,-37.6278,ALA-183
-134.601,91.1013,CYS-184
-46.1413,-55.4844,PRO-185
-64.4819,-24.1399,GLY-186
-83.4504,-40.5375,ARG-187
-69.3529,-26.5579,ASP-188
-70.9183,-57.9673,ARG-189
-46.7436,-45.3545,ARG-190
-59.4224,-32.4729,THR-191
-100.613,-24.8895,GLU-192
-72.6004,-7.6502,GLU-193
-66.5415,-19.3655,GLU-194
-117.558,13.6239,ASN-195
-84.6081,164.524,LEU-196
-93.5653,-38.166,ARG-197
-80.3044,160.667,LYS-198
-56.9908,146.181,LYS-199
-119.099,-148.884,GLY-200
-108.548,139.904,GLU-201
-61.6003,151.453,PRO-202
-148.31,167.04,HIS-203
-49.8952,137.93,HIS-204
-102.626,-21.1595,GLU-205
-64.9049,-37.8727,LEU-206
-91.2698,163.957,PRO-207
-86.6939,174.195,PRO-208
-77.1098,164.031,GLY-209
-87.7477,-169.026,SER-210
-72.2788,144.95,THR-211
-74.9963,135.496,LYS-212
65.8578,177.157,ARG-213
-99.9248,160.488,ALA-214
-69.8096,-19.9711,LEU-215
-72.5331,148.653,PRO-216
-80.7676,30.4807,ASN-217
-64.1002,121.119,ASN-218
77.0042,137.534,SER-2
-83.8899,165.731,SER-3
-68.9658,127.41,VAL-4
-52.2192,130.133,PRO-5
-90.2187,138.182,SER-6
-95.35,-28.8927,GLN-7
-41.5101,109.359,LYS-8
-75.9748,148.009,THR-9
-172.858,141.09,TYR-10
-90.7989,-46.527,GLN-11
78.4042,-161.569,GLY-12
-71.1224,-14.4549,SER-13
-98.1127,-9.14554,TYR-14
66.6927,30.3634,GLY-15
-53.0775,109.222,PHE-16
-144.753,143.256,ARG-17
-127.411,158.545,LEU-18
-155.553,175.286,GLY-19
-113.094,155.743,PHE-20
-99.36,152.358,LEU-21
-138.407,112.747,HIS-22
-92.0687,-15.4435,SER-23
125.036,-163.993,GLY-24
-123.439,-2.61101,THR-25
-57.0917,174.441,ALA-26
-59.025,-27.1903,LYS-27
-68.2741,-16.0297,SER-28
-62.2173,123.946,VAL-29
-69.3532,-46.1826,THR-30
-160.18,156.6,CYS-31
-146.211,154.688,THR-32
-136.208,136.113,TYR-33
-96.5551,110.43,SER-34
-76.439,-26.2018,PRO-35
-67.3052,-25.3537,ALA-36
-102.089,-19.0384,LEU-37
68.5236,46.1255,ASN-38
-136.858,134.379,LYS-39
-90.7364,125.772,MET-40
-98.5748,135.099,PHE-41
-130.501,134.149,CYS-42
-75.0722,123.816,GLN-43
-55.2388,147.159,LEU-44
66.543,-17.7396,ALA-45
-75.8823,148.8,LYS-46
-69.036,133.832,THR-47
-123.087,98.8935,CYS-48
-66.5761,132.554,PRO-49
-124.505,123.213,VAL-50
-95.3616,156.268,GLN-51
-147.979,115.855,LEU-52
-116.172,144.346,TRP-53
-137.111,139.907,VAL-54
-67.5476,-45.7894,ASP-55
-135.569,136.989,SER-56
-52.4828,127.463,THR-57
-67.5304,168.879,PRO-58
-59.7046,146.922,PRO-59
-67.3533,159.677,PRO-60
68.5588,23.3383,GLY-61
-90.4146,156.215,THR-62
-143.635,149.313,ARG-63
-108.499,127.656,VAL-64
-108.295,143.765,ARG-65
-134.907,128.789,ALA-66
-161.291,-178.829,MET-67
-165.603,122.92,ALA-68
-89.7322,143.244,ILE-69
-80.7636,113.347,TYR-70
-93.3192,137.949,LYS-71
-125.168,-177.855,GLN-72
-52.8885,-18.9049,SER-73
-142.552,-25.5698,GLN-74
-75.8994,121.64,HIS-75
-119.825,-20.0617,MET-76
-97.3614,10.0471,THR-77
-97.7175,159.183,GLU-78
-113.866,146.398,VAL-79
-51.5437,125.272,VAL-80
-136.4,159.877,ARG-81
-73.5647,157.833,ARG-82
-64.8659,153.571,CYS-83
-51.7141,-56.2221,PRO-84
-50.2519,-16.6581,HIS-85
-107.389,-0.47827,HIS-86
-77.2317,4.52361,GLU-87
-145.329,-33.3483,ARG-88
-63.4593,153.832,CYS-89
-66.9917,-11.0752,SER-90
-70.9283,-23.3538,ASP-91
-103.482,-40.7931,SER-92
-66.5952,167.364,ASP-93
136.687,-133.762,GLY-94
-66.4994,-39.0115,LEU-95
-87.2744,154.566,ALA-96
-69.9198,150.349,PRO-97
-55.9165,-15.1186,PRO-98
-89.0055,-23.9707,GLN-99
-79.3984,115.105,HIS-100
-81.6831,-42.8422,LEU-101
-79.8294,126.804,ILE-102
-149.783,173.808,ARG-103
-160.939,167.864,VAL-104
-178.531,158.854,GLU-105
141.452,-89.3222,GLY-106
-70.7631,151.334,ASN-107
-40.2198,-38.5642,LEU-108
-105.823,134.608,ARG-109
-172.391,110.174,VAL-110
-159.064,151.235,GLU-111
-101.382,111.692,TYR-112
-120.66,155.463,LEU-113
-79.6167,118.725,ASP-114
-49.3537,143.461,ASP-115
-73.204,-42.9299,ARG-116
-93.1644,-47.5911,ASN-117
-102.874,-0.690407,THR-118
54.4241,14.0979,PHE-119
-77.1898,126.375,ARG-120
-64.6903,136.128,HIS-121
-176.066,138.232,SER-122
-56.9607,127.838,VAL-123
-120.013,130.705,VAL-124
-116.755,155.561,VAL-125
-73.5177,166.696,PRO-126
-77.8312,147.581,TYR-127
-127.611,147.033,GLU-128
-81.8333,154.675,PRO-129
-58.1508,133.172,PRO-130
-60.4787,157.773,GLU-131
-71.187,123.819,VAL-132
87.3937,3.23192,GLY-133
-119.693,156.865,SER-134
-102.321,-25.2554,ASP-135
-143.754,177.026,CYS-136
-95.3571,137.741,THR-137
-123.961,137.366,THR-138
-113.683,129.95,ILE-139
-101.393,87.5043,HIS-140
-70.3083,160.876,TYR-141
-135.408,161.717,ASN-142
-148.528,176.062,TYR-143
-150.114,151.141,MET-144
-147.894,175.516,CYS-145
-147.203,139.922,ASN-146
-91.7161,-11.9,SER-147
-63.3245,-22.4987,SER-148
-66.8637,131.12,CYS-149
-86.3549,-43.8876,MET-150
99.269,33.1966,GLY-151
73.6317,-89.8712,GLY-152
-132.053,-25.6278,ILE-153
-143.223,115.253,ASN-154
-55.0835,130.568,ARG-155
-162.868,155.912,ARG-156
-77.1389,161.732,PRO-157
-130.407,156.234,ILE-158
-148.842,133.703,LEU-159
-107.307,140.986,THR-160
-112.59,112.892,ILE-161
-101.591,131.042,ILE-162
-128.398,150.455,THR-163
-104.629,123.561,LEU-164
-150.786,166.4,GLU-165
-81.3127,164.856,ASP-166
-66.2355,-24.2741,SER-167
-78.2934,-9.10731,SER-168
88.3987,-11.2928,GLY-169
-51.9422,120.589,ASN-170
-72.9811,144.662,LEU-171
-115.606,-33.6318,LEU-172
-172.935,158.331,GLY-173
-144.692,142.468,ARG-174
-152.436,122.444,ASN-175
-136.565,151.029,SER-176
-157.975,145.915,PHE-177
-74.8942,142.999,GLU-178
-129.034,159.036,VAL-179
-141.789,121.021,ARG-180
-94.0718,138.339,VAL-181
-158.576,-166.573,CYS-182
-89.7199,-36.7285,ALA-183
-127.377,81.2408,CYS-184
-47.949,-39.7135,PRO-185
-55.2347,-43.4858,GLY-186
-74.3376,-48.2959,ARG-187
-67.7569,-32.7267,ASP-188
-67.5423,-49.4813,ARG-189
-48.0806,-40.7619,ARG-190
-47.1303,-31.3481,THR-191
-107.173,-35.5522,GLU-192
-64.5738,-23.4967,GLU-193
-52.0785,-30.3641,GLU-194
-94.9558,6.49624,ASN-195
-90.2296,151.569,LEU-196
-93.4854,-33.6222,ARG-197
-74.7049,169.764,LYS-198
-56.7146,126.612,LYS-199
-103.142,168.957,GLY-200
-67.9607,154.575,GLU-201
-73.3505,154.308,PRO-202
-155.752,147.015,HIS-203
-40.501,107.917,HIS-204
-80.3921,-18.8863,GLU-205
-78.7831,-29.2574,LEU-206
-67.208,145.515,PRO-207
-69.3856,168.702,PRO-208
-92.0408,173.469,GLY-209
-74.8904,-177.549,SER-210
-70.378,148.469,THR-211
-79.7741,137.551,LYS-212
66.2926,166.4,ARG-213
-79.242,150.54,ALA-214
-74.7592,-16.3505,LEU-215
-69.0325,162.137,PRO-216
-102.928,16.0165,ASN-217
-53.4409,137.914,ASN-218
136.847,145.077,SER-2
-82.5246,145.568,SER-3
-56.978,126.088,VAL-4
-63.6608,144.215,PRO-5
-75.2919,134.752,SER-6
-103.795,-17.8741,GLN-7
-61.4079,118.881,LYS-8
-63.7058,149.347,THR-9
-171.25,160.594,TYR-10
-108.034,-28.3178,GLN-11
64.275,-159.283,GLY-12
-66.024,-7.51079,SER-13
-105.614,-17.5793,TYR-14
73.6649,23.9921,GLY-15
-57.4719,107.832,PHE-16
-135.695,162.409,ARG-17
-115.968,141.498,LEU-18
-137.202,169.726,GLY-19
-139.127,122.131,PHE-20
-73.059,126.832,LEU-21
-74.0828,123.595,HIS-22
-131.79,2.34599,SER-23
128.168,-160.152,GLY-24
-136.637,-4.03153,THR-25
-93.843,-175.558,ALA-26
-54.3917,-17.0887,LYS-27
-55.7171,-26.8125,SER-28
-137.56,135.941,VAL-29
-79.6053,-10.8358,THR-30
-164.358,164.01,CYS-31
-159.967,161.614,THR-32
-143.909,119.193,TYR-33
-85.5165,109.792,SER-34
-52.5251,-39.6157,PRO-35
-74.764,-16.5336,ALA-36
-111.134,-5.47754,LEU-37
52.3943,51.1707,ASN-38
-130.774,125.152,LYS-39
-108.707,120.944,MET-40
-107.042,111.896,PHE-41
-103.367,140.533,CYS-42
-63.9817,151.538,GLN-43
-74.1276,145.876,LEU-44
59.3785,20.4579,ALA-45
-133.532,155.115,LYS-46
-62.3305,119.592,THR-47
-108.7,104.476,CYS-48
-74.4533,142.356,PRO-49
-131.257,136.727,VAL-50
-108.342,140.701,GLN-51
-124.899,123.128,LEU-52
-121.595,145.187,TRP-53
-138.622,158.116,VAL-54
-94.1376,-25.3979,ASP-55
-157.956,125.254,SER-56
-53.1483,126.871,THR-57
-65.4838,160.094,PRO-58
-62.5078,170.874,PRO-59
-76.8343,160.296,PRO-60
81.8652,-9.91763,GLY-61
-80.866,151.594,THR-62
-143.643,-179.79,ARG-63
-124.098,153.211,VAL-64
-125.979,152.185,ARG-65
-145.005,139.647,ALA-66
-168.973,160.445,MET-67
-121.614,135.661,ALA-68
-101.284,135.541,ILE-69
-102.139,122.315,TYR-70
-112.255,161.301,LYS-71
-138.841,170.64,GLN-72
-48.8881,-27.9967,SER-73
-152.594,-6.81514,GLN-74
-76.2116,134.83,HIS-75
-133.456,-17.4919,MET-76
-85.3324,60.0945,THR-77
-158.885,152.196,GLU-78
-108.483,160.784,VAL-79
-79.2192,120.104,VAL-80
-125.233,171.298,ARG-81
-70.3248,-174.472,ARG-82
-81.5163,145.085,CYS-83
-57.4,-32.7333,PRO-84
-72.1385,-19.1913,HIS-85
-112.811,-6.97221,HIS-86
-65.2445,-3.02821,GLU-87
-145.385,-20.6912,ARG-88
-66.5277,162.14,CYS-89
-67.6611,-24.514,SER-90
-80.1108,8.10847,ASP-91
-137.721,-38.9698,SER-92
-87.1591,111.152,ASP-93
-124.23,-149.683,GLY-94
-56.8772,-26.0402,LEU-95
-88.6359,135.079,ALA-96
-55.6414,143.926,PRO-97
-63.9145,-15.5996,PRO-98
-84.5061,-27.6665,GLN-99
-86.5603,123.301,HIS-100
-87.1226,-43.3728,LEU-101
-88.6331,133.268,ILE-102
-139.566,150.278,ARG-103
-132.583,151.817,VAL-104
-153.867,154.73,GLU-105
138.634,-84.4209,GLY-106
-61.3613,141.596,ASN-107
-46.9588,-53.9825,LEU-108
-75.8393,128.458,ARG-109
179.376,127.74,VAL-110
-169.489,126.752,GLU-111
-71.0197,113.397,TYR-112
-120.421,156.677,LEU-113
-70.9503,137.277,ASP-114
-72.3254,143.074,ASP-115
-66.6304,-50.5507,ARG-116
-77.3031,-23.065,ASN-117
-119.259,-14.6103,THR-118
64.3243,8.18094,PHE-119
-72.9235,126.72,ARG-120
-71.22,112.442,HIS-121
-148.132,148.725,SER-122
-80.1953,121.915,VAL-123
-108.684,130.05,VAL-124
-138.228,152.315,VAL-125
-64.6166,137.158,PRO-126
-73.2848,116.195,TYR-127
-96.2424,155.869,GLU-128
-91.8435,177.52,PRO-129
-64.7668,134.38,PRO-130
-55.4469,161.329,GLU-131
-45.7031,133.503,VAL-132
75.8228,-8.28554,GLY-133
-97.2384,160.539,SER-134
-115.365,-20.0719,ASP-135
-132.783,-174.859,CYS-136
-130.041,145.689,THR-137
-135.532,157.655,THR-138
-131.253,128.415,ILE-139
-90.5016,111.447,HIS-140
-86.0594,-171.145,TYR-141
-171.242,160.747,ASN-142
-148.211,156.99,TYR-143
-124.589,158.507,MET-144
-155.901,159.13,CYS-145
-131.278,144.796,ASN-146
-98.3435,-4.57527,SER-147
-78.5533,-26.7154,SER-148
-45.3051,124.899,CYS-149
-61.6073,-56.7394,MET-150
92.1929,16.9363,GLY-151
45.3896,-132.257,GLY-152
-69.2151,-30.4969,ILE-153
-160.455,105.755,ASN-154
-45.3235,120.954,ARG-155
-149.582,170.737,ARG-156
-84.669,150.404,PRO-157
-117.669,132.284,ILE-158
-112.729,137.405,LEU-159
-106.504,149.063,THR-160
-117.858,109.004,ILE-161
-112.914,140.76,ILE-162
-149.762,135.857,THR-163
-88.5145,130.91,LEU-164
-149.009,151.346,GLU-165
-86.8949,170.788,ASP-166
-59.7641,-33.5753,SER-167
-61.1766,-33.838,SER-168
101.116,7.43863,GLY-169
-72.5229,144.133,ASN-170
-99.6548,134.326,LEU-171
-123.169,-21.2734,LEU-172
-169.513,162.419,GLY-173
-159.15,146.579,ARG-174
-144.075,146.011,ASN-175
-133.661,150.087,SER-176
-148.757,156.587,PHE-177
-86.3262,129.294,GLU-178
-92.736,143.3,VAL-179
-149.544,120.867,ARG-180
-107.274,142.374,VAL-181
-158.414,-171.968,CYS-182
-92.0612,-38.4451,ALA-183
-131.826,105.6,CYS-184
-80.4904,-22.4402,PRO-185
-71.0974,-42.5611,GLY-186
-66.4462,-43.8245,ARG-187
-64.5246,-37.3708,ASP-188
-67.2195,-45.9935,ARG-189
-48.5142,-40.7095,ARG-190
-69.2864,-31.9407,THR-191
-87.6494,-40.3748,GLU-192
-74.0786,-10.7891,GLU-193
-36.4917,-42.2459,GLU-194
-107.618,5.52053,ASN-195
-62.6126,143.797,LEU-196
-79.425,22.7553,ARG-197
-150.067,-176.453,LYS-198
-74.8162,132.13,LYS-199
-97.5026,169.047,GLY-200
-73.3395,155.872,GLU-201
-87.1893,154.608,PRO-202
-167.714,127.653,HIS-203
-49.4395,135.474,HIS-204
-84.6592,-20.3046,GLU-205
-71.5666,-43.0082,LEU-206
-59.1945,162.539,PRO-207
-76.6423,172.094,PRO-208
-97.6373,166.277,GLY-209
-77.7424,-175.913,SER-210
-63.216,147.566,THR-211
-91.8029,126.958,LYS-212
71.2811,143.245,ARG-213
-46.7693,141.703,ALA-214
-73.7202,-21.4164,LEU-215
-69.8202,151.124,PRO-216
-91.5093,30.6643,ASN-217
-69.6297,122.448,ASN-218
-148.46,166.014,SER-2
-87.7049,157.842,SER-3
-84.8758,125.362,VAL-4
-77.9953,149.106,PRO-5
-92.1331,145.303,SER-6
-111.002,4.50954,GLN-7
-68.6196,103.135,LYS-8
-69.2959,148.945,THR-9
-173.787,134.141,TYR-10
-81.2241,-9.59507,GLN-11
74.6358,-157.012,GLY-12
-74.0494,-14.8637,SER-13
-120.63,-2.70062,TYR-14
80.7082,13.396,GLY-15
-57.288,115.409,PHE-16
-142.742,154.331,ARG-17
-121.168,136.416,LEU-18
-127.164,-178.292,GLY-19
-139.663,136.24,PHE-20
-83.8358,124.275,LEU-21
-87.8569,116.188,HIS-22
-123.347,7.458,SER-23
98.117,-155.344,GLY-24
-137.4,-16.4316,THR-25
-57.2098,155.371,ALA-26
-54.9507,-16.5144,LYS-27
-59.0704,-29.5928,SER-28
-87.2537,120.885,VAL-29
-70.968,-27.2815,THR-30
-168.317,153.66,CYS-31
-145.323,161.092,THR-32
-140.172,128.041,TYR-33
-95.0688,111.836,SER-34
-82.3195,-29.9804,PRO-35
-76.8239,9.61639,ALA-36
-137.532,-18.4031,LEU-37
52.0344,55.1663,ASN-38
-138.827,130.396,LYS-39
-110.804,116.117,MET-40
-87.903,111.762,PHE-41
-103.106,147.449,CYS-42
-80.1553,137.641,GLN-43
-67.5879,150.169,LEU-44
64.8386,-24.9094,ALA-45
-73.686,130.13,LYS-46
-50.3446,143.805,THR-47
-120.048,127.707,CYS-48
-86.2534,136.282,PRO-49
-131.951,124.42,VAL-50
-104.234,160.146,GLN-51
-151.165,137.287,LEU-52
-138.626,145.321,TRP-53
-120.038,158.543,VAL-54
-97.2611,-19.4822,ASP-55
-165.005,140.058,SER-56
-61.6325,123.933,THR-57
-66.9052,148.975,PRO-58
-39.9282,148.549,PRO-59
-79.7382,151.569,PRO-60
91.0079,6.63993,GLY-61
-76.8922,141.691,THR-62
-137.269,152.176,ARG-63
-115.805,144.846,VAL-64
-140.611,136.636,ARG-65
-125.931,151.763,ALA-66
-171.056,164.985,MET-67
-157.33,122.37,ALA-68
-100.064,140.38,ILE-69
-123.463,126.16,TYR-70
-116.523,152.475,LYS-71
-138.71,-179.906,GLN-72
-52.7889,-44.1047,SER-73
-128.767,41.1587,GLN-74
-148.014,135.908,HIS-75
-118.766,-18.9798,MET-76
-109.95,63.0436,THR-77
-147.145,151.946,GLU-78
-97.284,153.729,VAL-79
-63.7348,114.976,VAL-80
-139.341,154.298,ARG-81
-45.6348,154.402,ARG-82
-54.2626,147.791,CYS-83
-62.2447,-31.2041,PRO-84
-75.6819,-0.382985,HIS-85
-111.846,-13.5807,HIS-86
-68.912,1.32365,GLU-87
-149.951,-5.61327,ARG-88
-81.2651,162.112,CYS-89
-70.4874,-3.86962,SER-90
-80.0307,-10.7292,ASP-91
-124.505,-20.0219,SER-92
-81.4887,148.974,ASP-93
165.253,-123.284,GLY-94
-70.6112,-45.9681,LEU-95
-82.6609,153.7,ALA-96
-60.6607,146.817,PRO-97
-64.8173,-11.7937,PRO-98
-89.0158,-43.7609,GLN-99
-70.2993,132.145,HIS-100
-62.2939,-47.8677,LEU-101
-100.307,129.745,ILE-102
-129.972,167.966,ARG-103
-142.603,152.946,VAL-104
-160.675,149.484,GLU-105
134.097,-4.07667,GLY-106
-132.265,155.58,ASN-107
-69.7694,-37.9792,LEU-108
-89.5896,130.164,ARG-109
-163.756,132.285,VAL-110
-166.442,138.467,GLU-111
-89.5667,132.679,TYR-112
-134.103,150.136,LEU-113
-82.9608,130.347,ASP-114
-75.8685,129.794,ASP-115
-63.0063,-26.4488,ARG-116
-101.261,-36.0285,ASN-117
-115.487,-17.2506,THR-118
71.9267,3.15844,PHE-119
-66.6757,121.598,ARG-120
-86.829,106.698,HIS-121
-133.387,146.329,SER-122
-80.3815,132.367,VAL-123
-121.753,126.806,VAL-124
-138.668,141.456,VAL-125
-75.769,154.046,PRO-126
-91.3649,133.164,TYR-127
-116.26,150.021,GLU-128
-78.809,161.749,PRO-129
-66.447,141.534,PRO-130
-85.2566,145.932,GLU-131
-41.0766,112.401,VAL-132
79.9289,0.357028,GLY-133
-111.517,179.032,SER-134
-128.926,-40.4578,ASP-135
-93.8135,-177.945,CYS-136
-103.205,128.394,THR-137
-108.756,138.148,THR-138
-126.738,137.227,ILE-139
-107.72,104.676,HIS-140
-79.2983,179.248,TYR-141
-174.822,149.15,ASN-142
-154.79,-176.046,TYR-143
-159.962,155.084,MET-144
-162.071,164.384,CYS-145
-141.995,143.387,ASN-146
-84.9299,-13.5978,SER-147
-78.1019,-7.69863,SER-148
-58.8474,167.805,CYS-149
-65.4401,-65.9883,MET-150
87.9863,8.57243,GLY-151
52.2889,-149.19,GLY-152
-70.2158,-28.0168,ILE-153
-163.891,108.535,ASN-154
-59.5154,121.09,ARG-155
-142.311,159.583,ARG-156
-64.9268,174.085,PRO-157
-134.44,157.037,ILE-158
-151.169,137.553,LEU-159
-107.186,161.308,THR-160
-137.593,126.622,ILE-161
-112.222,127.625,ILE-162
-137.566,133.085,THR-163
-91.9545,122.171,LEU-164
-134.272,137.753,GLU-165
-88.0794,158.312,ASP-166
-65.0242,-10.6603,SER-167
-81.7634,-20.8446,SER-168
101.477,4.47215,GLY-169
-69.3295,136.201,ASN-170
-80.7692,123.579,LEU-171
-122.792,-10.3195,LEU-172
-168.867,167.886,GLY-173
-153.223,147.766,ARG-174
-137.654,154.95,ASN-175
-141.789,157.496,SER-176
-155.788,155.454,PHE-177
-76.2154,149.89,GLU-178
-135.969,146.45,VAL-179
-137.739,132.116,ARG-180
-118.124,142.22,VAL-181
-166.058,171.897,CYS-182
-86.2935,-22.177,ALA-183
-137.256,108.867,CYS-184
-52.3187,-36.7094,PRO-185
-70.8194,-35.7622,GLY-186
-83.2338,-45.6978,ARG-187
-66.6681,-26.1493,ASP-188
-74.7896,-41.5724,ARG-189
-55.0962,-49.3978,ARG-190
-46.5826,-46.1051,THR-191
-81.9436,-46.691,GLU-192
-77.2379,-3.52233,GLU-193
-52.0907,-20.6262,GLU-194
-97.2736,-0.178158,ASN-195
-91.9119,154.686,LEU-196
-81.0307,-37.262,ARG-197
-79.8787,148.303,LYS-198
-71.3033,128.945,LYS-199
-80.1122,-158.62,GLY-200
-79.5467,147.858,GLU-201
-64.8731,137.284,PRO-202
-154.356,167.829,HIS-203
-83.7701,124.502,HIS-204
-91.1001,12.7662,GLU-205
-71.0848,-46.851,LEU-206
-73.8527,152.353,PRO-207
-65.1464,151.823,PRO-208
-79.2671,-168.714,GLY-209
-109.977,-175.835,SER-210
-67.866,136.234,THR-211
-60.4039,125.62,LYS-212
83.587,140.384,ARG-213
-66.924,156.632,ALA-214
-82.8287,-23.8807,LEU-215
-60.4097,141.726,PRO-216
-77.0069,17.4962,ASN-217
-56.9552,122.456,ASN-218
-61.5081,134.047,SER-2
-92.9001,166.553,SER-3
-67.2986,138.831,VAL-4
-67.2879,142.792,PRO-5
-77.9262,130.882,SER-6
-78.7648,-9.12051,GLN-7
-77.4658,119.561,LYS-8
-60.9415,138.399,THR-9
-156.467,145.513,TYR-10
-86.0749,-14.2148,GLN-11
64.4895,-165.086,GLY-12
-92.7067,-13.3841,SER-13
-61.3845,-29.1434,TYR-14
69.2969,57.5295,GLY-15
-81.0888,129.146,PHE-16
-150.435,150.114,ARG-17
-108.89,156.102,LEU-18
-157.211,167.683,GLY-19
-128.997,141.939,PHE-20
-88.4097,106.854,LEU-21
-75.6267,88.0227,HIS-22
-100.965,-7.58551,SER-23
104.576,-138.99,GLY-24
-142.106,2.37063,THR-25
-60.5704,166.97,ALA-26
-69.1807,-10.8685,LYS-27
-84.8766,-13.2584,SER-28
-82.2075,112.254,VAL-29
-72.4436,-25.2772,THR-30
-173.904,156.373,CYS-31
-142.678,165.217,THR-32
-135.421,135.599,TYR-33
-91.3194,97.4554,SER-34
-65.3121,-36.9727,PRO-35
-71.8349,-10.7281,ALA-36
-113.703,-20.2884,LEU-37
60.9123,28.1829,ASN-38
-110.146,141.863,LYS-39
-102.622,159.179,MET-40
-135.22,107.357,PHE-41
-101.861,145.241,CYS-42
-85.1606,124.839,GLN-43
-53.2593,136.62,LEU-44
71.9408,-23.7631,ALA-45
-71.1039,162.78,LYS-46
-78.8398,117.464,THR-47
-106.48,89.3233,CYS-48
-67.8794,111.648,PRO-49
-87.6091,140.717,VAL-50
-102.873,147.827,GLN-51
-138.843,138.976,LEU-52
-136.338,147.809,TRP-53
-132.906,138.374,VAL-54
-80.2647,-36.691,ASP-55
-106.155,163.856,SER-56
-70.9869,136.355,THR-57
-102.173,169.078,PRO-58
-69.3088,150.292,PRO-59
-64.43,143.203,PRO-60
87.2431,5.98351,GLY-61
-56.318,151.728,THR-62
-149.198,149.866,ARG-63
-104.953,137.078,VAL-64
-109.914,139.428,ARG-65
-130.688,136.552,ALA-66
-154.115,173.784,MET-67
-147.695,151.789,ALA-68
-126.375,161.247,ILE-69
-131.855,122.209,TYR-70
-124.109,151.271,LYS-71
-126.155,163.853,GLN-72
-57.8304,-34.5975,SER-73
-104.267,6.17722,GLN-74
-162.792,127.07,HIS-75
-104.112,-22.1936,MET-76
-115.807,86.4881,THR-77
-157.568,160.498,GLU-78
-92.2021,153.008,VAL-79
-63.7842,117.13,VAL-80
-143.596,163.053,ARG-81
-73.3467,165.558,ARG-82
-57.4661,154.376,CYS-83
-45.6248,-45.9539,PRO-84
-69.0424,2.63459,HIS-85
-128.743,22.043,HIS-86
-97.1231,15.1267,GLU-87
-154.332,-51.9074,ARG-88
-55.5593,156.038,CYS-89
-54.5218,-17.8284,SER-90
-82.6493,-11.6743,ASP-91
-114.937,-25.579,SER-92
-58.6466,137.668,ASP-93
-171.717,-161.715,GLY-94
-75.7514,-40.1112,LEU-95
-44.822,131.687,ALA-96
-62.3824,156.112,PRO-97
-67.6967,-28.8577,PRO-98
-76.4433,-30.3225,GLN-99
-72.5285,125.475,HIS-100
-77.2858,-46.1306,LEU-101
-86.1552,128.551,ILE-102
-151.172,169.472,ARG-103
-163.463,143.861,VAL-104
-147.57,152.682,GLU-105
165.262,-84.3037,GLY-106
-52.0832,148.415,ASN-107
-49.0989,-34.2192,LEU-108
-85.2994,128.372,ARG-109
-179.637,119.75,VAL-110
-149.566,152.531,GLU-111
-117.109,121.63,TYR-112
-150.005,161.164,LEU-113
-59.7982,124.963,ASP-114
-63.2319,142.597,ASP-115
-65.3456,-35.3092,ARG-116
-101.924,-31.5306,ASN-117
-119.44,-6.10156,THR-118
66.9252,3.98118,PHE-119
-72.0145,122.31,ARG-120
-69.865,130.121,HIS-121
-159.747,147.076,SER-122
-82.1845,133.573,VAL-123
-128.452,125.571,VAL-124
-132.696,160.193,VAL-125
-84.0273,150.471,PRO-126
-101.487,108.168,TYR-127
-83.8673,151.871,GLU-128
-50.4218,176.409,PRO-129
-65.5442,152.202,PRO-130
-69.0054,161.251,GLU-131
-70.8712,124.538,VAL-132
91.1835,-13.3561,GLY-133
-100.632,149.243,SER-134
-76.3795,-23.3334,ASP-135
-136.93,174.742,CYS-136
-102.785,145.72,THR-137
-126.463,127.151,THR-138
-112.611,134.328,ILE-139
-112.408,104.889,HIS-140
-79.0449,175.213,TYR-141
-157.481,163.752,ASN-142
-148.826,173.272,TYR-143
-147.56,164.953,MET-144
-158.66,171.096,CYS-145
-160.001,135.89,ASN-146
-81.1831,-7.25814,SER-147
-81.4941,-12.2149,SER-148
-67.6346,116.177,CYS-149
-61.2726,-51.0823,MET-150
82.4195,31.4687,GLY-151
42.3374,-135.532,GLY-152
-67.8281,-35.3568,ILE-153
-151.956,120.607,ASN-154
-45.1841,136.37,ARG-155
-157.908,150.299,ARG-156
-60.6345,150.39,PRO-157
-130.702,149.813,ILE-158
-136.017,122.016,LEU-159
-84.1558,133.12,THR-160
-101.718,121.422,ILE-161
-103.098,133.599,ILE-162
-140.029,143.339,THR-163
-105.044,127.283,LEU-164
-132.233,147.284,GLU-165
-82.1326,157.078,ASP-166
-51.0996,-27.7911,SER-167
-94.6836,-2.82374,SER-168
90.8991,3.10958,GLY-169
-55.0843,145.957,ASN-170
-77.6629,124.019,LEU-171
-118.143,-22.9045,LEU-172
-162.821,163.998,GLY-173
-140.145,143.604,ARG-174
-152.042,110.379,ASN-175
-102.651,144.561,SER-176
-150.301,152.664,PHE-177
-87.4312,133.46,GLU-178
-114.526,142.043,VAL-179
-141.108,116.723,ARG-180
-104.139,144.16,VAL-181
-163.709,-175.389,CYS-182
-87.8271,-55.5292,ALA-183
-110.774,110.746,CYS-184
-67.8787,-46.2053,PRO-185
-64.8039,-44.1916,GLY-186
-62.1913,-46.2035,ARG-187
-70.32,-36.8297,ASP-188
-58.9461,-56.7731,ARG-189
-51.8974,-39.9479,ARG-190
-56.8411,-36.7437,THR-191
-88.943,-28.6092,GLU-192
-73.0548,-17.0163,GLU-193
-49.8462,-26.2197,GLU-194
-105.847,4.12723,ASN-195
-73.3964,132.505,LEU-196
-72.6689,-26.1057,ARG-197
-82.5153,149.623,LYS-198
-72.9617,133.447,LYS-199
-84.7856,-140.37,GLY-200
-97.9795,147.643,GLU-201
-61.7107,141.738,PRO-202
-154.723,160.932,HIS-203
-62.3065,138.819,HIS-204
-128.116,-3.21429,GLU-205
-48.4278,-49.1724,LEU-206
-74.6366,157.199,PRO-207
-60.5281,-177.335,PRO-208
-101.695,173.95,GLY-209
-82.8918,177.178,SER-210
-58.7546,140.543,THR-211
-83.3661,137.095,LYS-212
67.557,150.851,ARG-213
-61.4996,159.544,ALA-214
-73.8851,-38.0415,LEU-215
-58.009,145.034,PRO-216
-76.4001,30.1986,ASN-217
-68.8338,138.583,ASN-218
-78.6977,145.652,SER-2
-77.4212,165.357,SER-3
-66.6766,127.914,VAL-4
-39.2922,121.818,PRO-5
-76.7819,142.779,SER-6
-91.8536,-3.94146,GLN-7
-60.9324,108.895,LYS-8
-49.116,129.704,THR-9
-157.376,132.414,TYR-10
-76.3318,-32.173,GLN-11
62.978,-153.886,GLY-12
-72.0376,-8.70619,SER-13
-110.471,-8.99331,TYR-14
68.4526,43.4366,GLY-15
-61.3722,121.353,PHE-16
-143.007,154.211,ARG-17
-128.388,144.694,LEU-18
-157.477,-170.282,GLY-19
-144.852,143.565,PHE-20
-105.101,126.766,LEU-21
-102.311,113.578,HIS-22
-105.338,-9.7055,SER-23
103.557,-137.48,GLY-24
-136.638,3.47213,THR-25
-64.4127,156.787,ALA-26
-51.7514,-16.3098,LYS-27
-84.9051,-3.92754,SER-28
-94.4933,129.809,VAL-29
-81.2286,-37.4355,THR-30
-150.581,156.656,CYS-31
-151.297,154.133,THR-32
-136.392,129.803,TYR-33
-100.253,104.475,SER-34
-62.2099,-21.9757,PRO-35
-69.7009,-31.217,ALA-36
-102.249,-17.2954,LEU-37
49.1509,50.194,ASN-38
-139.454,135.773,LYS-39
-109.762,151.694,MET-40
-134.79,113.448,PHE-41
-106.219,149.861,CYS-42
-82.3836,129.761,GLN-43
-43.6804,137.126,LEU-44
65.6249,-35.9525,ALA-45
-69.3571,147.517,LYS-46
-71.2149,145.068,THR-47
-140.331,106.508,CYS-48
-86.2177,121.259,PRO-49
-117.547,140.054,VAL-50
-113.632,144.98,GLN-51
-143.691,143.05,LEU-52
-139.243,167.641,TRP-53
-150.343,148.851,VAL-54
-91.7594,-11.9058,ASP-55
-139.985,161.353,SER-56
-71.8601,123.565,THR-57
-85.6147,169.488,PRO-58
-74.7773,172.817,PRO-59
-62.4776,155.118,PRO-60
72.3621,3.73176,GLY-61
-59.5374,155.898,THR-62
-137.214,149.451,ARG-63
-96.909,137.265,VAL-64
-123.663,153.938,ARG-65
-145.643,141.697,ALA-66
-151.969,174.109,MET-67
-139.033,145.61,ALA-68
-103.663,138.873,ILE-69
-103.457,127.58,TYR-70
-118.62,159.226,LYS-71
-143.722,171.712,GLN-72
-79.2851,3.52271,SER-73
-137.868,0.284718,GLN-74
-145.077,125.277,HIS-75
-126.014,6.4797,MET-76
-94.9404,-0.962384,THR-77
-86.1607,166.311,GLU-78
-123.166,162.946,VAL-79
-72.8247,115.827,VAL-80
-134.634,157.459,ARG-81
-66.4327,169.643,ARG-82
-53.4216,150.62,CYS-83
-49.1243,-53.7691,PRO-84
-56.2334,-9.08595,HIS-85
-113.974,-13.6449,HIS-86
-55.2932,-16.9535,GLU-87
-147.656,-19.5965,ARG-88
-51.4603,162.821,CYS-89
-64.5216,-33.4539,SER-90
-60.8675,-12.528,ASP-91
-105.171,7.43232,SER-92
-70.0291,143.592,ASP-93
165.323,-147.052,GLY-94
-91.1096,-32.468,LEU-95
-66.7622,123.845,ALA-96
-56.1551,149.256,PRO-97
-77.4297,-7.0962,PRO-98
-84.4329,-20.3703,GLN-99
-67.5954,126.899,HIS-100
-82.9901,-32.197,LEU-101
-94.4088,132.933,ILE-102
-136.139,157.855,ARG-103
-155.161,141.76,VAL-104
-155.859,165.943,GLU-105
124.488,-63.9286,GLY-106
-66.4343,142.787,ASN-107
-45.3914,-41.616,LEU-108
-79.7818,133.964,ARG-109
-176.524,130.626,VAL-110
-157.33,153.597,GLU-111
-96.1328,128.67,TYR-112
-139.634,154.779,LEU-113
-76.116,140.513,ASP-114
-75.8139,129.629,ASP-115
-82.3616,19.07,ARG-116
-140.903,-24.2241,ASN-117
-114.96,-15.2025,THR-118
71.2193,28.7346,PHE-119
-101.244,129.093,ARG-120
-75.752,118.935,HIS-121
-147.432,146.746,SER-122
-70.8273,136.817,VAL-123
-135.929,128.348,VAL-124
-134.254,149.591,VAL-125
-77.1449,152.691,PRO-126
-89.8252,131.845,TYR-127
-118.638,176.961,GLU-128
-94.261,-178.415,PRO-129
-64.3347,129.338,PRO-130
-92.3598,156.857,GLU-131
-42.2889,126.234,VAL-132
74.6134,0.138143,GLY-133
-116.68,160.171,SER-134
-76.9493,-17.9583,ASP-135
-166.951,-177.521,CYS-136
-80.7509,134.585,THR-137
-125.634,147.05,THR-138
-124.636,147.245,ILE-139
-118.202,96.191,HIS-140
-71.1913,152.774,TYR-141
-135.655,151.663,ASN-142
-138.695,172.764,TYR-143
-144.012,147.743,MET-144
-150.161,170.829,CYS-145
-148.159,144.13,ASN-146
-91.3383,-15.0307,SER-147
-59.298,-20.289,SER-148
-61.2249,115.82,CYS-149
-70.27,-36.8405,MET-150
88.7058,22.7602,GLY-151
74.3621,-147.353,GLY-152
-71.8778,-34.2967,ILE-153
-161.109,124.804,ASN-154
-63.3208,132.083,ARG-155
-150.814,156.242,ARG-156
-66.626,164.63,PRO-157
-135.356,141.613,ILE-158
-144.333,137.401,LEU-159
-114.217,130.055,THR-160
-99.3239,125.986,ILE-161
-117.929,130.321,ILE-162
-146.285,141.666,THR-163
-105.893,137.036,LEU-164
-139.538,150.468,GLU-165
-79.1761,145.688,ASP-166
-62.0637,-19.8844,SER-167
-82.334,-19.972,SER-168
125.656,17.366,GLY-169
-88.0266,139.156,ASN-170
-75.3226,150.59,LEU-171
-120.764,-23.6884,LEU-172
-176.68,159.002,GLY-173
-160.942,143.288,ARG-174
-140.537,137.486,ASN-175
-125.726,142.307,SER-176
-138.232,138.013,PHE-177
-80.0578,142.257,GLU-178
-121.816,138.891,VAL-179
-117.307,115.185,ARG-180
-83.9617,151.457,VAL-181
-166.76,-170.072,CYS-182
-82.3261,-42.6179,ALA-183
-132.086,87.5656,CYS-184
-48.767,-28.6976,PRO-185
-72.3912,-46.0498,GLY-186
-61.229,-43.8512,ARG-187
-72.0127,-46.7295,ASP-188
-44.8816,-60.1978,ARG-189
-63.9651,-27.9091,ARG-190
-62.7335,-48.7215,THR-191
-76.0314,-44.6703,GLU-192
-81.5184,-3.63017,GLU-193
-49.9155,-39.5876,GLU-194
-92.9975,10.7829,ASN-195
-79.3679,165.826,LEU-196
-70.0738,-51.8447,ARG-197
-73.7309,168.077,LYS-198
-63.1175,137.877,LYS-199
-85.7239,-147.28,GLY-200
-83.7464,144.312,GLU-201
-70.7725,155.831,PRO-202
-171.229,165.924,HIS-203
-63.1328,113.926,HIS-204
-99.7104,0.4849,GLU-205
-73.6315,-43.2996,LEU-206
-79.2129,153.115,PRO-207
-71.1068,176.128,PRO-208
-63.2814,168.726,GLY-209
-75.5205,175.917,SER-210
-60.0762,133.736,THR-211
-70.1905,136.036,LYS-212
73.6268,153.213,ARG-213
-70.621,155.946,ALA-214
-59.7961,-37.7791,LEU-215
-75.1091,144.382,PRO-216
-81.7955,23.6921,ASN-217
-76.0555,109.5,ASN-218
-110.603,133.043,SER-2
-46.6505,152.795,SER-3
-76.5436,136.087,VAL-4
-55.6949,125.082,PRO-5
-73.9138,150.445,SER-6
-97.1387,1.00845,GLN-7
-61.6259,112.789,LYS-8
-65.7039,121.837,THR-9
-148.748,151.966,TYR-10
-96.8006,-26.3114,GLN-11
60.9821,-160.863,GLY-12
-77.6595,-8.32835,SER-13
-113.848,-18.7801,TYR-14
88.173,24.7409,GLY-15
-69.1535,121.374,PHE-16
-140.57,172.162,ARG-17
-139.145,154.169,LEU-18
-139.242,-163.808,GLY-19
-145.001,141.88,PHE-20
-82.2366,119.327,LEU-21
-91.0486,123.083,HIS-22
-119.855,-6.81938,SER-23
91.0928,-134.67,GLY-24
-142.446,0.374628,THR-25
-56.2773,169.44,ALA-26
-46.3264,-44.1122,LYS-27
-61.3796,-22.6061,SER-28
-71.511,128.324,VAL-29
-79.2359,-32.669,THR-30
-175.021,144.963,CYS-31
-137.719,155.443,THR-32
-134.013,128.527,TYR-33
-97.3777,102.901,SER-34
-68.8665,-30.9474,PRO-35
-75.6334,-16.5212,ALA-36
-103.515,-10.5814,LEU-37
51.8458,38.441,ASN-38
-128.615,134.756,LYS-39
-101.338,136.786,MET-40
-124.997,117.285,PHE-41
-124.494,129.467,CYS-42
-67.5795,149.759,GLN-43
-84.9187,146.441,LEU-44
80.496,-50.1662,ALA-45
-50.203,147.914,LYS-46
-64.9621,130.928,THR-47
-118.431,106.8,CYS-48
-84.3775,134.102,PRO-49
-127.897,150.17,VAL-50
-112.957,147.441,GLN-51
-135.944,157.457,LEU-52
-158.65,157.738,TRP-53
-139.01,136.957,VAL-54
-69.5165,-28.1062,ASP-55
-154.401,131.722,SER-56
-43.2423,115.119,THR-57
-71.9185,158.554,PRO-58
-54.8729,149.616,PRO-59
-54.7887,142.212,PRO-60
84.3071,7.73718,GLY-61
-78.0399,156.403,THR-62
-146.785,177.759,ARG-63
-126.762,126.669,VAL-64
-89.8548,154.869,ARG-65
-153.099,149.853,ALA-66
-179.804,158.354,MET-67
-125.802,128.63,ALA-68
-103.152,141.907,ILE-69
-103.301,152.458,TYR-70
-152.888,150.033,LYS-71
-138.117,173.827,GLN-72
-76.7375,-6.65332,SER-73
-115.919,-8.54377,GLN-74
-148.658,120.973,HIS-75
-114.878,-20.7243,MET-76
-81.8349,2.10787,THR-77
-71.2766,146.351,GLU-78
-99.4033,151.172,VAL-79
-66.608,138.029,VAL-80
-148.559,159.631,ARG-81
-65.9667,158.24,ARG-82
-74.1686,150.668,CYS-83
-55.5359,-26.5941,PRO-84
-79.6795,-10.4638,HIS-85
-134.372,12.3595,HIS-86
-94.6943,-12.1755,GLU-87
-137.651,-23.5796,ARG-88
-60.5389,165.807,CYS-89
-60.7553,-27.4615,SER-90
-59.8893,-41.7203,ASP-91
-74.105,15.905,SER-92
-67.1195,151.894,ASP-93
134.709,-152.407,GLY-94
-60.6112,-52.7749,LEU-95
-56.2961,146.219,ALA-96
-62.4363,166.739,PRO-97
-76.7653,-25.9101,PRO-98
-69.718,-31.0917,GLN-99
-57.1539,144.699,HIS-100
-91.7278,-56.9067,LEU-101
-88.2325,125.087,ILE-102
-120.618,163.203,ARG-103
-168.704,152.173,VAL-104
-176.144,159.542,GLU-105
138.949,-36.6942,GLY-106
-103.424,155.393,ASN-107
-51.6924,-45.4124,LEU-108
-81.3131,129.273,ARG-109
-162.805,136.676,VAL-110
-158.901,174.887,GLU-111
-112.325,139.127,TYR-112
-145.049,151.626,LEU-113
-81.5439,134.282,ASP-114
-67.4806,128.24,ASP-115
-60.7039,-13.2616,ARG-116
-109.541,-54.6429,ASN-117
-96.279,-19.7443,THR-118
77.1495,-4.97619,PHE-119
-60.4962,125.953,ARG-120
-69.6967,123.264,HIS-121
-147.991,143.837,SER-122
-75.2343,142.796,VAL-123
-135.992,133.276,VAL-124
-141.795,149.483,VAL-125
-79.2528,153.588,PRO-126
-87.7255,117.683,TYR-127
-103.041,159.971,GLU-128
-60.642,159.431,PRO-129
-60.8934,137.774,PRO-130
-81.7147,161.829,GLU-131
-61.8189,105.696,VAL-132
91.0183,-0.341523,GLY-133
-107.734,158.341,SER-134
-95.3316,-2.38965,ASP-135
-161.989,165.518,CYS-136
-68.918,130.297,THR-137
-142.27,122.579,THR-138
-95.7029,150.906,ILE-139
-120.922,110.388,HIS-140
-97.3319,-178.773,TYR-141
-162.298,138.35,ASN-142
-124.835,175.834,TYR-143
-137.916,169.315,MET-144
-168.126,170.868,CYS-145
-117.772,148.041,ASN-146
-95.4702,0.0338977,SER-147
-103.305,4.38577,SER-148
-69.7319,143.937,CYS-149
-69.7003,-48.0297,MET-150
118.164,-0.502121,GLY-151
83.9422,-116.726,GLY-152
-82.3796,-41.8745,ILE-153
-173.693,109.392,ASN-154
-45.3072,125.195,ARG-155
-141.611,166.308,ARG-156
-79.7477,163.65,PRO-157
-144.794,159.761,ILE-158
-152.892,144.488,LEU-159
-105.214,131.458,THR-160
-102.866,100.714,ILE-161
-85.4213,133.683,ILE-162
-144.354,131.737,THR-163
-72.1019,131.569,LEU-164
-138.874,141.753,GLU-165
-86.2229,153.469,ASP-166
-70.4389,-11.4686,SER-167
-59.7934,-39.4258,SER-168
117.764,-6.11284,GLY-169
-57.4477,134.422,ASN-170
-68.7115,123.529,LEU-171
-101.132,-14.9495,LEU-172
168.618,143.152,GLY-173
-122.222,152.826,ARG-174
-160.343,140.69,ASN-175
-132.803,154.524,SER-176
-160.085,149.875,PHE-177
-71.9175,139.892,GLU-178
-117.13,132.647,VAL-179
-135.861,118.718,ARG-180
-115.894,137.764,VAL-181
-167.834,-174.354,CYS-182
-85.1616,-56.703,ALA-183
-123.334,90.8479,CYS-184
-53.5493,-27.1479,PRO-185
-58.3871,-37.2462,GLY-186
-74.5496,-52.666,ARG-187
-68.2252,-34.1705,ASP-188
-56.0654,-46.9491,ARG-189
-69.8702,-33.917,ARG-190
-62.605,-40.8534,THR-191
-71.4018,-52.5135,GLU-192
-73.4866,-3.21593,GLU-193
-63.0313,-14.9306,GLU-194
-94.6317,7.586,ASN-195
-83.989,153.773,LEU-196
-90.0736,-20.0919,ARG-197
-100.078,157.341,LYS-198
-55.1707,132.793,LYS-199
-81.0453,-162.646,GLY-200
-72.2298,133.523,GLU-201
-53.9517,138.211,PRO-202
-155.925,166.48,HIS-203
-73.1024,155.954,HIS-204
-114.347,-27.11,GLU-205
-60.4532,-39.2553,LEU-206
-70.7984,141.422,PRO-207
-74.5494,149.21,PRO-208
-52.1734,143.156,GLY-209
-50.2319,178.052,SER-210
-68.1677,136.065,THR-211
-76.8718,131.229,LYS-212
64.1173,146.382,ARG-213
-56.6563,146.309,ALA-214
-79.7223,-28.0142,LEU-215
-52.8122,139.542,PRO-216
-72.2093,17.4632,ASN-217
-57.7386,127.12,ASN-218
-109.704,167.229,SER-2
-78.9142,169.18,SER-3
-73.7102,122.62,VAL-4
-68.2617,156.565,PRO-5
-92.0534,144.453,SER-6
-94.5219,-20.8377,GLN-7
-52.8429,122.418,LYS-8
-81.3288,124.117,THR-9
-141.546,160.56,TYR-10
-107.236,-53.7984,GLN-11
79.4869,-147.236,GLY-12
-63.2993,-33.6674,SER-13
-117.091,-1.49838,TYR-14
67.6576,49.7138,GLY-15
-61.8037,131.282,PHE-16
-150.685,168.103,ARG-17
-126.003,175.756,LEU-18
173.04,-168.962,GLY-19
-149.265,151.047,PHE-20
-82.9797,123.344,LEU-21
-97.8436,109.975,HIS-22
-105.441,-4.82331,SER-23
98.6908,-115.924,GLY-24
-150.145,-6.57416,THR-25
-66.0862,164.179,ALA-26
-54.585,-18.2892,LYS-27
-71.1776,-24.4593,SER-28
-71.6242,123.566,VAL-29
-75.3572,-33.0166,THR-30
-165.256,148.861,CYS-31
-149.365,143.689,THR-32
-130.508,127.051,TYR-33
-106.103,100.099,SER-34
-64.1683,-22.6931,PRO-35
-70.9277,-22.1203,ALA-36
-106.109,-0.957072,LEU-37
42.905,29.7255,ASN-38
-120.306,118.621,LYS-39
-85.2032,136.584,MET-40
-123.972,106.821,PHE-41
-98.278,153.104,CYS-42
-80.0101,129.247,GLN-43
-49.1896,129.208,LEU-44
67.5065,-25.286,ALA-45
-53.8872,142.749,LYS-46
-85.2511,116.597,THR-47
-112.909,121.199,CYS-48
-81.484,131.817,PRO-49
-122.817,130.928,VAL-50
-102.768,159.047,GLN-51
-139.225,152.892,LEU-52
-140.804,171.863,TRP-53
-149.677,149.864,VAL-54
-105.175,-18.5299,ASP-55
-145.707,146.763,SER-56
-67.6771,118.891,THR-57
-67.9715,162.396,PRO-58
-67.08,164.03,PRO-59
-52.7441,143.832,PRO-60
105.061,-25.2938,GLY-61
-66.0005,164.011,THR-62
-155.855,171.705,ARG-63
-95.2803,150.3,VAL-64
-126.34,146.37,ARG-65
-125.77,133.81,ALA-66
-148.011,150.305,MET-67
-129.714,142.788,ALA-68
-112.629,142.417,ILE-69
-123.431,115.267,TYR-70
-110.926,153.778,LYS-71
-128.247,176.414,GLN-72
-53.6204,-21.7732,SER-73
-132.985,2.43298,GLN-74
-126.313,136.537,HIS-75
-132.072,-34.3389,MET-76
-78.9331,-22.3247,THR-77
-56.555,155.32,GLU-78
-115.861,160.199,VAL-79
-70.5633,139.506,VAL-80
-161.983,163.304,ARG-81
-72.4372,157.245,ARG-82
-58.8071,152.221,CYS-83
-42.2568,-45.384,PRO-84
-81.5165,-8.10071,HIS-85
-109.98,15.2393,HIS-86
-83.065,-16.0546,GLU-87
-115.713,-34.7044,ARG-88
-56.3923,152.248,CYS-89
-63.9799,-17.4615,SER-90
-62.1056,-24.4762,ASP-91
-89.8735,3.71514,SER-92
-75.8555,137.046,ASP-93
-164.314,-138.928,GLY-94
-66.7957,-41.3016,LEU-95
-73.628,151.687,ALA-96
-41.4353,125.851,PRO-97
-49.1557,-9.31223,PRO-98
-91.8709,-26.8888,GLN-99
-72.3681,119.076,HIS-100
-67.2421,-45.9997,LEU-101
-81.1487,133.366,ILE-102
-139.158,169.874,ARG-103
-152.223,147.354,VAL-104
-160.527,177.284,GLU-105
103.943,11.4403,GLY-106
-135.71,155.071,ASN-107
-61.0239,-44.8534,LEU-108
-97.0384,125.731,ARG-109
-170.125,142.585,VAL-110
-175.532,155.601,GLU-111
-97.9191,129.344,TYR-112
-135.398,164.472,LEU-113
-66.4536,135.192,ASP-114
-63.9319,128.984,ASP-115
-84.9455,30.5834,ARG-116
-134.587,-36.9484,ASN-117
-120.41,3.76107,THR-118
68.1895,4.44698,PHE-119
-56.211,114.979,ARG-120
-65.9166,132.491,HIS-121
-175.765,145.908,SER-122
-86.576,139.269,VAL-123
-124.181,132.122,VAL-124
-136.883,152.694,VAL-125
-76.4781,146.874,PRO-126
-92.8908,100.971,TYR-127
-90.4617,163.498,GLU-128
-59.2735,164.882,PRO-129
-53.0235,161.191,PRO-130
-90.5715,156.473,GLU-131
-45.5807,108.294,VAL-132
91.9963,-2.08434,GLY-133
-103.177,149.639,SER-134
-81.1265,-32.5421,ASP-135
-136.125,167.831,CYS-136
-65.4335,136.947,THR-137
-155.106,124.812,THR-138
-120.388,124.304,ILE-139
-98.3639,113.471,HIS-140
-98.9829,169.311,TYR-141
-159.325,156.48,ASN-142
-153.301,159.401,TYR-143
-113.989,175.577,MET-144
-154.473,168.184,CYS-145
-155.046,110.618,ASN-146
-69.0974,-25.8365,SER-147
-84.2316,-0.829392,SER-148
-70.0691,152.632,CYS-149
-77.9429,-41.4698,MET-150
98.0393,14.0626,GLY-151
50.7887,-110.527,GLY-152
-90.2196,-31.0703,ILE-153
-172.959,127.739,ASN-154
-62.2872,116.83,ARG-155
-138.79,166.358,ARG-156
-90.3857,166.582,PRO-157
-142.505,132.196,ILE-158
-121.992,120.58,LEU-159
-90.617,144.822,THR-160
-124.316,118.44,ILE-161
-110.242,123.244,ILE-162
-126.469,147.159,THR-163
-94.9349,133.802,LEU-164
-140.269,146.883,GLU-165
-76.3126,153.862,ASP-166
-53.3393,-43.2218,SER-167
-57.8581,-5.04193,SER-168
90.3351,-3.5795,GLY-169
-67.4769,119.73,ASN-170
-61.3073,134.725,LEU-171
-120.499,-20.8893,LEU-172
-169.571,163.733,GLY-173
-151.32,144.504,ARG-174
-146.161,128.767,ASN-175
-131.674,152.66,SER-176
-154.667,164.584,PHE-177
-103.131,143.872,GLU-178
-109.499,129.853,VAL-179
-133.661,102.085,ARG-180
-95.599,137.715,VAL-181
-160.087,173.501,CYS-182
-78.065,-33.9326,ALA-183
-130.911,89.997,CYS-184
-69.7163,-25.9282,PRO-185
-73.1785,-38.938,GLY-186
-63.7086,-47.8287,ARG-187
-68.2959,-35.7098,ASP-188
-54.272,-52.6712,ARG-189
-64.5813,-28.4935,ARG-190
-62.4587,-43.1448,THR-191
-88.3341,-34.484,GLU-192
-66.7065,-8.29262,GLU-193
-55.9479,-51.9933,GLU-194
-81.4425,21.3357,ASN-195
-99.1978,154.179,LEU-196
-84.0638,-27.5063,ARG-197
-69.5454,139.002,LYS-198
-77.0983,141.748,LYS-199
-78.9521,-168.775,GLY-200
-90.3452,146.752,GLU-201
-70.1634,143.474,PRO-202
-157.11,162.837,HIS-203
-56.8457,120.078,HIS-204
-74.6338,-21.637,GLU-205
-86.2188,-38.5899,LEU-206
-66.4839,140.293,PRO-207
-76.5366,-174.318,PRO-208
-72.9889,147.567,GLY-209
-72.0208,162.38,SER-210
-51.4501,114.541,THR-211
-68.2979,132.095,LYS-212
67.6106,139.94,ARG-213
-61.5051,150.251,ALA-214
-79.7849,-30.9417,LEU-215
-60.0627,159.61,PRO-216
-94.7192,20.6407,ASN-217
-62.4796,106.448,ASN-218
-58.6564,144.43,SER-2
-60.3434,152.697,SER-3
-78.5455,132.036,VAL-4
-56.6507,123.418,PRO-5
-62.4219,144.66,SER-6
-94.542,-7.95439,GLN-7
-74.2357,121.842,LYS-8
-67.9822,140.811,THR-9
-158.934,127.048,TYR-10
-87.6679,-33.2796,GLN-11
61.1459,-157.774,GLY-12
-63.2416,-45.6423,SER-13
-66.7784,-21.7748,TYR-14
87.2937,24.2846,GLY-15
-73.4737,114.915,PHE-16
-136.701,165.322,ARG-17
-139.786,153.154,LEU-18
-143.024,172.775,GLY-19
-132.183,115.227,PHE-20
-84.8933,132.557,LEU-21
-88.5,135.707,HIS-22
-132.121,-14.4647,SER-23
120.344,-131.105,GLY-24
-134.098,-34.3483,THR-25
-57.293,155.927,ALA-26
-41.8627,-30.9727,LYS-27
-64.5296,-24.8507,SER-28
-73.5441,135.751,VAL-29
-90.1397,-36.0404,THR-30
-163.485,154.796,CYS-31
-150.627,153.169,THR-32
-134.53,132.48,TYR-33
-105.443,94.3883,SER-34
-65.1307,-35.6364,PRO-35
-63.9354,-20.3942,ALA-36
-109.93,-8.64332,LEU-37
55.2505,23.8465,ASN-38
-114.758,136.931,LYS-39
-118.756,149.288,MET-40
-136.863,119.508,PHE-41
-121.864,148.511,CYS-42
-96.0299,137.311,GLN-43
-63.7114,122.565,LEU-44
87.4128,-20.0736,ALA-45
-75.069,147.292,LYS-46
-75.2928,142.438,THR-47
-123.881,114.174,CYS-48
-84.9834,115.919,PRO-49
-108.214,125.041,VAL-50
-92.7427,141.134,GLN-51
-131.245,155.428,LEU-52
-146.018,156.496,TRP-53
-150.064,143.13,VAL-54
-97.2919,-5.83631,ASP-55
-157.531,149.796,SER-56
-64.6229,115.543,THR-57
-77.3807,161.447,PRO-58
-64.5891,168.753,PRO-59
-68.4539,133.201,PRO-60
104.508,24.6821,GLY-61
-94.8596,136.372,THR-62
-140.656,153.819,ARG-63
-104.326,131.024,VAL-64
-120.483,139.179,ARG-65
-130.99,133.384,ALA-66
-154.047,163.167,MET-67
-150.022,114.506,ALA-68
-88.0882,150.291,ILE-69
-107.463,119.286,TYR-70
-111.47,147.884,LYS-71
-136.318,179.614,GLN-72
-62.3475,3.87445,SER-73
-167.738,-43.1456,GLN-74
-95.5745,122.311,HIS-75
-130.979,-3.84713,MET-76
-98.6257,51.475,THR-77
-135.003,164.774,GLU-78
-119.485,144.683,VAL-79
-53.8277,138.656,VAL-80
-154.63,165.69,ARG-81
-68.3495,141.016,ARG-82
-69.9161,146.969,CYS-83
-47.1462,-41.3693,PRO-84
-74.987,-17.1703,HIS-85
-105.006,-14.553,HIS-86
-66.6129,-31.0353,GLU-87
-111.014,-12.1005,ARG-88
-55.401,154.403,CYS-89
-73.0198,-28.0287,SER-90
-55.0423,-28.6373,ASP-91
-84.5836,-7.94616,SER-92
-77.4427,145.587,ASP-93
147.468,-164.722,GLY-94
-64.6627,-50.0507,LEU-95
-68.4486,122.906,ALA-96
-53.9693,147.282,PRO-97
-63.7584,-20.9955,PRO-98
-86.3121,-11.3854,GLN-99
-83.1749,132.291,HIS-100
-94.1144,-34.8146,LEU-101
-88.0841,124.367,ILE-102
-137.77,165.536,ARG-103
-158.346,156.449,VAL-104
-139.467,-145.879,GLU-105
85.6056,-6.72777,GLY-106
-149.161,155.077,ASN-107
-58.5778,-49.172,LEU-108
-78.6795,149.529,ARG-109
175.786,114.502,VAL-110
-157.566,157.28,GLU-111
-112.309,111.89,TYR-112
-117.032,162.605,LEU-113
-86.7493,112.48,ASP-114
-46.7746,125.625,ASP-115
-80.9173,9.19658,ARG-116
-117.382,-14.2929,ASN-117
-136.996,-8.7877,THR-118
77.9701,-7.95766,PHE-119
-72.2845,118.34,ARG-120
-72.6537,129.59,HIS-121
-170.512,138.987,SER-122
-64.6186,132.152,VAL-123
-118.108,135.081,VAL-124
-138.382,151.02,VAL-125
-73.3104,156.304,PRO-126
-85.3756,139.99,TYR-127
-131.169,164.817,GLU-128
-60.4016,170.35,PRO-129
-46.0089,146.815,PRO-130
-81.2882,165.564,GLU-131
-58.4751,130.17,VAL-132
100.075,-4.36419,GLY-133
-124.654,145.692,SER-134
-73.9195,-28.1112,ASP-135
-151.927,148.097,CYS-136
-49.7804,144.013,THR-137
-147.513,152.272,THR-138
-122.047,147.181,ILE-139
-119.652,70.9585,HIS-140
-60.2373,178.235,TYR-141
-166.243,154.385,ASN-142
-143.146,170.965,TYR-143
-126.144,163.651,MET-144
-162.171,176.102,CYS-145
-146.94,118.859,ASN-146
-67.2443,-15.6931,SER-147
-87.41,-3.20336,SER-148
-70.7768,126.868,CYS-149
-61.579,-44.324,MET-150
88.7646,18.759,GLY-151
66.575,-150.947,GLY-152
-61.9528,-23.7454,ILE-153
-165.863,122.721,ASN-154
-53.5721,126.256,ARG-155
-155.396,148.596,ARG-156
-73.3482,169.819,PRO-157
-136.78,165.634,ILE-158
-152.097,122.376,LEU-159
-95.2393,141.517,THR-160
-113.415,136.269,ILE-161
-131.663,112.189,ILE-162
-124.578,142.077,THR-163
-95.5927,135.513,LEU-164
-135.278,139.546,GLU-165
-64.3274,145.59,ASP-166
-72.6665,-14.9992,SER-167
-59.573,-27.1762,SER-168
110.149,-7.18983,GLY-169
-69.9438,123.398,ASN-170
-69.9722,141.882,LEU-171
-113.169,-39.8905,LEU-172
-149.628,165.253,GLY-173
-150.942,151.91,ARG-174
-143.936,155.128,ASN-175
-147.929,145.499,SER-176
-148.485,155.918,PHE-177
-75.9007,144.522,GLU-178
-115.924,146.866,VAL-179
-143.552,125.611,ARG-180
-107.288,142.496,VAL-181
-154.136,-172.104,CYS-182
-89.1482,-24.0608,ALA-183
-151.25,92.5502,CYS-184
-71.6802,-9.62946,PRO-185
-80.5944,-31.692,GLY-186
-81.3299,-39.8918,ARG-187
-58.4769,-48.9551,ASP-188
-43.1022,-54.1884,ARG-189
-55.324,-45.1154,ARG-190
-51.6015,-32.8458,THR-191
-108.087,-34.1607,GLU-192
-70.2366,-3.60241,GLU-193
-41.9578,-45.0818,GLU-194
-86.4557,-3.19237,ASN-195
-75.4139,154.834,LEU-196
-98.3837,-36.8189,ARG-197
-82.1759,165.281,LYS-198
-79.9316,122.778,LYS-199
-79.7927,-166.577,GLY-200
-97.7566,156.454,GLU-201
-75.9573,161.991,PRO-202
-172.463,166.867,HIS-203
-54.4536,144.035,HIS-204
-106.111,-10.6506,GLU-205
-77.3057,-30.9484,LEU-206
-78.8266,134.974,PRO-207
-73.3283,177.04,PRO-208
-69.3866,174.857,GLY-209
-70.383,173.198,SER-210
-48.3677,130.439,THR-211
-66.5851,130.554,LYS-212
74.5678,131.995,ARG-213
-56.7814,163.024,ALA-214
-70.6777,-14.5721,LEU-215
-66.8687,136.022,PRO-216
-82.5832,52.836,ASN-217
-98.8699,132.022,ASN-218
-59.0188,145.549,SER-2
-126.766,116.121,SER-3
-62.6557,141.078,VAL-4
-52.6845,140.083,PRO-5
-80.4476,138.789,SER-6
-119.469,-14.2315,GLN-7
-61.7075,120.607,LYS-8
-59.671,138.468,THR-9
-163.359,158.099,TYR-10
-90.6296,-27.0275,GLN-11
74.1535,-160.157,GLY-12
-71.8495,-13.1948,SER-13
-99.6243,-17.4137,TYR-14
78.6443,36.0331,GLY-15
-76.8536,131.585,PHE-16
-147.926,163.944,ARG-17
-132.789,148.623,LEU-18
-153.024,172.04,GLY-19
-123.965,139.286,PHE-20
-69.4028,109.49,LEU-21
-75.1623,115.758,HIS-22
-128.787,1.11569,SER-23
96.3494,-148.546,GLY-24
-131.199,2.21308,THR-25
-56.0381,165.808,ALA-26
-61.9427,-23.1408,LYS-27
-80.6956,-10.6773,SER-28
-70.4631,119.82,VAL-29
-80.0005,-20.2376,THR-30
-160.925,155.986,CYS-31
-142.891,161.528,THR-32
-142.122,128.799,TYR-33
-107.809,110.845,SER-34
-75.0928,-14.8278,PRO-35
-67.177,-6.43566,ALA-36
-147.894,-3.95509,LEU-37
39.4499,49.2593,ASN-38
-124.326,110.797,LYS-39
-83.9417,125.964,MET-40
-113.984,119.25,PHE-41
-113.144,133.175,CYS-42
-67.876,127.802,GLN-43
-50.8964,139.976,LEU-44
65.9454,-29.6473,ALA-45
-66.8614,150.222,LYS-46
-87.9138,134.252,THR-47
-125.589,118.923,CYS-48
-77.471,122.006,PRO-49
-108.318,138.526,VAL-50
-112.821,142.512,GLN-51
-121.318,162.242,LEU-52
-156.796,156.789,TRP-53
-138.809,141.738,VAL-54
-84.3441,-34.5658,ASP-55
-88.3207,165.844,SER-56
-80.7559,123.136,THR-57
-76.7792,149.738,PRO-58
-49.8019,153.025,PRO-59
-67.8318,138.606,PRO-60
73.9241,3.77868,GLY-61
-45.9002,155.343,THR-62
-137.126,179.544,ARG-63
-136.607,142.618,VAL-64
-121.304,156.08,ARG-65
-139.152,125.945,ALA-66
-150.73,-178.125,MET-67
-177.539,116.907,ALA-68
-107.922,158.883,ILE-69
-120.529,79.9733,TYR-70
-69.356,134.297,LYS-71
-140.347,167.631,GLN-72
-57.665,11.4727,SER-73
-166.151,-10.965,GLN-74
-142.697,138.879,HIS-75
-130.716,-39.5617,MET-76
-87.6355,58.156,THR-77
-157.411,137.43,GLU-78
-108.441,163.478,VAL-79
-60.3835,124.256,VAL-80
-143.327,159.894,ARG-81
-65.7434,160.67,ARG-82
-56.8794,167.463,CYS-83
-78.2873,-45.8904,PRO-84
-51.1064,-23.2022,HIS-85
-93.2558,-35.5827,HIS-86
-66.0614,-28.9721,GLU-87
-80.8372,10.3856,ARG-88
-135.178,158.157,CYS-89
-64.6437,-12.4532,SER-90
-64.6972,-29.457,ASP-91
-102.72,13.9818,SER-92
-91.2449,132.088,ASP-93
162.669,-148.423,GLY-94
-78.8869,-39.1247,LEU-95
-60.6857,133.818,ALA-96
-59.2604,158.476,PRO-97
-55.0291,-24.1424,PRO-98
-80.6111,-36.4913,GLN-99
-75.1915,133.413,HIS-100
-80.6255,-54.7578,LEU-101
-72.8108,120.007,ILE-102
-123.593,165.642,ARG-103
-143.99,145.362,VAL-104
-133.742,-148.036,GLU-105
64.7907,-64.2854,GLY-106
-53.8844,141.484,ASN-107
-76.6511,-36.9663,LEU-108
-91.2643,131.846,ARG-109
-169.488,151.394,VAL-110
-170.839,137.384,GLU-111
-98.6332,124.35,TYR-112
-122.271,146.54,LEU-113
-77.7328,113.533,ASP-114
-46.4722,114.093,ASP-115
-43.5635,-52.3534,ARG-116
-69.3401,-67.6593,ASN-117
-90.3225,-13.0548,THR-118
79.2823,-3.43081,PHE-119
-58.0516,101.69,ARG-120
-58.1983,120.408,HIS-121
-162.031,143.2,SER-122
-50.807,137.607,VAL-123
-137.301,117.985,VAL-124
-120.823,151.305,VAL-125
-72.4803,149.616,PRO-126
-77.8154,144.156,TYR-127
-129.154,165.182,GLU-128
-78.9926,175.771,PRO-129
-67.0486,130.744,PRO-130
-60.5949,170.404,GLU-131
-67.791,123.451,VAL-132
89.624,-23.9642,GLY-133
-96.4087,159.72,SER-134
-89.6787,-21.5402,ASP-135
-157.635,157.573,CYS-136
-66.5087,108.822,THR-137
-104.926,120.069,THR-138
-95.1526,124.215,ILE-139
-101.649,86.4437,HIS-140
-77.6717,158.506,TYR-141
-149.323,150.055,ASN-142
-135.172,165.877,TYR-143
-143.767,176.558,MET-144
-169.947,179.775,CYS-145
-131.859,136.93,ASN-146
-66.2351,-18.7142,SER-147
-108.745,-2.03164,SER-148
-56.6921,137.013,CYS-149
-57.0783,-48.9924,MET-150
83.334,20.3616,GLY-151
71.8912,-157.954,GLY-152
-38.8641,-51.6097,ILE-153
-157.17,122.505,ASN-154
-50.1484,123.406,ARG-155
-144.931,160.374,ARG-156
-67.0327,157.879,PRO-157
-136.236,139.616,ILE-158
-129.257,141.474,LEU-159
-112.483,155.976,THR-160
-132.368,118.834,ILE-161
-105.329,111.916,ILE-162
-120.337,127.338,THR-163
-68.7221,138.182,LEU-164
-151.907,149.687,GLU-165
-81.3342,162.236,ASP-166
-59.655,-25.7293,SER-167
-79.3906,-3.71516,SER-168
97.2319,-7.70393,GLY-169
-72.5591,118.971,ASN-170
-61.9861,120.608,LEU-171
-100.101,-27.3172,LEU-172
-173.934,168.451,GLY-173
-153.408,150.654,ARG-174
-158.918,139.61,ASN-175
-144.204,151.75,SER-176
-157.043,149.615,PHE-177
-64.3948,144.168,GLU-178
-115.978,151.891,VAL-179
-153.266,136.772,ARG-180
-118.65,137.964,VAL-181
-162.721,178.926,CYS-182
-98.0829,-13.0844,ALA-183
-157.648,100.221,CYS-184
-48.1206,-36.9193,PRO-185
-50.7799,-60.7803,GLY-186
-65.2525,-48.1157,ARG-187
-65.916,-37.7481,ASP-188
-64.0004,-51.6597,ARG-189
-57.2262,-38.1066,ARG-190
-57.899,-34.0394,THR-191
-88.2171,-51.585,GLU-192
-69.1581,-2.4531,GLU-193
-57.1613,-41.9102,GLU-194
-100.353,16.4945,ASN-195
-87.635,144.642,LEU-196
-87.4975,-37.6558,ARG-197
-57.2719,168.374,LYS-198
-83.5659,141.945,LYS-199
-92.6767,156.73,GLY-200
-75.49,153.126,GLU-201
-73.25,161.329,PRO-202
-161.139,160.431,HIS-203
-62.1293,105.333,HIS-204
-62.8664,-27.0976,GLU-205
-74.3125,-51.466,LEU-206
-66.5329,159.858,PRO-207
-61.2747,166.601,PRO-208
-92.086,171.991,GLY-209
-90.1478,176.435,SER-210
-69.6483,130.93,THR-211
-67.4,134.565,LYS-212
70.705,141.733,ARG-213
-54.2521,142.613,ALA-214
-50.5271,-27.9781,LEU-215
-65.8593,140.322,PRO-216
-77.6331,21.4281,ASN-217
-53.5357,142.521,ASN-218
-82.1976,164.163,SER-2
-125.66,161.964,SER-3
-137.868,155.988,VAL-4
-84.7065,139.836,PRO-5
-81.3146,147.147,SER-6
-106.562,-8.97481,GLN-7
-50.3903,113.177,LYS-8
-84.6026,132.201,THR-9
-147.195,154.735,TYR-10
-101.417,-36.6525,GLN-11
57.6642,-158.141,GLY-12
-76.1913,-13.9902,SER-13
-87.1928,-14.6403,TYR-14
80.8358,13.9367,GLY-15
-50.6972,102.312,PHE-16
-137.363,130.42,ARG-17
-85.6988,130.657,LEU-18
-132.962,-178.134,GLY-19
-132.806,153.548,PHE-20
-92.7353,122.417,LEU-21
-96.9361,114.813,HIS-22
-113.592,-7.2055,SER-23
110.599,-134.926,GLY-24
-126.895,-4.68867,THR-25
-52.8358,158.05,ALA-26
-62.96,-8.62632,LYS-27
-80.3401,-6.89284,SER-28
-85.3847,141.829,VAL-29
-88.7516,-31.1482,THR-30
-168.016,151.223,CYS-31
-157.392,144.547,THR-32
-123.78,136.087,TYR-33
-94.6038,105.901,SER-34
-59.548,-37.1731,PRO-35
-64.6163,-11.4386,ALA-36
-117.078,-31.7521,LEU-37
67.2414,33.4875,ASN-38
-117.216,121.28,LYS-39
-107.147,139.394,MET-40
-123.411,118.069,PHE-41
-123.753,150.326,CYS-42
-88.8651,138.568,GLN-43
-59.8827,128.198,LEU-44
74.8177,-24.9316,ALA-45
-61.5678,152.95,LYS-46
-79.5662,134.534,THR-47
-132.634,99.2932,CYS-48
-64.7984,146.202,PRO-49
-133.427,145.837,VAL-50
-119.24,150.037,GLN-51
-137.051,138.48,LEU-52
-113.965,154.435,TRP-53
-124.069,129.549,VAL-54
-82.4889,-10.1968,ASP-55
-152.595,128.518,SER-56
-77.0906,132.172,THR-57
-78.8764,165.066,PRO-58
-45.8344,158.209,PRO-59
-69.2439,136.114,PRO-60
84.9774,6.29447,GLY-61
-60.0849,153.444,THR-62
-149.44,153.755,ARG-63
-114.977,135.434,VAL-64
-106.62,150.789,ARG-65
-127.383,145.338,ALA-66
-155.293,159.671,MET-67
-131.351,114.609,ALA-68
-106.326,143.368,ILE-69
-104.283,101.279,TYR-70
-70.772,132.06,LYS-71
-135.642,158.535,GLN-72
-63.9982,-7.1429,SER-73
-132.182,4.15234,GLN-74
-165.092,118.75,HIS-75
-105.04,-39.8598,MET-76
-73.3021,70.3071,THR-77
-152.79,147.851,GLU-78
-112.135,155.125,VAL-79
-77.7311,134.438,VAL-80
-151.152,160.9,ARG-81
-70.6744,157.591,ARG-82
-69.8944,153.001,CYS-83
-61.7997,-43.8997,PRO-84
-59.4247,-42.4885,HIS-85
-60.2319,-42.2818,HIS-86
-58.164,-57.5191,GLU-87
-84.3371,40.5483,ARG-88
-131.702,153.004,CYS-89
-57.7573,-15.7621,SER-90
-62.6191,-28.9922,ASP-91
-97.8581,2.80945,SER-92
-87.6406,125.983,ASP-93
171.059,-166.598,GLY-94
-59.6512,-47.3652,LEU-95
-64.8231,136.359,ALA-96
-51.1224,134.953,PRO-97
-45.5432,-23.5983,PRO-98
-76.6969,-29.5739,GLN-99
-71.8802,125.16,HIS-100
-66.2667,-62.043,LEU-101
-77.7385,128.156,ILE-102
-131.897,168.473,ARG-103
-135.829,156.652,VAL-104
-134.896,-174.499,GLU-105
79.7202,37.0889,GLY-106
-160.539,138.342,ASN-107
-48.7432,-31.2423,LEU-108
-138.8,139.485,ARG-109
-166.69,126.21,VAL-110
-172.108,157.444,GLU-111
-89.1781,110.699,TYR-112
-119.485,145.104,LEU-113
-65.5351,115.822,ASP-114
-47.2165,121.054,ASP-115
-60.5273,-23.7847,ARG-116
-97.6388,-26.3568,ASN-117
-136.372,7.53712,THR-118
66.7504,16.5878,PHE-119
-74.7444,118.192,ARG-120
-92.0614,104.022,HIS-121
-159.135,142.181,SER-122
-56.7354,124.123,VAL-123
-116.776,133.071,VAL-124
-128.917,153.371,VAL-125
-68.0654,155.099,PRO-126
-106.076,120.634,TYR-127
-101.009,149.578,GLU-128
-62.2266,157.089,PRO-129
-51.7017,160.865,PRO-130
-71.2708,142.661,GLU-131
-64.2956,132.716,VAL-132
77.7884,-6.77952,GLY-133
-108.443,-159.798,SER-134
-131.102,-3.72677,ASP-135
-145.926,177.707,CYS-136
-105.553,127.687,THR-137
-106.493,128.236,THR-138
-105.328,131.153,ILE-139
-112.006,85.8778,HIS-140
-80.7731,164.858,TYR-141
-157.233,153.094,ASN-142
-146.534,-175.95,TYR-143
-152.594,167.331,MET-144
-177.869,166.475,CYS-145
-147.579,131.304,ASN-146
-61.5441,-39.0458,SER-147
-69.5725,20.5938,SER-148
-93.1792,131.308,CYS-149
-70.2316,-39.9524,MET-150
71.5174,34.8104,GLY-151
44.1405,-118.001,GLY-152
-96.6132,-15.9304,ILE-153
-167.448,113.801,ASN-154
-69.531,134.723,ARG-155
-149.972,172.69,ARG-156
-85.2035,-177.572,PRO-157
-154.34,138.651,ILE-158
-120.21,152.839,LEU-159
-115.397,136.388,THR-160
-113.414,112.72,ILE-161
-114.583,125.384,ILE-162
-130.607,126.968,THR-163
-79.8549,136.582,LEU-164
-146.711,153.717,GLU-165
-79.44,163.383,ASP-166
-52.7264,-23.4458,SER-167
-71.273,-15.4191,SER-168
77.5847,4.78487,GLY-169
-63.7038,132.373,ASN-170
-67.8176,125.323,LEU-171
-111.073,-32.5898,LEU-172
-158.965,168.027,GLY-173
-146.086,145.876,ARG-174
-151.604,138.148,ASN-175
-135.371,151.342,SER-176
-146.355,159.546,PHE-177
-97.9533,128.728,GLU-178
-113.381,140.695,VAL-179
-148.415,117.81,ARG-180
-107.603,147.219,VAL-181
-171.068,-174.516,CYS-182
-88.8808,-34.251,ALA-183
-138.552,103.401,CYS-184
-66.0928,-28.5625,PRO-185
-66.3927,-38.8996,GLY-186
-66.2277,-55.247,ARG-187
-55.8253,-43.3981,ASP-188
-49.7674,-58.5789,ARG-189
-56.5526,-37.1137,ARG-190
-60.9049,-33.8455,THR-191
-85.6368,-46.1026,GLU-192
-71.0453,-16.5913,GLU-193
-47.4471,-42.0118,GLU-194
-86.0834,38.036,ASN-195
-118.303,140.096,LEU-196
-69.9559,-48.3655,ARG-197
-61.1429,151.67,LYS-198
-55.5112,131.449,LYS-199
-93.1824,161.163,GLY-200
-78.6122,145.179,GLU-201
-70.7783,150.904,PRO-202
-159.849,139.36,HIS-203
-61.9583,121.57,HIS-204
-83.2553,-23.1575,GLU-205
-55.9213,-57.2163,LEU-206
-73.9048,169.846,PRO-207
-88.0439,165.703,PRO-208
-84.6217,174.669,GLY-209
-75.298,-173.099,SER-210
-86.8093,157.376,THR-211
-77.984,148.265,LYS-212
46.5467,148.867,ARG-213
-48.8385,152.912,ALA-214
-77.2381,-20.6688,LEU-215
-61.7291,154.246,PRO-216
-69.948,9.49757,ASN-217
-60.3901,119.932,ASN-218
-60.8603,132.697,SER-2
-103.699,139.397,SER-3
-62.4212,156.676,VAL-4
-60.8099,114.831,PRO-5
-66.3163,142.743,SER-6
-84.3752,-2.54152,GLN-7
-56.4456,116.799,LYS-8
-81.4841,134.884,THR-9
-152.902,140.432,TYR-10
-85.8279,-23.0385,GLN-11
72.5236,-172.881,GLY-12
-74.2792,8.98573,SER-13
-114.238,-8.26371,TYR-14
68.5784,23.1878,GLY-15
-58.3653,95.4752,PHE-16
-109.441,165.024,ARG-17
-131.719,143.852,LEU-18
-149.25,-164.143,GLY-19
-138.768,143.813,PHE-20
-76.1707,116.699,LEU-21
-76.4409,132.736,HIS-22
-119.556,-3.92789,SER-23
117.968,-148.346,GLY-24
-129.539,-3.11108,THR-25
-46.9655,161.483,ALA-26
-67.7181,-30.1686,LYS-27
-59.8624,-22.3107,SER-28
-61.6833,128.395,VAL-29
-70.5844,-29.2871,THR-30
176.038,171.611,CYS-31
-164.898,150.69,THR-32
-116.705,145.945,TYR-33
-116.478,104.571,SER-34
-71.3953,-14.2526,PRO-35
-64.8157,-27.2885,ALA-36
-116.925,-16.0801,LEU-37
49.2593,46.192,ASN-38
-117.319,126.554,LYS-39
-94.9417,142.03,MET-40
-127.805,101.862,PHE-41
-105.467,138.939,CYS-42
-68.6372,149.256,GLN-43
-62.3507,134.894,LEU-44
59.1049,-19.3354,ALA-45
-60.378,160.472,LYS-46
-85.7094,124.725,THR-47
-106.828,102.616,CYS-48
-76.5856,118.098,PRO-49
-111.895,128.923,VAL-50
-118.801,144.599,GLN-51
-126.965,147.895,LEU-52
-133.663,140.851,TRP-53
-144.595,168.924,VAL-54
-114.633,-30.3579,ASP-55
-129.181,123.771,SER-56
-62.226,116.105,THR-57
-50.6662,154.976,PRO-58
-65.5776,160.687,PRO-59
-74.1128,139.156,PRO-60
90.3344,1.81414,GLY-61
-62.4361,150.284,THR-62
-145.751,147.075,ARG-63
-103.071,152.53,VAL-64
-135.182,164.204,ARG-65
-151.361,129.997,ALA-66
-131.888,147.078,MET-67
-119.174,124.416,ALA-68
-93.261,146.798,ILE-69
-99.7527,110.636,TYR-70
-100.756,141.425,LYS-71
-144.946,159.635,GLN-72
-61.1709,14.2289,SER-73
-155.62,-43.507,GLN-74
-116.673,122.248,HIS-75
-108.029,-11.1087,MET-76
-117.628,32.5204,THR-77
-92.0232,145.762,GLU-78
-82.7982,149.398,VAL-79
-52.6465,124.31,VAL-80
-130.33,162.689,ARG-81
-64.9685,166.481,ARG-82
-77.1506,141.23,CYS-83
-54.5434,-33.8942,PRO-84
-70.9238,-35.1374,HIS-85
-79.4458,-30.4386,HIS-86
-47.0212,-57.8194,GLU-87
-91.4613,98.2788,ARG-88
-172.438,153.631,CYS-89
-49.5777,-36.5869,SER-90
-73.9264,-18.5656,ASP-91
-94.2097,-12.9484,SER-92
-84.2881,-178.396,ASP-93
124.223,-141.821,GLY-94
-50.3497,-45.344,LEU-95
-76.6469,134.249,ALA-96
-57.7089,133.681,PRO-97
-59.8348,-38.8974,PRO-98
-56.0169,-51.4182,GLN-99
-55.1256,128.765,HIS-100
-83.4372,-49.7179,LEU-101
-77.1779,125.16,ILE-102
-136.737,-174.336,ARG-103
-162.617,144.777,VAL-104
-131.855,176.047,GLU-105
86.4518,-50.9502,GLY-106
-43.7707,129.323,ASN-107
-39.6278,-36.6262,LEU-108
-125.715,149.635,ARG-109
-170.28,135.415,VAL-110
-167.682,151.075,GLU-111
-104.622,119.916,TYR-112
-109.722,161.162,LEU-113
-87.2673,112.342,ASP-114
-46.5193,129.803,ASP-115
-66.3076,-36.898,ARG-116
-89.6359,-43.7634,ASN-117
-111.705,-4.93672,THR-118
68.4033,9.50665,PHE-119
-68.0065,117.503,ARG-120
-61.5333,127.479,HIS-121
-163.671,146.651,SER-122
-60.391,128.994,VAL-123
-131.108,129.65,VAL-124
-124.876,159.447,VAL-125
-65.3915,159.814,PRO-126
-93.0062,99.632,TYR-127
-78.9966,155.981,GLU-128
-66.7219,172.158,PRO-129
-67.3111,139.518,PRO-130
-50.8635,162.186,GLU-131
-65.3024,119.342,VAL-132
101.915,-16.8255,GLY-133
-78.387,154.139,SER-134
-102.641,-11.2693,ASP-135
-152.601,151.89,CYS-136
-62.7343,154.337,THR-137
-136.447,146.976,THR-138
-121.402,125.99,ILE-139
-82.3601,75.4763,HIS-140
-71.7765,160.965,TYR-141
-152.167,145.682,ASN-142
-134.385,-170.645,TYR-143
-153.782,145.68,MET-144
-135.772,161.921,CYS-145
-136.509,132.536,ASN-146
-96.6226,-12.0978,SER-147
-81.2031,0.919122,SER-148
-73.8665,138.592,CYS-149
-62.2881,-64.4031,MET-150
104.661,14.6621,GLY-151
66.2376,-134.398,GLY-152
-78.4595,-24.6943,ILE-153
-168.066,118.581,ASN-154
-47.7339,123.353,ARG-155
-155.63,158.234,ARG-156
-83.3626,160.662,PRO-157
-143.026,153.273,ILE-158
-149.704,131.819,LEU-159
-101.086,141.49,THR-160
-117.253,111.003,ILE-161
-89.5528,124.059,ILE-162
-116.232,132.476,THR-163
-84.423,136.943,LEU-164
-155.073,168.845,GLU-165
-92.2394,166.351,ASP-166
-57.9291,-25.1419,SER-167
-74.6928,-18.9026,SER-168
100.652,-2.03909,GLY-169
-61.8647,122.56,ASN-170
-56.4004,123.973,LEU-171
-110.508,-29.3659,LEU-172
-167.255,159.047,GLY-173
-148.722,146.431,ARG-174
-153.986,137.004,ASN-175
-135.789,138.537,SER-176
-151.225,149.163,PHE-177
-82.8092,158.049,GLU-178
-138.797,137.141,VAL-179
-140.367,124.321,ARG-180
-97.252,159.696,VAL-181
-170.556,174.114,CYS-182
-80.2217,-24.6012,ALA-183
-151.256,82.9659,CYS-184
-62.8733,-7.5316,PRO-185
-74.5376,-44.6822,GLY-186
-47.0091,-53.3814,ARG-187
-82.1492,-39.8257,ASP-188
-54.9414,-47.0638,ARG-189
-64.7715,-38.6738,ARG-190
-59.5674,-27.331,THR-191
-94.5065,-33.8327,GLU-192
-79.2321,-18.8141,GLU-193
-44.0981,-29.1301,GLU-194
-109.275,3.95236,ASN-195
-58.4361,141.736,LEU-196
-78.233,-39.4842,ARG-197
-60.897,170.665,LYS-198
-69.1533,149.409,LYS-199
-113.794,-159.735,GLY-200
-107.441,154.287,GLU-201
-62.1495,157.076,PRO-202
-155.023,161.305,HIS-203
-65.7604,131.079,HIS-204
-85.5237,-37.6514,GLU-205
-50.1517,-60.9279,LEU-206
-89.865,172.184,PRO-207
-81.0294,157.805,PRO-208
-73.6436,-161.618,GLY-209
-92.2753,167.729,SER-210
-68.2892,151.71,THR-211
-79.1129,125.228,LYS-212
67.8428,147.781,ARG-213
-60.7,151.038,ALA-214
-62.2559,-46.4771,LEU-215
-48.09,136.96,PRO-216
-76.903,19.6548,ASN-217
-60.3366,131.868,ASN-218
-66.6438,150.491,SER-2
-120.156,160.086,SER-3
-82.5431,150.784,VAL-4
-51.2398,126.484,PRO-5
-73.8929,144.824,SER-6
-82.698,10.8514,GLN-7
-68.7353,104.795,LYS-8
-58.4275,138.434,THR-9
-163.094,154.266,TYR-10
-104.628,-37.5443,GLN-11
71.4225,-179.959,GLY-12
-77.8278,6.69661,SER-13
-74.6328,-31.4057,TYR-14
66.1228,47.4252,GLY-15
-67.323,118.094,PHE-16
-138.716,-177.573,ARG-17
-147.659,162.34,LEU-18
-166.191,172.766,GLY-19
-117.256,150.595,PHE-20
-75.794,121.718,LEU-21
-60.0869,158.832,HIS-22
-169.241,-39.1887,SER-23
101.573,-139.627,GLY-24
-129.408,-0.0940264,THR-25
-67.1411,159.968,ALA-26
-66.3136,-17.1433,LYS-27
-66.4078,-20.4395,SER-28
-72.5028,130.721,VAL-29
-85.1233,-32.2511,THR-30
-172.124,155.073,CYS-31
-167.738,154.715,THR-32
-141.833,136.871,TYR-33
-101.545,105.813,SER-34
-59.9924,-44.4784,PRO-35
-54.2897,-34.2247,ALA-36
-90.9226,-15.6111,LEU-37
62.5829,35.5614,ASN-38
-129.425,131.591,LYS-39
-100.277,131.944,MET-40
-118.71,121.686,PHE-41
-118.307,136.33,CYS-42
-76.9853,140.148,GLN-43
-55.7211,139.648,LEU-44
76.4922,-41.191,ALA-45
-61.2182,153.426,LYS-46
-87.7884,127.394,THR-47
-113.098,103.364,CYS-48
-72.8072,116.231,PRO-49
-115.466,133.463,VAL-50
-117.982,149.276,GLN-51
-134.508,156.36,LEU-52
-145.184,163.799,TRP-53
-142.06,133.463,VAL-54
-80.6171,-14.3927,ASP-55
-152.494,116.831,SER-56
-57.9198,134.489,THR-57
-79.4869,166.193,PRO-58
-48.241,164.108,PRO-59
-67.0677,168.541,PRO-60
72.8213,-11.7538,GLY-61
-63.4255,138.956,THR-62
-140.23,143.975,ARG-63
-96.6349,136.171,VAL-64
-118.563,144.669,ARG-65
-130.085,158.941,ALA-66
-179.395,155.134,MET-67
-143.495,123.653,ALA-68
-92.3577,147.151,ILE-69
-108.949,89.0343,TYR-70
-80.2308,152.735,LYS-71
-152.617,152.917,GLN-72
-63.7819,0.312598,SER-73
-143.547,10.7808,GLN-74
-162.301,114.636,HIS-75
-81.3007,-36.2517,MET-76
-88.3808,70.3627,THR-77
-149.143,159.833,GLU-78
-115.173,152.838,VAL-79
-55.2696,130.369,VAL-80
-153.307,153.86,ARG-81
-77.6873,171.887,ARG-82
-70.1643,143.444,CYS-83
-47.0948,-51.6568,PRO-84
-59.391,-14.8519,HIS-85
-104.539,-17.1039,HIS-86
-63.2551,-51.7317,GLU-87
-81.1617,-5.88759,ARG-88
-56.4342,133.217,CYS-89
-64.9412,-24.3956,SER-90
-50.7024,-29.4345,ASP-91
-79.036,-14.5083,SER-92
-87.5021,147.703,ASP-93
172.603,-133.54,GLY-94
-75.4026,-38.7069,LEU-95
-67.9135,128.822,ALA-96
-61.5102,149.275,PRO-97
-76.9042,-9.4808,PRO-98
-64.8709,-38.5084,GLN-99
-66.6776,136.819,HIS-100
-105.956,-47.9997,LEU-101
-71.4684,117.781,ILE-102
-132.955,161.581,ARG-103
-147.027,157.497,VAL-104
-159.418,172.903,GLU-105
67.3643,16.1177,GLY-106
-103.3,130.684,ASN-107
-55.6581,-20.9123,LEU-108
-128.596,134.539,ARG-109
-163.209,132.066,VAL-110
-152.67,-170.522,GLU-111
-121.433,139.393,TYR-112
-149.805,148.102,LEU-113
-75.6924,130.593,ASP-114
-54.8669,133.04,ASP-115
-79.9504,-32.9596,ARG-116
-83.6887,-40.1877,ASN-117
-113.191,6.27535,THR-118
71.3794,-3.43123,PHE-119
-72.0379,110.963,ARG-120
-43.462,117.146,HIS-121
-157.17,146.365,SER-122
-73.6726,146.501,VAL-123
-144.884,138.804,VAL-124
-157.953,154.205,VAL-125
-75.7094,164.743,PRO-126
-94.0023,121.929,TYR-127
-120.22,155.337,GLU-128
-74.7849,164.255,PRO-129
-46.1389,160.011,PRO-130
-80.6859,163.302,GLU-131
-55.8649,124.524,VAL-132
65.5488,8.599,GLY-133
-108.408,154.089,SER-134
-103.816,-14.4927,ASP-135
-124.966,162.925,CYS-136
-78.2886,130.103,THR-137
-131.072,129.367,THR-138
-114.205,130.071,ILE-139
-96.0307,97.7839,HIS-140
-69.3774,161.058,TYR-141
-144.201,168.744,ASN-142
-158.395,-176.457,TYR-143
-171.625,160.569,MET-144
-161.875,155.454,CYS-145
-114.737,140.986,ASN-146
-94.6949,-25.0939,SER-147
-71.513,22.3581,SER-148
-91.1691,127.736,CYS-149
-70.0118,-38.9639,MET-150
104.152,21.5283,GLY-151
59.4534,-123.246,GLY-152
-88.3098,-28.2177,ILE-153
-164.777,137.551,ASN-154
-64.7712,121.701,ARG-155
-148.963,159.682,ARG-156
-61.9968,156.286,PRO-157
-134.557,142.098,ILE-158
-121.324,145.841,LEU-159
-111.984,135.435,THR-160
-95.9706,128.071,ILE-161
-103.211,127.618,ILE-162
-121.937,140.214,THR-163
-88.4678,133.876,LEU-164
-142.596,163.264,GLU-165
-71.7434,156.062,ASP-166
-57.749,-23.0463,SER-167
-79.5769,-15.5988,SER-168
114.413,-18.7636,GLY-169
-40.6996,108.276,ASN-170
-48.1464,126.29,LEU-171
-111.307,-14.5254,LEU-172
-179.818,174.494,GLY-173
-159.658,146.974,ARG-174
-151.967,138.683,ASN-175
-129.365,162.914,SER-176
-163.587,159.503,PHE-177
-101.725,143.605,GLU-178
-121.173,119.78,VAL-179
-125.558,126.78,ARG-180
-117.558,133.633,VAL-181
-154.77,-178.666,CYS-182
-86.2803,-42.495,ALA-183
-118.057,82.9815,CYS-184
-59.9417,-27.908,PRO-185
-72.943,-46.2129,GLY-186
-57.1891,-58.6194,ARG-187
-54.2741,-38.4658,ASP-188
-61.0267,-62.4041,ARG-189
-47.2255,-40.3673,ARG-190
-54.5769,-29.0171,THR-191
-99.0438,-40.5623,GLU-192
-72.1569,-6.54031,GLU-193
-61.2235,-35.9421,GLU-194
-93.5358,2.27933,ASN-195
-75.1951,127.381,LEU-196
-59.62,-47.3083,ARG-197
-71.6904,179.898,LYS-198
-81.7042,131.033,LYS-199
-88.7924,177.408,GLY-200
-75.4037,141.059,GLU-201
-78.5398,108.228,PRO-202
-93.7833,152.946,HIS-203
-38.038,127.725,HIS-204
-96.4579,-10.7057,GLU-205
-80.2039,-44.6393,LEU-206
-80.0383,157.313,PRO-207
-64.496,152.315,PRO-208
-74.2501,169.625,GLY-209
-72.5648,-163.557,SER-210
-74.3486,140.184,THR-211
-86.5082,136.199,LYS-212
66.5888,150.516,ARG-213
-77.1666,150.728,ALA-214
-62.143,-28.2079,LEU-215
-57.7798,143.389,PRO-216
-78.1593,17.9565,ASN-217
-61.241,131.57,ASN-218
-52.7683,125.453,SER-2
-94.003,167.173,SER-3
-80.2679,144.505,VAL-4
-58.3498,147.455,PRO-5
-77.6952,114.191,SER-6
-84.1091,-2.12622,GLN-7
-51.9877,136.877,LYS-8
-85.9382,151.554,THR-9
-173.382,168.482,TYR-10
-124.309,-15.8582,GLN-11
80.119,-144.191,GLY-12
-88.5268,-10.4703,SER-13
-102.166,-15.662,TYR-14
64.34,32.6527,GLY-15
-62.9183,138.015,PHE-16
-157.436,176.534,ARG-17
-141.289,149.574,LEU-18
-162.052,-158.584,GLY-19
-162.979,142.956,PHE-20
-98.0371,137.958,LEU-21
-86.2114,133.33,HIS-22
-147.431,-4.11156,SER-23
89.6791,-127.074,GLY-24
-131.703,-14.2882,THR-25
-69.5785,162.216,ALA-26
-53.7204,-13.4715,LYS-27
-78.0838,-30.6677,SER-28
-63.8845,133.036,VAL-29
-85.6031,-30.199,THR-30
-163.558,153.118,CYS-31
-159.992,153.807,THR-32
-156.037,152.033,TYR-33
-128.392,110.435,SER-34
-68.9982,-26.4576,PRO-35
-64.705,-21.1119,ALA-36
-110.949,-11.3934,LEU-37
38.3592,61.2761,ASN-38
-138.044,121.923,LYS-39
-103.552,134.169,MET-40
-119.041,143.479,PHE-41
-157.369,144.552,CYS-42
-92.608,124.48,GLN-43
-53.2878,133.554,LEU-44
76.4917,-1.7004,ALA-45
-104.828,170.566,LYS-46
-74.6978,126.288,THR-47
-113.826,115.232,CYS-48
-83.8213,125.908,PRO-49
-98.6099,136.37,VAL-50
-104.54,148.848,GLN-51
-146.642,148.367,LEU-52
-143.953,163.841,TRP-53
-147.587,156.421,VAL-54
-86.1454,-30.2442,ASP-55
-147.903,118.465,SER-56
-49.5591,128.386,THR-57
-72.0377,160.211,PRO-58
-81.0011,165.077,PRO-59
-59.2093,128.102,PRO-60
101.192,-9.16538,GLY-61
-52.1723,131.669,THR-62
-135.472,137.399,ARG-63
-100.942,124.249,VAL-64
-99.9867,147.399,ARG-65
-128.04,148.952,ALA-66
-148.128,173.863,MET-67
-161.884,134.08,ALA-68
-108.074,144.572,ILE-69
-104.424,92.4719,TYR-70
-76.2382,124.991,LYS-71
-117.352,-177.305,GLN-72
-68.7525,-0.583063,SER-73
-154.423,-37.7257,GLN-74
-98.0081,124.482,HIS-75
-112.649,-14.3973,MET-76
-82.4994,66.6702,THR-77
-161.709,149.991,GLU-78
-90.1596,163.378,VAL-79
-70.0123,127.277,VAL-80
-142.123,155.94,ARG-81
-62.1566,146.556,ARG-82
-51.7019,145.555,CYS-83
-64.2884,-31.4689,PRO-84
-72.4243,-21.5134,HIS-85
-93.6354,-33.2133,HIS-86
-47.6912,-63.2234,GLU-87
-79.6846,19.2102,ARG-88
-99.571,150.5,CYS-89
-54.4328,-26.1939,SER-90
-65.8022,-22.4687,ASP-91
-79.8945,-10.307,SER-92
-99.9511,146.264,ASP-93
167.774,-141.29,GLY-94
-61.9021,-28.8869,LEU-95
-108.137,162.114,ALA-96
-65.9827,138.421,PRO-97
-72.2763,-5.44729,PRO-98
-75.3768,-37.3878,GLN-99
-64.1066,118.95,HIS-100
-68.8616,-54.4312,LEU-101
-84.1284,135.511,ILE-102
-141.565,168.611,ARG-103
-131.596,143.406,VAL-104
-123.047,-172.425,GLU-105
68.9964,-42.7645,GLY-106
-51.743,134.302,ASN-107
-78.0075,-7.46325,LEU-108
-149.537,86.5241,ARG-109
-112.062,144.805,VAL-110
-167.406,179.209,GLU-111
-122.389,123.443,TYR-112
-120.089,175.416,LEU-113
-75.5321,140.364,ASP-114
-61.7363,115.448,ASP-115
-61.1352,-28.833,ARG-116
-74.6603,-42.2538,ASN-117
-127.558,-18.3216,THR-118
82.1187,15.4245,PHE-119
-69.5308,113.723,ARG-120
-61.5313,111.64,HIS-121
-145.523,141.919,SER-122
-67.8515,142.937,VAL-123
-139.061,128.41,VAL-124
-130.695,150.415,VAL-125
-65.1767,159.502,PRO-126
-84.5261,120.127,TYR-127
-101.217,158.002,GLU-128
-68.0403,157.585,PRO-129
-65.5157,153.601,PRO-130
-64.4032,153.23,GLU-131
-72.7798,130.695,VAL-132
80.3906,-25.9978,GLY-133
-71.8095,147.456,SER-134
-87.4025,-9.71954,ASP-135
-142.349,149.877,CYS-136
-60.8705,154.974,THR-137
-129.82,134.281,THR-138
-113.334,139.427,ILE-139
-97.691,80.5432,HIS-140
-52.6448,156.054,TYR-141
-151.019,140.679,ASN-142
-132.361,164.819,TYR-143
-151.485,157.501,MET-144
-159.383,162.023,CYS-145
-98.2585,110.134,ASN-146
-73.8389,-9.06738,SER-147
-97.7602,4.0889,SER-148
-51.1214,147.06,CYS-149
-74.7472,-50.4949,MET-150
89.3651,23.6958,GLY-151
73.2649,-133.637,GLY-152
-89.6524,-27.2222,ILE-153
-158.429,129.768,ASN-154
-63.0367,125.363,ARG-155
-152.819,151.239,ARG-156
-57.5386,176.178,PRO-157
-140.935,151.088,ILE-158
-140.281,120.688,LEU-159
-106.33,153.562,THR-160
-126.547,120.837,ILE-161
-103.973,122.416,ILE-162
-133.036,134.136,THR-163
-85.1481,111.602,LEU-164
-117.861,144.547,GLU-165
-51.6875,161.023,ASP-166
-63.3842,-5.42938,SER-167
-86.9562,-10.6132,SER-168
91.8846,-16.3974,GLY-169
-55.3821,125.334,ASN-170
-70.6248,127.04,LEU-171
-107.725,-32.2295,LEU-172
-168.247,156.158,GLY-173
-159.448,142.485,ARG-174
-156.218,169.228,ASN-175
-172.312,153.015,SER-176
-161.941,157.803,PHE-177
-79.418,138.84,GLU-178
-109.324,145.407,VAL-179
-149.7,108.968,ARG-180
-82.7591,147.837,VAL-181
-167.462,176.875,CYS-182
-81.2468,-35.8131,ALA-183
-139.186,105.169,CYS-184
-66.2399,-31.8285,PRO-185
-70.9335,-35.7956,GLY-186
-71.6504,-47.6877,ARG-187
-60.3905,-37.9085,ASP-188
-62.2403,-51.6301,ARG-189
-59.0049,-35.034,ARG-190
-59.1188,-49.0881,THR-191
-80.7544,-40.3029,GLU-192
-67.1756,-11.8294,GLU-193
-62.9659,-13.4427,GLU-194
-121.881,18.7483,ASN-195
-80.5244,170.346,LEU-196
-99.3927,-25.4833,ARG-197
-50.8055,163.884,LYS-198
-95.0683,149.267,LYS-199
-91.5815,174.336,GLY-200
-74.6234,144.451,GLU-201
-75.5945,160.588,PRO-202
-168.512,157.491,HIS-203
-61.2052,129.141,HIS-204
-91.8062,-22.0796,GLU-205
-62.5828,-65.3258,LEU-206
-71.8708,165.496,PRO-207
-98.0129,166.499,PRO-208
-71.4563,-177.934,GLY-209
-77.9971,177.834,SER-210
-64.9296,127.454,THR-211
-60.2428,120.764,LYS-212
84.1723,159.751,ARG-213
-72.6038,153.869,ALA-214
-69.9814,-25.8639,LEU-215
-82.1931,151.03,PRO-216
-83.7955,30.8126,ASN-217
-51.5739,136.962,ASN-218
-92.2376,177.525,SER-2
-96.6242,164.697,SER-3
-71.1221,160.734,VAL-4
-70.2912,143.09,PRO-5
-77.8813,145.458,SER-6
-99.422,-16.1029,GLN-7
-36.9964,100.302,LYS-8
-60.0477,129.943,THR-9
-147.451,168.481,TYR-10
-111.146,-26.703,GLN-11
60.6634,-162.974,GLY-12
-81.6798,-23.371,SER-13
-71.7322,-31.1688,TYR-14
91.776,35.4464,GLY-15
-72.8095,119.23,PHE-16
-148.735,160.901,ARG-17
-130.264,143.1,LEU-18
-148.787,-174.036,GLY-19
-135.028,149.799,PHE-20
-80.4363,117.231,LEU-21
-89.3074,102.219,HIS-22
-103.121,-5.81441,SER-23
88.3378,-166.005,GLY-24
-121.067,1.6262,THR-25
-63.4258,151.827,ALA-26
-49.5628,-31.6881,LYS-27
-88.0217,-21.5178,SER-28
-57.5024,122.886,VAL-29
-71.4161,-31.8336,THR-30
-165.3,165.039,CYS-31
-159.113,155.798,THR-32
-150.495,127.796,TYR-33
-115.593,99.9434,SER-34
-60.6041,-15.9129,PRO-35
-80.2325,-33.6345,ALA-36
-86.6905,-20.4101,LEU-37
69.139,21.0127,ASN-38
-106.517,125.148,LYS-39
-86.1156,147.109,MET-40
-129.609,116.395,PHE-41
-113.536,127.833,CYS-42
-75.089,133.853,GLN-43
-49.9537,121.045,LEU-44
72.1429,-9.85521,ALA-45
-66.9979,153.299,LYS-46
-80.024,126.787,THR-47
-119.864,105.9,CYS-48
-80.8752,137.124,PRO-49
-130.617,141.587,VAL-50
-113.857,148.426,GLN-51
-142.184,132.998,LEU-52
-128.512,156.741,TRP-53
-131.185,149.632,VAL-54
-77.3547,-30.9007,ASP-55
-147.986,112.628,SER-56
-67.2205,132.565,THR-57
-55.8312,172.665,PRO-58
-67.6942,162.417,PRO-59
-65.8708,149.797,PRO-60
87.4729,0.868339,GLY-61
-76.5668,172.599,THR-62
-172.377,156.36,ARG-63
-117.495,132.54,VAL-64
-108.205,159.641,ARG-65
-148.892,131.957,ALA-66
-160.734,153.593,MET-67
-120.15,116.556,ALA-68
-78.8744,155.429,ILE-69
-114.325,87.1085,TYR-70
-73.9285,145.477,LYS-71
-131.705,175.826,GLN-72
-64.7318,-26.1422,SER-73
-120.885,-13.9467,GLN-74
-133.824,148.418,HIS-75
-128.791,-21.1222,MET-76
-78.4757,53.3485,THR-77
-158.575,148.938,GLU-78
-126.267,142.647,VAL-79
-57.2085,125.697,VAL-80
-146.34,167.774,ARG-81
-71.4894,157.354,ARG-82
-47.517,145.568,CYS-83
-72.0435,-52.2982,PRO-84
-54.9745,-32.3594,HIS-85
-77.3427,-32.5981,HIS-86
-65.2047,-40.7967,GLU-87
-73.4499,9.64987,ARG-88
-92.7377,145.439,CYS-89
-58.1165,-33.8932,SER-90
-61.7949,-2.02558,ASP-91
-122.976,-2.59733,SER-92
-93.1732,123.297,ASP-93
179.428,-130.551,GLY-94
-55.5479,-60.1003,LEU-95
-84.5923,132.041,ALA-96
-49.178,134.177,PRO-97
-59.7839,-16.5254,PRO-98
-58.0484,-46.8893,GLN-99
-77.8126,127.54,HIS-100
-83.2881,-54.6238,LEU-101
-72.0437,116.671,ILE-102
-126.775,163.613,ARG-103
-143.07,126.926,VAL-104
-126.708,-179.124,GLU-105
78.5222,-45.0101,GLY-106
-58.269,124.005,ASN-107
-65.3735,-16.9718,LEU-108
-136.057,42.9343,ARG-109
-83.469,143.791,VAL-110
-164.634,157.14,GLU-111
-96.9005,144.84,TYR-112
-142.629,171.701,LEU-113
-80.6605,125.362,ASP-114
-63.3346,125.772,ASP-115
-82.6637,3.56531,ARG-116
-128.141,-27.0766,ASN-117
-120.21,8.58836,THR-118
79.7638,-26.2886,PHE-119
-41.5487,126.962,ARG-120
-80.6212,112.911,HIS-121
-144.746,138.027,SER-122
-52.334,136.743,VAL-123
-131.086,142.771,VAL-124
-134.806,145.999,VAL-125
-65.1907,139.017,PRO-126
-72.2962,103.626,TYR-127
-72.242,149.59,GLU-128
-61.35,166.275,PRO-129
-67.8458,147.691,PRO-130
-64.6221,149.653,GLU-131
-60.2328,125.03,VAL-132
89.8731,-11.3673,GLY-133
-75.7381,167.047,SER-134
-88.8673,-25.4586,ASP-135
-160.723,170.78,CYS-136
-84.2987,136.726,THR-137
-118.482,123.909,THR-138
-95.999,133.498,ILE-139
-107.124,84.6887,HIS-140
-68.0533,165.038,TYR-141
-154.526,164.019,ASN-142
-147.309,152.341,TYR-143
-131.266,151.236,MET-144
-153.034,165.872,CYS-145
-137.773,127.858,ASN-146
-83.5149,-34.3028,SER-147
-72.0317,7.78385,SER-148
-55.9045,128.775,CYS-149
-64.8199,-59.5024,MET-150
103.778,61.9225,GLY-151
42.6292,-88.7545,GLY-152
-133.663,-14.2964,ILE-153
-166.946,117.898,ASN-154
-39.0358,113.301,ARG-155
-131.16,154.445,ARG-156
-60.1814,161.968,PRO-157
-143.37,147.737,ILE-158
-142.671,137.704,LEU-159
-106.731,146.98,THR-160
-114.105,107.865,ILE-161
-104.939,119.623,ILE-162
-135.311,120.862,THR-163
-68.4245,123.92,LEU-164
-136.289,174.051,GLU-165
-87.7316,165.334,ASP-166
-64.0453,-33.5465,SER-167
-62.569,2.06282,SER-168
75.2072,0.0483458,GLY-169
-56.2395,113.865,ASN-170
-70.8895,118.737,LEU-171
-91.7099,-23.5489,LEU-172
169.046,-178.798,GLY-173
-160.582,143.63,ARG-174
-142.431,151.377,ASN-175
-150.803,140.657,SER-176
-139.594,154.942,PHE-177
-78.7665,134.309,GLU-178
-100.623,158.701,VAL-179
-157.504,119.008,ARG-180
-101.156,135.828,VAL-181
-153.425,-179.028,CYS-182
-94.9814,-25.052,ALA-183
-139.188,98.2898,CYS-184
-51.6128,-39.0095,PRO-185
-60.9569,-44.2705,GLY-186
-73.228,-51.5694,ARG-187
-59.5087,-39.1819,ASP-188
-54.1545,-58.2096,ARG-189
-49.0107,-44.3372,ARG-190
-45.8301,-41.9462,THR-191
-93.909,-35.6569,GLU-192
-76.1231,-22.2508,GLU-193
-30.7768,-26.0908,GLU-194
-120.176,12.6355,ASN-195
-77.2321,157.484,LEU-196
-91.6182,-15.6511,ARG-197
-107.293,177.725,LYS-198
-70.6431,139.956,LYS-199
-102.844,155.368,GLY-200
-72.3592,151.195,GLU-201
-84.6376,166.284,PRO-202
-167.275,167.74,HIS-203
-68.6322,133.292,HIS-204
-74.7081,-32.0997,GLU-205
-71.3155,-56.5517,LEU-206
-75.0598,155.287,PRO-207
-76.2256,158.542,PRO-208
-83.598,-165.647,GLY-209
-84.3955,-171.968,SER-210
-60.3642,141.44,THR-211
-80.433,137.718,LYS-212
67.7489,158.928,ARG-213
-74.1717,156.194,ALA-214
-78.9257,-35.351,LEU-215
-61.4333,147.967,PRO-216
-94.5193,13.6825,ASN-217
-36.8892,126.13,ASN-218
-63.9893,152.108,SER-2
-86.7882,151.564,SER-3
-94.4809,137.74,VAL-4
-55.077,137.884,PRO-5
-74.5975,138.26,SER-6
-96.3526,-14.4379,GLN-7
-52.2197,108.137,LYS-8
-61.118,150.067,THR-9
-172.962,142.183,TYR-10
-81.9068,-30.0668,GLN-11
67.8779,-167.284,GLY-12
-84.9951,-5.39407,SER-13
-110.17,-12.0851,TYR-14
77.8844,40.4921,GLY-15
-76.8636,140.424,PHE-16
-165.265,-178.944,ARG-17
-156.712,133.149,LEU-18
-133.242,-171.43,GLY-19
-129.109,149.901,PHE-20
-77.0305,112.784,LEU-21
-91.5776,122.386,HIS-22
-126.15,17.5147,SER-23
101.68,-137.847,GLY-24
-155.943,8.05169,THR-25
-75.2634,165.514,ALA-26
-68.5512,-0.0114524,LYS-27
-76.6366,-23.3866,SER-28
-84.7478,142.964,VAL-29
-117.932,-3.31816,THR-30
-159.342,141.116,CYS-31
-160.062,128.829,THR-32
-108.693,123.291,TYR-33
-96.8978,103.969,SER-34
-67.8943,-25.7943,PRO-35
-69.2202,-34.2965,ALA-36
-81.3809,-15.0214,LEU-37
44.238,31.5777,ASN-38
-108.853,131.534,LYS-39
-86.1235,112.593,MET-40
-81.2157,129.56,PHE-41
-134.743,148.876,CYS-42
-88.0766,134.054,GLN-43
-59.2321,137.2,LEU-44
66.7721,-29.1083,ALA-45
-69.7396,149.694,LYS-46
-47.469,126.531,THR-47
-123.239,97.1822,CYS-48
-74.2534,136.164,PRO-49
-120.699,146.352,VAL-50
-108.738,129.854,GLN-51
-124.549,139.822,LEU-52
-140.206,155.077,TRP-53
-131.123,156.056,VAL-54
-81.8711,-17.1313,ASP-55
-145.226,117.729,SER-56
-59.1034,120.038,THR-57
-82.2693,146.913,PRO-58
-62.1655,159.194,PRO-59
-38.7826,138.525,PRO-60
86.3526,-9.37418,GLY-61
-68.2177,157.258,THR-62
-165.444,162.729,ARG-63
-124.892,119.601,VAL-64
-110.593,141.44,ARG-65
-138.513,130.501,ALA-66
-169.647,158.137,MET-67
-128.04,130.275,ALA-68
-95.9051,159.852,ILE-69
-122.232,104.633,TYR-70
-73.9016,154.763,LYS-71
-140.079,-179.561,GLN-72
-57.2535,-7.16904,SER-73
-169.736,-20.3777,GLN-74
-89.302,133.575,HIS-75
-130.894,-33.5675,MET-76
-89.4953,71.6323,THR-77
-137.94,162.695,GLU-78
-114.776,149.724,VAL-79
-69.2726,121.4,VAL-80
-131.515,163.366,ARG-81
-76.7414,162.002,ARG-82
-70.2417,148.919,CYS-83
-67.9727,-43.9619,PRO-84
-52.5775,-37.2698,HIS-85
-83.0861,-38.1374,HIS-86
-53.9522,-38.1098,GLU-87
-83.5028,18.5132,ARG-88
-111.447,147.531,CYS-89
-67.5102,-17.5823,SER-90
-79.4291,-22.4695,ASP-91
-75.3787,-4.45957,SER-92
-97.4598,-156.17,ASP-93
95.0106,-89.9265,GLY-94
-87.2513,-64.39,LEU-95
-87.6217,166.693,ALA-96
-66.0553,144.161,PRO-97
-71.5989,-12.0073,PRO-98
-73.4398,-31.1591,GLN-99
-80.8531,131.134,HIS-100
-89.205,-35.2059,LEU-101
-86.6526,118.492,ILE-102
-129.808,144.103,ARG-103
-121.762,134.57,VAL-104
-125.295,-176.905,GLU-105
84.6315,-39.084,GLY-106
-84.6715,127.099,ASN-107
-75.7825,-4.7192,LEU-108
-132.444,81.5363,ARG-109
-134.385,139.614,VAL-110
-155.841,156.016,GLU-111
-97.3652,121.931,TYR-112
-134.226,169.204,LEU-113
-68.8929,132.969,ASP-114
-69.2572,134.902,ASP-115
-85.0395,4.08481,ARG-116
-115.199,-48.8407,ASN-117
-116.227,15.578,THR-118
75.0726,-21.1791,PHE-119
-63.2975,141.237,ARG-120
-88.6841,96.5516,HIS-121
-126.16,149.137,SER-122
-77.9376,137.226,VAL-123
-129.094,137.89,VAL-124
-127,149.498,VAL-125
-68.3354,163.421,PRO-126
-90.2619,114.635,TYR-127
-91.8336,141.704,GLU-128
-54.7597,162.122,PRO-129
-49.9672,159.391,PRO-130
-74.978,160.144,GLU-131
-75.7434,108.778,VAL-132
107.521,1.97009,GLY-133
-89.7784,174.336,SER-134
-138.576,-22.6317,ASP-135
-74.7523,143.045,CYS-136
-76.6389,139.388,THR-137
-113.478,134.421,THR-138
-104.851,134.895,ILE-139
-82.3533,108.231,HIS-140
-79.4242,163.755,TYR-141
-146.35,155.775,ASN-142
-136.047,172.502,TYR-143
-145.535,175.414,MET-144
179.365,157.06,CYS-145
-123.935,141.667,ASN-146
-73.4715,-49.6365,SER-147
-82.7407,9.0946,SER-148
-61.1544,120.776,CYS-149
-64.2332,-31.4125,MET-150
79.6569,9.00896,GLY-151
74.216,-150.523,GLY-152
-51.6021,-27.7978,ILE-153
-167.135,122.689,ASN-154
-70.7282,121.269,ARG-155
-139.267,158.017,ARG-156
-82.1828,168.912,PRO-157
-145.612,130.276,ILE-158
-112.325,121.234,LEU-159
-88.419,139.937,THR-160
-115.252,107.093,ILE-161
-93.5255,128.632,ILE-162
-129.32,134.345,THR-163
-82.5721,123.163,LEU-164
-134.797,173.129,GLU-165
-97.9413,163.377,ASP-166
-54.5672,-20.8449,SER-167
-71.8396,-14.1404,SER-168
82.4399,5.14839,GLY-169
-78.1086,121.126,ASN-170
-60.4822,135.86,LEU-171
-119.575,-24.1669,LEU-172
-172.43,157.042,GLY-173
-137.927,150.679,ARG-174
-148.627,126.309,ASN-175
-119.805,154.629,SER-176
-158.108,177.658,PHE-177
-114.509,145.689,GLU-178
-104.144,138.253,VAL-179
-146.637,116.297,ARG-180
-110.293,129.501,VAL-181
-158.805,155.227,CYS-182
-62.3663,-15.3783,ALA-183
-148.353,100.359,CYS-184
-51.0316,-28.0079,PRO-185
-96.411,-11.1789,GLY-186
-72.4158,-38.5202,ARG-187
-80.8022,-37.8993,ASP-188
-51.7935,-51.6159,ARG-189
-58.4579,-36.1824,ARG-190
-66.4595,-17.2448,THR-191
-131.295,-24.6313,GLU-192
-67.6273,-27.7047,GLU-193
-46.5403,-15.3725,GLU-194
-100.057,-0.812032,ASN-195
-105.524,153.427,LEU-196
-80.6389,-30.5145,ARG-197
-41.7898,134.723,LYS-198
-60.8505,139.034,LYS-199
-90.2965,-165.112,GLY-200
-101.042,156.373,GLU-201
-50.2244,150.205,PRO-202
-164.552,166.825,HIS-203
-65.3686,128.58,HIS-204
-78.0737,-43.8633,GLU-205
-51.6313,-74.3719,LEU-206
-72.9817,159.088,PRO-207
-62.5948,144.196,PRO-208
-74.1797,-144.985,GLY-209
-120.433,-175.148,SER-210
-66.6474,137.737,THR-211
-68.9714,125.646,LYS-212
68.184,173.585,ARG-213
-76.156,151.579,ALA-214
-64.9239,-36.7072,LEU-215
-62.3806,130.178,PRO-216
-49.4816,0.125761,ASN-217
-48.0061,112.732,ASN-218
-82.1118,151.553,SER-2
-75.3055,150.282,SER-3
-111.43,162.557,VAL-4
-81.4802,134.306,PRO-5
-79.5928,156.95,SER-6
-104.83,-9.93366,GLN-7
-73.9257,127.674,LYS-8
-72.5577,142.6,THR-9
-168.104,146.595,TYR-10
-93.8927,-20.1667,GLN-11
77.7677,-169.693,GLY-12
-72.2414,-21.1715,SER-13
-99.3619,-5.27267,TYR-14
71.0093,42.8311,GLY-15
-69.2715,135.214,PHE-16
-150.217,168.545,ARG-17
-146.674,126.918,LEU-18
-123.651,170.83,GLY-19
-123.577,91.8991,PHE-20
-53.827,116.581,LEU-21
-86.196,154.942,HIS-22
-137.254,-9.41876,SER-23
115.779,-149.912,GLY-24
-130.986,20.4703,THR-25
-82.3801,159.208,ALA-26
-58.9892,-20.8852,LYS-27
-63.0965,-10.5411,SER-28
-93.9757,126.514,VAL-29
-77.4684,-28.3508,THR-30
-166.618,144.707,CYS-31
-145.07,152.527,THR-32
-132.69,115.007,TYR-33
-82.425,117.356,SER-34
-55.3113,-26.9131,PRO-35
-70.4151,-16.7204,ALA-36
-120.056,-16.4173,LEU-37
53.7067,29.0553,ASN-38
-98.0332,121.53,LYS-39
-87.518,122.717,MET-40
-99.6022,125.782,PHE-41
-133.538,145.223,CYS-42
-88.7561,138.867,GLN-43
-64.7303,139.434,LEU-44
57.8298,-13.6246,ALA-45
-74.1891,150.588,LYS-46
-50.737,133.378,THR-47
-130.747,100.7,CYS-48
-72.8471,125.843,PRO-49
-115.479,131.423,VAL-50
-102.646,124.127,GLN-51
-103.059,140.038,LEU-52
-132.412,163.653,TRP-53
-143.39,157.457,VAL-54
-101.179,-10.4347,ASP-55
-144.667,134.324,SER-56
-60.2656,131.116,THR-57
-78.2549,163.039,PRO-58
-74.6147,167.849,PRO-59
-54.975,142.243,PRO-60
101.511,-23.166,GLY-61
-73.9666,158.868,THR-62
-165.398,148.516,ARG-63
-101.674,136.979,VAL-64
-113.069,144.912,ARG-65
-133.185,138.001,ALA-66
-150.756,169.035,MET-67
-148.029,129.762,ALA-68
-102.998,157.148,ILE-69
-131.201,113.293,TYR-70
-97.1691,156.624,LYS-71
-146.946,-166.313,GLN-72
-81.6588,-17.2089,SER-73
-138.299,-10.8953,GLN-74
-160.821,142.548,HIS-75
-126.709,-21.6277,MET-76
-73.4925,75.6784,THR-77
-162.327,162.826,GLU-78
-129.772,141.752,VAL-79
-68.446,99.3543,VAL-80
-123.911,173.678,ARG-81
-79.8045,155.749,ARG-82
-48.0423,146.381,CYS-83
-67.6676,-15.246,PRO-84
-77.0152,-46.1558,HIS-85
-76.249,-21.2066,HIS-86
-57.7532,-32.5384,GLU-87
-101.426,48.4562,ARG-88
-141.569,139.945,CYS-89
-70.8782,-17.997,SER-90
-47.9683,-31.5382,ASP-91
-81.552,-13.9052,SER-92
-84.7228,-178.004,ASP-93
119.923,-119.529,GLY-94
-64.2073,-19.9792,LEU-95
-140.425,163.869,ALA-96
-71.5962,152.213,PRO-97
-76.0916,-18.5189,PRO-98
-75.9348,-30.639,GLN-99
-76.7245,146.299,HIS-100
-116.314,-53.1407,LEU-101
-69.5006,133.397,ILE-102
-146.048,151.505,ARG-103
-112.432,151.747,VAL-104
-146.42,157.357,GLU-105
71.1153,-11.4109,GLY-106
-87.0262,136.187,ASN-107
-82.6695,-10.9356,LEU-108
-132.711,67.5229,ARG-109
-120.541,135.192,VAL-110
-159.255,148.265,GLU-111
-101.112,138.328,TYR-112
-154.286,-176.706,LEU-113
-87.5914,131.331,ASP-114
-57.233,122.018,ASP-115
-78.1072,14.2582,ARG-116
-137.165,-22.6046,ASN-117
-128.867,-1.5011,THR-118
79.3445,-11.1239,PHE-119
-69.9452,126.557,ARG-120
-67.9153,130.526,HIS-121
-170.197,150.228,SER-122
-63.8806,139.134,VAL-123
-127.171,133.678,VAL-124
-140.354,139.519,VAL-125
-66.2573,163.038,PRO-126
-88.3439,103.129,TYR-127
-84.8307,141.744,GLU-128
-52.2187,171.986,PRO-129
-62.7896,147.171,PRO-130
-64.0419,150.209,GLU-131
-57.3879,107.703,VAL-132
87.4137,11.2235,GLY-133
-103.563,172.073,SER-134
-138.213,-27.3163,ASP-135
-75.4336,161.177,CYS-136
-84.6367,122.666,THR-137
-97.0166,138.202,THR-138
-120.733,122.141,ILE-139
-85.8312,127.025,HIS-140
-94.9226,161.204,TYR-141
-132.214,154.853,ASN-142
-137.493,168.441,TYR-143
-146.264,148.602,MET-144
-150.09,158.677,CYS-145
-113.948,123.968,ASN-146
-72.2924,-32.1059,SER-147
-91.109,10.2136,SER-148
-76.4849,142.335,CYS-149
-93.5772,-21.707,MET-150
81.5758,49.6416,GLY-151
58.2859,-133.199,GLY-152
-91.0826,-8.54114,ILE-153
-169.903,120.717,ASN-154
-57.4312,121.021,ARG-155
-144.896,151.555,ARG-156
-77.6957,168.234,PRO-157
-145.252,145.385,ILE-158
-121.683,116.306,LEU-159
-74.9661,132.089,THR-160
-103.084,117.609,ILE-161
-94.0543,127.494,ILE-162
-121.358,170.01,THR-163
-131.914,126.233,LEU-164
-146.445,154.404,GLU-165
-58.3518,162.362,ASP-166
-44.4507,-36.4815,SER-167
-90.1192,2.12904,SER-168
90.2081,-8.40747,GLY-169
-50.9958,116.247,ASN-170
-63.3106,117.001,LEU-171
-104.994,-5.70116,LEU-172
167.328,169.463,GLY-173
-165.159,157.225,ARG-174
-161.916,119.878,ASN-175
-122.082,144.543,SER-176
-144.496,149.894,PHE-177
-78.0349,140.71,GLU-178
-111.122,140.941,VAL-179
-130.396,116.704,ARG-180
-87.809,132.547,VAL-181
-138.626,-179.032,CYS-182
-105.861,-23.0885,ALA-183
-137.464,102.643,CYS-184
-63.7355,-17.0082,PRO-185
-87.235,-44.599,GLY-186
-50.7994,-53.7888,ARG-187
-60.0766,-35.2647,ASP-188
-72.395,-47.6548,ARG-189
-48.9284,-41.7105,ARG-190
-72.148,-33.6517,THR-191
-87.3934,-21.6491,GLU-192
-97.9195,-14.303,GLU-193
-62.7315,-19.9048,GLU-194
-101.094,8.90202,ASN-195
-94.8537,146.394,LEU-196
-89.3811,-17.8452,ARG-197
-70.8745,141.477,LYS-198
-59.7762,142.856,LYS-199
-102.39,-178.169,GLY-200
-75.5735,150.055,GLU-201
-83.7791,129.608,PRO-202
-127.064,-172.682,HIS-203
-72.841,137.1,HIS-204
-89.1791,-27.6314,GLU-205
-71.6098,-44.1407,LEU-206
-82.0271,162.919,PRO-207
-79.9477,169.756,PRO-208
-104.074,-175.973,GLY-209
-100.648,-161.075,SER-210
-72.633,152.206,THR-211
-72.532,133.668,LYS-212
64.8787,168.49,ARG-213
-71.9098,156.765,ALA-214
-75.6534,-22.0031,LEU-215
-55.051,135.41,PRO-216
-83.1784,32.0459,ASN-217
-71.4673,112.164,ASN-218
-82.2355,163.432,SER-2
-70.1984,149.789,SER-3
-140.941,159.321,VAL-4
-65.6912,144.595,PRO-5
-104.332,132.428,SER-6
-95.3148,-5.17373,GLN-7
-53.2093,110.467,LYS-8
-60.368,125.746,THR-9
-163.25,145.648,TYR-10
-90.4722,-29.3699,GLN-11
71.6653,-146.195,GLY-12
-84.7228,-23.4789,SER-13
-107.68,-3.89522,TYR-14
74.8368,47.6215,GLY-15
-78.1857,136.249,PHE-16
-142.238,166.705,ARG-17
-136.414,151.085,LEU-18
-150.883,172.675,GLY-19
-124.633,141.35,PHE-20
-97.7638,112.807,LEU-21
-87.1533,131.695,HIS-22
-114.798,1.43265,SER-23
120.044,-155.978,GLY-24
-133.776,5.26725,THR-25
-55.8753,156.463,ALA-26
-55.4506,-23.2891,LYS-27
-74.2257,-24.331,SER-28
-49.6665,132.465,VAL-29
-87.7247,-29.0567,THR-30
-171.635,165.975,CYS-31
-169.736,142.094,THR-32
-122.487,126.567,TYR-33
-101.615,97.9124,SER-34
-52.8467,-36.6661,PRO-35
-83.5895,-2.97475,ALA-36
-103.712,-20.4442,LEU-37
62.6648,8.74128,ASN-38
-102.065,136.354,LYS-39
-101.397,127.92,MET-40
-104.417,111.669,PHE-41
-111.835,149.877,CYS-42
-92.4256,135.295,GLN-43
-64.5678,138.714,LEU-44
73.2887,-28.7042,ALA-45
-69.8963,165.13,LYS-46
-71.4006,113.476,THR-47
-111.957,98.6383,CYS-48
-70.7113,137.888,PRO-49
-140.504,148.649,VAL-50
-127.422,134.739,GLN-51
-132.307,154.844,LEU-52
-162.728,154.942,TRP-53
-143.34,143.524,VAL-54
-82.2767,-25.9068,ASP-55
-137.615,149.614,SER-56
-56.7901,109.064,THR-57
-76.2057,153.021,PRO-58
-58.78,171.218,PRO-59
-55.6911,133.602,PRO-60
81.2142,8.02666,GLY-61
-66.1824,160.008,THR-62
-158.94,159.35,ARG-63
-99.5403,152.278,VAL-64
-127.545,140.651,ARG-65
-132.096,134.858,ALA-66
-171.375,149.917,MET-67
-129.234,132.351,ALA-68
-104.514,150.413,ILE-69
-121.465,104.143,TYR-70
-92.4004,167.734,LYS-71
-156.731,160.944,GLN-72
-68.593,15.7012,SER-73
-158.68,-10.1547,GLN-74
-133.143,119.121,HIS-75
-101.564,-12.1751,MET-76
-107.581,78.6607,THR-77
-166.491,159.659,GLU-78
-103.858,136.988,VAL-79
-53.5947,121.617,VAL-80
-138.715,147.512,ARG-81
-55.4376,152.739,ARG-82
-60.13,156.525,CYS-83
-74.0551,-32.4826,PRO-84
-64.5128,-34.2181,HIS-85
-83.428,-31.4061,HIS-86
-55.8315,-33.4535,GLU-87
-87.3199,60.7126,ARG-88
-168.91,152.902,CYS-89
-67.8873,-31.2359,SER-90
-53.4563,-13.3037,ASP-91
-109.29,2.37002,SER-92
-95.8272,172.087,ASP-93
99.6628,-95.6329,GLY-94
-63.337,-20.5643,LEU-95
-160.277,173.753,ALA-96
-54.645,150.609,PRO-97
-75.9062,-11.352,PRO-98
-75.0282,-32.5199,GLN-99
-67.7365,131.201,HIS-100
-97.1823,-38.1389,LEU-101
-91.5337,130.779,ILE-102
-144.382,160.176,ARG-103
-124.519,136.441,VAL-104
-112.794,172.848,GLU-105
93.8764,-44.0945,GLY-106
-68.6083,127.426,ASN-107
-74.0972,-55.8368,LEU-108
-64.467,-5.07648,ARG-109
-47.8527,134.929,VAL-110
-159.83,150.189,GLU-111
-89.2942,133.985,TYR-112
-125.071,155.47,LEU-113
-75.7364,116.788,ASP-114
-62.9723,138.642,ASP-115
-66.9451,-27.7512,ARG-116
-102.537,-32.2464,ASN-117
-124.765,0.233187,THR-118
64.7352,13.6321,PHE-119
-66.7594,121.327,ARG-120
-70.5982,120.222,HIS-121
-159.431,148.28,SER-122
-65.8763,122.163,VAL-123
-115.2,118.375,VAL-124
-132.031,144.228,VAL-125
-68.1617,156.488,PRO-126
-79.1806,98.6114,TYR-127
-80.0064,164.892,GLU-128
-66.7162,163.44,PRO-129
-58.4479,136.685,PRO-130
-53.5742,158.332,GLU-131
-64.3436,127.133,VAL-132
69.6311,10.2683,GLY-133
-102.051,173.43,SER-134
-108.504,-39.1171,ASP-135
-89.8323,163.157,CYS-136
-92.2333,113.443,THR-137
-96.4543,128.328,THR-138
-103.114,136.99,ILE-139
-93.9644,115.694,HIS-140
-96.1621,160.869,TYR-141
-141.429,172.862,ASN-142
-152.618,-175.1,TYR-143
-165.448,139.304,MET-144
-136.32,151.311,CYS-145
-106.85,111.807,ASN-146
-85.8422,-12.1252,SER-147
-94.3646,3.92143,SER-148
-65.915,146.115,CYS-149
-74.3705,5.47923,MET-150
76.5094,35.2495,GLY-151
58.8667,-154.516,GLY-152
-80.5061,-16.3539,ILE-153
-164.812,135.739,ASN-154
-75.3256,122.504,ARG-155
-142.956,161.122,ARG-156
-80.7451,157.387,PRO-157
-119.064,157.247,ILE-158
-139.707,130.834,LEU-159
-96.7373,141.854,THR-160
-112.76,104.289,ILE-161
-88.8801,133.619,ILE-162
-134.607,144.964,THR-163
-108.777,137.222,LEU-164
-149.572,164.984,GLU-165
-105.237,153.688,ASP-166
-56.2379,-12.9705,SER-167
-77.0437,-3.33776,SER-168
87.7601,-5.77923,GLY-169
-66.8098,113.054,ASN-170
-81.6251,115.286,LEU-171
-82.4905,-60.573,LEU-172
-150.749,-176.769,GLY-173
-139.939,145.186,ARG-174
-151.425,133.529,ASN-175
-120.577,159.491,SER-176
-147.139,151.036,PHE-177
-77.9596,147.774,GLU-178
-127.142,136.114,VAL-179
-126.578,135.792,ARG-180
-120.661,137.813,VAL-181
-165.941,-163.266,CYS-182
-97.3495,-22.8082,ALA-183
-138.153,90.6603,CYS-184
-38.803,-43.4081,PRO-185
-63.4481,-42.1443,GLY-186
-72.4934,-40.8141,ARG-187
-80.1863,-37.6476,ASP-188
-58.4956,-51.4318,ARG-189
-45.65,-52.3146,ARG-190
-59.9354,-24.0186,THR-191
-117.34,-22.4316,GLU-192
-69.7261,-13.0556,GLU-193
-68.3303,-12.395,GLU-194
-86.0698,-6.04355,ASN-195
-82.3822,153.474,LEU-196
-93.8874,-20.4145,ARG-197
-64.7829,159.094,LYS-198
-88.2424,135.274,LYS-199
-81.4785,-176.784,GLY-200
-72.1493,152.76,GLU-201
-79.3419,149.556,PRO-202
-140.819,169.716,HIS-203
-61.6915,117.637,HIS-204
-82.1317,-46.8128,GLU-205
-50.4717,-50.278,LEU-206
-90.8315,152.705,PRO-207
-77.1772,154.026,PRO-208
-83.8698,166.916,GLY-209
-62.6556,-163.067,SER-210
-73.4423,155.359,THR-211
-93.8383,116.136,LYS-212
78.4392,156.928,ARG-213
-71.6269,154.349,ALA-214
-63.1217,-35.3098,LEU-215
-48.4461,153.177,PRO-216
-96.3676,8.49639,ASN-217
-55.0219,135.139,ASN-218
-59.2464,166.867,SER-2
-79.2888,157.62,SER-3
-126.546,144.367,VAL-4
-73.7075,129.768,PRO-5
-80.5044,154.111,SER-6
-100.489,-19.881,GLN-7
-52.8757,119.465,LYS-8
-84.2893,124.22,THR-9
-153.2,157.216,TYR-10
-91.0435,-24.0703,GLN-11
86.426,-150.405,GLY-12
-80.4699,-16.1871,SER-13
-141.357,-0.958949,TYR-14
94.4159,14.9526,GLY-15
-45.3556,115.9,PHE-16
-137.906,164.613,ARG-17
-152.301,139.833,LEU-18
-148.187,-178.377,GLY-19
-135.788,146.372,PHE-20
-88.9164,119.198,LEU-21
-80.4831,68.6583,HIS-22
-70.1174,-30.9253,SER-23
142.967,-128.774,GLY-24
-133.023,-17.7392,THR-25
-63.4461,173.513,ALA-26
-61.818,-30.7099,LYS-27
-54.3745,-22.9211,SER-28
-70.8481,120.877,VAL-29
-76.2373,-20.8927,THR-30
178.859,144.218,CYS-31
-148.279,144.889,THR-32
-121.955,126.943,TYR-33
-110.037,102.435,SER-34
-69.7832,-34.2302,PRO-35
-66.9832,2.81209,ALA-36
-129.701,1.36356,LEU-37
67.1179,24.727,ASN-38
-130.972,128.252,LYS-39
-92.243,144.24,MET-40
-128.574,93.9198,PHE-41
-82.6405,145.637,CYS-42
-77.6436,121.617,GLN-43
-50.6197,136.892,LEU-44
87.1105,-25.3727,ALA-45
-81.5427,144.767,LYS-46
-49.4252,114.937,THR-47
-117.32,90.207,CYS-48
-57.0622,138.625,PRO-49
-146.859,127.39,VAL-50
-101.321,129.785,GLN-51
-115.766,155.811,LEU-52
-148.867,157.688,TRP-53
-131.702,163.661,VAL-54
-110.381,-12.2622,ASP-55
-139.734,151.326,SER-56
-59.7949,126.368,THR-57
-88.8673,163.366,PRO-58
-49.6627,155.779,PRO-59
-71.3353,137.994,PRO-60
86.5937,3.51357,GLY-61
-59.8302,159.824,THR-62
-148.747,158.708,ARG-63
-113.531,125.231,VAL-64
-92.2736,134.813,ARG-65
-120.829,143.959,ALA-66
-163.854,173.678,MET-67
-154.227,137.554,ALA-68
-82.6063,168.657,ILE-69
-132.072,137.632,TYR-70
-114.939,144.143,LYS-71
-155.133,156.976,GLN-72
-64.2175,-9.70223,SER-73
-138.078,-6.72532,GLN-74
-145.022,129.217,HIS-75
-125.292,-13.9989,MET-76
-86.2726,71.2593,THR-77
-148.488,170.361,GLU-78
-125.527,150.673,VAL-79
-53.985,123.15,VAL-80
-136.779,161.608,ARG-81
-71.5814,156.352,ARG-82
-53.0452,140.871,CYS-83
-43.0485,-49.6914,PRO-84
-65.179,-22.6676,HIS-85
-92.2408,-27.4678,HIS-86
-58.9373,-25.3757,GLU-87
-79.3034,-13.1609,ARG-88
-88.3474,143.742,CYS-89
-53.26,-26.3412,SER-90
-50.6884,-29.2017,ASP-91
-84.55,20.7762,SER-92
-123.225,171.894,ASP-93
84.1853,-64.1833,GLY-94
-79.294,-19.5366,LEU-95
-171.504,170.824,ALA-96
-56.9515,168.665,PRO-97
-57.4584,-38.7765,PRO-98
-84.4505,-36.3724,GLN-99
-47.0523,122.744,HIS-100
-76.6066,-36.5731,LEU-101
-98.9862,122.13,ILE-102
-134.053,145.658,ARG-103
-109.101,145.703,VAL-104
-139.522,172.869,GLU-105
81.0586,-29.7348,GLY-106
-85.2584,149.4,ASN-107
-52.4358,-43.4981,LEU-108
-121.442,134.403,ARG-109
-164.374,122.161,VAL-110
-159.089,151.071,GLU-111
-102.568,128.414,TYR-112
-133.553,146.116,LEU-113
-62.9496,108.742,ASP-114
-56.1379,138.792,ASP-115
-70.8593,-27.3877,ARG-116
-79.9524,-46.7354,ASN-117
-126.61,1.08802,THR-118
56.2704,16.1174,PHE-119
-77.4226,111.531,ARG-120
-66.7623,121.214,HIS-121
-154.245,159.626,SER-122
-93.7772,130.515,VAL-123
-101.043,136.118,VAL-124
-138.912,152.59,VAL-125
-62.7929,165.812,PRO-126
-93.5639,88.2073,TYR-127
-69.266,156.406,GLU-128
-54.1501,172.415,PRO-129
-61.1426,140.484,PRO-130
-64.2006,149.263,GLU-131
-62.7166,122.522,VAL-132
96.1725,-14.5764,GLY-133
-81.544,162.158,SER-134
-112.817,1.70359,ASP-135
-148.771,172.764,CYS-136
-86.1997,148.328,THR-137
-137.668,126.394,THR-138
-101.96,150.704,ILE-139
-116.833,138.65,HIS-140
-106.116,179.972,TYR-141
-159.962,153.641,ASN-142
-141.91,169.925,TYR-143
-134.597,165.216,MET-144
-167.661,158.824,CYS-145
-130.277,119.824,ASN-146
-67.9797,-13.6813,SER-147
-60.7584,-33.8645,SER-148
-68.5784,126.902,CYS-149
-73.9767,-28.3533,MET-150
69.5212,42.9168,GLY-151
35.0036,-122.159,GLY-152
-60.0221,-35.5353,ILE-153
-165.282,125.096,ASN-154
-39.0639,105.017,ARG-155
-126.239,159.839,ARG-156
-57.6408,158.146,PRO-157
-122.607,134.484,ILE-158
-94.9867,155.05,LEU-159
-125.026,149.412,THR-160
-132.136,114.041,ILE-161
-115.045,124.782,ILE-162
-132.486,129.835,THR-163
-84.7867,124.949,LEU-164
-128.76,165.969,GLU-165
-86.0537,174.432,ASP-166
-47.1127,-43.703,SER-167
-78.9286,0.864998,SER-168
69.7877,12.4962,GLY-169
-59.096,131.43,ASN-170
-72.27,124.748,LEU-171
-102.978,-33.8522,LEU-172
-172.791,163.739,GLY-173
-135.023,145.817,ARG-174
-145.622,125.911,ASN-175
-138.438,116.814,SER-176
-109.851,-178.264,PHE-177
-104.4,139.059,GLU-178
-106.343,144.723,VAL-179
-143.606,137.62,ARG-180
-119.244,131.004,VAL-181
-139.791,-175.992,CYS-182
-91.6735,-41.1555,ALA-183
-139.515,89.6166,CYS-184
-43.4056,-47.8313,PRO-185
-67.1879,-29.9543,GLY-186
-70.1163,-43.8787,ARG-187
-72.4042,-34.6188,ASP-188
-50.1314,-61.2395,ARG-189
-59.0647,-31.3764,ARG-190
-72.7782,-23.2866,THR-191
-111.164,-19.338,GLU-192
-87.6013,-11.6,GLU-193
-68.5704,-16.0705,GLU-194
-88.5779,-0.939759,ASN-195
-65.3644,174.161,LEU-196
-92.4625,-44.6004,ARG-197
-58.2041,141.468,LYS-198
-64.9538,126.2,LYS-199
-83.5903,172.229,GLY-200
-69.5143,131.254,GLU-201
-52.6294,123.208,PRO-202
-150.931,155.468,HIS-203
-61.0953,114.204,HIS-204
-64.1713,-16.9653,GLU-205
-98.6952,-39.0879,LEU-206
-56.8491,150.277,PRO-207
-75.181,168.22,PRO-208
-94.3148,-161.475,GLY-209
-117.609,-174.117,SER-210
-84.5747,153.581,THR-211
-84.3626,121.014,LYS-212
76.7065,163.69,ARG-213
-60.1521,140.246,ALA-214
-63.9597,-37.2126,LEU-215
-43.5681,144.468,PRO-216
-73.5637,16.4859,ASN-217
-54.4243,122.369,ASN-218
-138.797,139.31,SER-2
-80.8305,158.963,SER-3
-116.503,149.749,VAL-4
-73.9117,147.99,PRO-5
-112.876,144.205,SER-6
-97.075,-0.670797,GLN-7
-60.5313,91.7992,LYS-8
-59.9464,128.232,THR-9
-153.174,138.995,TYR-10
-84.2692,-46.3338,GLN-11
86.5039,-168.134,GLY-12
-49.7442,-56.2532,SER-13
-69.0452,-19.069,TYR-14
82.3396,35.1064,GLY-15
-54.3682,130.777,PHE-16
-156.763,161.883,ARG-17
-117.603,162.407,LEU-18
-147.886,158.515,GLY-19
-116.171,122.275,PHE-20
-79.4123,101.764,LEU-21
-89.5997,123.921,HIS-22
-124.828,30.7862,SER-23
74.2006,-145.627,GLY-24
-136.047,-7.5089,THR-25
-65.5412,166.588,ALA-26
-49.0677,-36.9728,LYS-27
-83.2536,12.5528,SER-28
-86.9729,117.812,VAL-29
-77.3095,-20.6132,THR-30
-158.702,144.634,CYS-31
-145.739,175.503,THR-32
-163.633,125.263,TYR-33
-114.899,123.575,SER-34
-76.8239,-39.4239,PRO-35
-79.6005,-28.9065,ALA-36
-67.4894,-24.588,LEU-37
59.9489,13.6372,ASN-38
-107.929,132.566,LYS-39
-89.4882,147.432,MET-40
-130.905,109.587,PHE-41
-96.7183,152.621,CYS-42
-83.8899,146.706,GLN-43
-52.2932,137.743,LEU-44
73.6793,-43.3777,ALA-45
-65.3346,166.012,LYS-46
-81.9473,115.06,THR-47
-121.45,112.897,CYS-48
-80.2456,151.742,PRO-49
-129.158,133.956,VAL-50
-82.8475,164.063,GLN-51
-141.593,138.853,LEU-52
-137.475,167.423,TRP-53
-141.759,145.301,VAL-54
-77.116,-19.2837,ASP-55
-146.434,135.326,SER-56
-42.1396,123.182,THR-57
-77.9445,151.737,PRO-58
-73.0502,151.805,PRO-59
-55.0681,139.788,PRO-60
93.7472,-12.9191,GLY-61
-59.0665,150.017,THR-62
-164.169,158.713,ARG-63
-111.132,144.03,VAL-64
-133.431,153.774,ARG-65
-151.2,144.565,ALA-66
-164.584,171.053,MET-67
-148.697,149.742,ALA-68
-106.651,150.847,ILE-69
-113.85,107.033,TYR-70
-84.5408,137.131,LYS-71
-127.938,167.312,GLN-72
-69.7238,22.9515,SER-73
-160.038,9.38054,GLN-74
-165.591,117.765,HIS-75
-104.471,-34.0078,MET-76
-76.377,47.4458,THR-77
-135.995,159.669,GLU-78
-105.977,161.771,VAL-79
-72.5334,111.677,VAL-80
-133.269,164.225,ARG-81
-64.1637,146.794,ARG-82
-51.7426,144.434,CYS-83
-64.9088,-42.7267,PRO-84
-63.2468,-39.6636,HIS-85
-72.0903,-31.5578,HIS-86
-40.007,-38.9473,GLU-87
-86.2868,-7.89222,ARG-88
-65.3659,152.543,CYS-89
-69.1877,-22.4274,SER-90
-73.3429,-14.1135,ASP-91
-78.8528,-22.3485,SER-92
-75.9685,161.177,ASP-93
123.819,-119.568,GLY-94
-60.4732,-3.98725,LEU-95
-155.165,170.608,ALA-96
-62.358,160.36,PRO-97
-58.9879,-34.6205,PRO-98
-60.0238,-31.0557,GLN-99
-74.8118,115.204,HIS-100
-75.28,-41.0215,LEU-101
-95.2454,108.602,ILE-102
-119.338,154.659,ARG-103
-136.018,133.964,VAL-104
-132.209,174.835,GLU-105
64.87,-41.6604,GLY-106
-53.0665,140.177,ASN-107
-66.6107,-36.312,LEU-108
-116.766,114.032,ARG-109
-126.712,142.15,VAL-110
-165.399,172.204,GLU-111
-115.766,140.955,TYR-112
-142.009,156.046,LEU-113
-73.6242,126.624,ASP-114
-60.4606,123.708,ASP-115
-81.431,-1.84269,ARG-116
-91.1915,-29.6499,ASN-117
-147.291,4.36372,THR-118
80.2615,-18.7326,PHE-119
-60.4533,114.681,ARG-120
-64.9958,113.812,HIS-121
-146.514,147.597,SER-122
-68.4957,133.542,VAL-123
-125.288,127.438,VAL-124
-141.935,155.599,VAL-125
-75.1535,143.802,PRO-126
-61.6887,98.9024,TYR-127
-67.0141,154.116,GLU-128
-65.0286,165.12,PRO-129
-59.4578,139.568,PRO-130
-61.5203,144.195,GLU-131
-63.6258,112.818,VAL-132
95.5815,-8.85962,GLY-133
-84.9621,150.649,SER-134
-80.9169,-36.9317,ASP-135
-89.6549,146.176,CYS-136
-59.3085,152.148,THR-137
-139.037,139.808,THR-138
-108.011,149.329,ILE-139
-122.786,113.821,HIS-140
-111.342,159.293,TYR-141
-131.717,155.407,ASN-142
-143.896,160.33,TYR-143
-142.659,171.178,MET-144
-176.098,163.566,CYS-145
-116.306,118.997,ASN-146
-61.5017,-17.0191,SER-147
-84.3029,1.38642,SER-148
-80.8615,132.57,CYS-149
-75.4717,-33.7438,MET-150
85.848,31.5676,GLY-151
55.2283,-134.848,GLY-152
-76.5502,-23.4733,ILE-153
-157.029,121.105,ASN-154
-55.0757,117.957,ARG-155
-143.282,139.495,ARG-156
-65.0096,157.013,PRO-157
-144.861,146.815,ILE-158
-127.876,143.908,LEU-159
-94.4876,138.482,THR-160
-108.685,114.133,ILE-161
-111.074,110.646,ILE-162
-103.467,133.733,THR-163
-89.8055,119.603,LEU-164
-133.576,-178.343,GLU-165
-115.252,176.993,ASP-166
-71.942,-9.68132,SER-167
-88.5302,-6.50346,SER-168
79.8553,-1.08811,GLY-169
-64.385,134.811,ASN-170
-81.3326,132.6,LEU-171
-104.947,-16.9743,LEU-172
167.73,163.788,GLY-173
-132.607,145.821,ARG-174
-140.555,141.382,ASN-175
-140.717,151.726,SER-176
-162.505,148.081,PHE-177
-69.9593,147.185,GLU-178
-133.403,168.426,VAL-179
-174.929,130.365,ARG-180
-114.888,131.658,VAL-181
-151.4,174.388,CYS-182
-72.9837,-55.3511,ALA-183
-125.68,100.225,CYS-184
-58.9208,-33.7663,PRO-185
-67.6587,-43.2986,GLY-186
-64.994,-45.7743,ARG-187
-61.7781,-43.1757,ASP-188
-57.9096,-50.6324,ARG-189
-52.3344,-29.1248,ARG-190
-75.2784,-22.9504,THR-191
-125.755,-9.94967,GLU-192
-71.9546,-23.6562,GLU-193
-59.6408,-16.3614,GLU-194
-105.71,-1.4811,ASN-195
-83.5936,154.28,LEU-196
-92.3366,1.78381,ARG-197
-103.053,154.576,LYS-198
-67.3323,146.856,LYS-199
-92.7233,-160.292,GLY-200
-104.907,142.08,GLU-201
-70.1573,141.205,PRO-202
-137.01,170.733,HIS-203
-53.7569,114.575,HIS-204
-82.0557,-27.8849,GLU-205
-77.5776,-42.2433,LEU-206
-56.4294,135.361,PRO-207
-64.9566,174.333,PRO-208
-71.0188,146.856,GLY-209
-80.5857,-171.012,SER-210
-72.1979,137.015,THR-211
-80.3788,129.059,LYS-212
68.8101,168.098,ARG-213
-66.5501,152.495,ALA-214
-57.702,-29.7198,LEU-215
-69.8944,161.808,PRO-216
-92.9413,29.6195,ASN-217
-69.3525,119.117,ASN-218
-60.7316,145.742,SER-2
-74.0431,166.569,SER-3
-136.265,160.45,VAL-4
-66.597,111.258,PRO-5
-73.7291,142.485,SER-6
-89.5124,-16.5281,GLN-7
-52.577,108.941,LYS-8
-62.679,128.627,THR-9
-167.086,152.868,TYR-10
-74.7353,-26.6265,GLN-11
91.8374,-174.368,GLY-12
-67.8538,-24.7557,SER-13
-115.494,1.9931,TYR-14
83.3259,20.5097,GLY-15
-56.9424,130.666,PHE-16
-160.45,164.894,ARG-17
-118.571,153.271,LEU-18
-143.194,-174.946,GLY-19
-144.795,161.18,PHE-20
-111.752,104.126,LEU-21
-72.3901,112.796,HIS-22
-103.498,4.3511,SER-23
100.994,-153.293,GLY-24
-149.608,-8.41087,THR-25
-55.6994,154.889,ALA-26
-57.8749,-10.1913,LYS-27
-73.92,-36.656,SER-28
-70.3307,106.241,VAL-29
-59.4743,-25.6394,THR-30
-169.37,160.667,CYS-31
-160.003,143.804,THR-32
-118.18,132.059,TYR-33
-105.459,99.5563,SER-34
-51.2736,-46.6923,PRO-35
-43.441,-38.9377,ALA-36
-99.2659,-20.8104,LEU-37
74.299,17.4822,ASN-38
-100.437,128.295,LYS-39
-97.6653,119.246,MET-40
-104.84,114.749,PHE-41
-119.648,136.766,CYS-42
-75.1673,145.608,GLN-43
-67.4422,144.341,LEU-44
59.1247,-21.9226,ALA-45
-66.6739,161.873,LYS-46
-75.7371,130.479,THR-47
-132.816,103.487,CYS-48
-85.7327,154.846,PRO-49
-133.257,126.52,VAL-50
-98.205,119.48,GLN-51
-95.3115,147.313,LEU-52
-130.068,162.245,TRP-53
-133.166,166.809,VAL-54
-95.09,-24.7066,ASP-55
-143.563,152.755,SER-56
-64.1941,108.099,THR-57
-71.7406,148.35,PRO-58
-60.1474,167.496,PRO-59
-60.9173,148.741,PRO-60
99.3518,-28.8215,GLY-61
-59.0036,150.479,THR-62
-162.586,140.412,ARG-63
-110.341,120.705,VAL-64
-99.8699,147.243,ARG-65
-148.091,123.338,ALA-66
-154.095,179.964,MET-67
-150.473,157.043,ALA-68
-114.246,157.364,ILE-69
-124.526,121.761,TYR-70
-109.315,144.821,LYS-71
-126.366,159.484,GLN-72
-55.6616,-13.5153,SER-73
-128.314,-0.285238,GLN-74
-135.889,139.734,HIS-75
-123.86,-14.1224,MET-76
-82.862,54.8985,THR-77
-139.694,156.614,GLU-78
-109.439,156.779,VAL-79
-64.1857,114.585,VAL-80
-131.952,144.252,ARG-81
-53.9219,145.66,ARG-82
-67.5537,149.209,CYS-83
-63.9253,-37.762,PRO-84
-49.9639,-36.2827,HIS-85
-81.4506,-22.3509,HIS-86
-58.2324,-18.8234,GLU-87
-114.798,8.47909,ARG-88
-89.4617,137.03,CYS-89
-76.0648,-1.84484,SER-90
-61.6235,-30.8081,ASP-91
-84.5252,1.03599,SER-92
-96.9065,164.193,ASP-93
89.4035,-95.7144,GLY-94
-61.5993,-19.1586,LEU-95
-148.023,158.958,ALA-96
-58.0349,163.883,PRO-97
-41.3768,-33.8975,PRO-98
-91.7098,-32.1864,GLN-99
-80.6173,138.861,HIS-100
-81.7239,-61.2443,LEU-101
-64.8599,120.59,ILE-102
-130.839,154.249,ARG-103
-112.049,152.081,VAL-104
-145.001,152.637,GLU-105
85.7895,-26.193,GLY-106
-85.0235,114.309,ASN-107
-76.8873,-28.3428,LEU-108
-82.8149,0.889841,ARG-109
-22.719,119.745,VAL-110
-147.771,153.255,GLU-111
-119.229,109.012,TYR-112
-128.299,140.991,LEU-113
-45.549,117.42,ASP-114
-65.4259,143.15,ASP-115
-65.964,-30.1428,ARG-116
-85.025,-72.9754,ASN-117
-85.2551,-6.0922,THR-118
71.8352,-18.6125,PHE-119
-60.2323,116.712,ARG-120
-56.8795,111.868,HIS-121
-164.902,145.414,SER-122
-65.4931,125.782,VAL-123
-140.598,126.922,VAL-124
-132.469,169.036,VAL-125
-66.5598,158.436,PRO-126
-77.1006,124.319,TYR-127
-104.297,150.085,GLU-128
-51.6746,163.708,PRO-129
-61.5095,157.719,PRO-130
-84.4119,150.189,GLU-131
-49.2793,117.255,VAL-132
88.1085,12.2788,GLY-133
-121.142,159.518,SER-134
-97.9722,-4.14487,ASP-135
-138.326,159.481,CYS-136
-73.7333,140.344,THR-137
-112.928,127.814,THR-138
-118.434,138.482,ILE-139
-101.664,146.79,HIS-140
-135.294,175.303,TYR-141
-158.287,162.457,ASN-142
-149.822,160.418,TYR-143
-144.715,155.981,MET-144
-173.96,-177.934,CYS-145
-144.731,127.505,ASN-146
-70.5525,-18.1562,SER-147
-73.2774,7.23678,SER-148
-110.833,114.378,CYS-149
-57.7904,-26.3147,MET-150
103.195,25.0322,GLY-151
60.1158,-139.118,GLY-152
-79.234,-22.3869,ILE-153
-158.78,125.243,ASN-154
-59.6025,132.281,ARG-155
-162.261,161.013,ARG-156
-80.774,170.288,PRO-157
-138.957,127.246,ILE-158
-98.315,140.255,LEU-159
-106.865,149.154,THR-160
-119.822,119.427,ILE-161
-109.433,123.187,ILE-162
-132.63,129.962,THR-163
-74.8006,122.582,LEU-164
-133.014,168.408,GLU-165
-90.6287,146.005,ASP-166
-53.6241,-27.3217,SER-167
-83.6876,-8.65902,SER-168
90.5955,28.1258,GLY-169
-91.9635,130.659,ASN-170
-60.505,125.456,LEU-171
-103.206,-42.7706,LEU-172
178.832,161.237,GLY-173
-144.166,147.484,ARG-174
-145.009,146.201,ASN-175
-135.531,126.323,SER-176
-126.499,160.644,PHE-177
-94.4508,137.746,GLU-178
-104.716,138.551,VAL-179
-130.112,137.415,ARG-180
-117.907,137.844,VAL-181
-155.172,171.338,CYS-182
-82.5223,-18.1963,ALA-183
-154.052,96.1211,CYS-184
-81.6514,-15.6875,PRO-185
-59.0563,-58.622,GLY-186
-62.6898,-50.6246,ARG-187
-58.6059,-36.6537,ASP-188
-69.0159,-57.8188,ARG-189
-52.6975,-32.4408,ARG-190
-61.7407,-44.5369,THR-191
-86.0107,-30.2678,GLU-192
-80.5992,-17.0193,GLU-193
-59.3834,-17.4348,GLU-194
-78.2886,2.17747,ASN-195
-99.6993,168.275,LEU-196
-102.882,-29.9967,ARG-197
-55.9147,142.008,LYS-198
-88.5418,126.304,LYS-199
-65.2065,-160.052,GLY-200
-98.2355,139.018,GLU-201
-69.5326,161.597,PRO-202
-169.805,165.872,HIS-203
-53.4424,128.838,HIS-204
-89.8664,-34.6407,GLU-205
-56.9805,-43.3519,LEU-206
-71.1969,174.202,PRO-207
-84.4957,157.975,PRO-208
-66.3631,150.507,GLY-209
-68.8156,-170.587,SER-210
-79.0803,143.249,THR-211
-78.8962,116.607,LYS-212
80.3166,156.236,ARG-213
-66.8202,169.03,ALA-214
-70.4803,-21.8879,LEU-215
-67.3355,148.551,PRO-216
-91.5501,24.3307,ASN-217
-67.9598,121.7,ASN-218
-57.9394,138.265,SER-2
-58.372,152.099,SER-3
-117.244,162.146,VAL-4
-67.3887,120.957,PRO-5
-106.718,143.787,SER-6
-87.2226,-12.4448,GLN-7
-57.5495,112.026,LYS-8
-66.2013,151.846,THR-9
176.406,145.111,TYR-10
-87.9856,-31.8236,GLN-11
69.5717,-163.049,GLY-12
-83.2671,-40.0524,SER-13
-66.2117,-29.4553,TYR-14
84.1651,39.6765,GLY-15
-63.5636,148.63,PHE-16
-168.71,159.116,ARG-17
-120.772,166.046,LEU-18
-168.106,163.641,GLY-19
-125.523,114.241,PHE-20
-60.731,127.437,LEU-21
-93.8213,144.176,HIS-22
-140.371,2.41944,SER-23
108.495,-163.235,GLY-24
-122.039,-35.773,THR-25
-42.1523,163.396,ALA-26
-72.9957,-9.94902,LYS-27
-58.8073,-37.5789,SER-28
-83.8852,131.136,VAL-29
-76.1759,-34.8722,THR-30
-153.46,150.377,CYS-31
-141.489,160.357,THR-32
-133.47,129.618,TYR-33
-90.8745,98.422,SER-34
-58.7254,-41.3347,PRO-35
-71.5448,4.944,ALA-36
-128.446,-2.27387,LEU-37
51.817,26.1121,ASN-38
-110.022,125.854,LYS-39
-100.299,140.27,MET-40
-116.543,119.48,PHE-41
-111.407,133.351,CYS-42
-66.92,119.984,GLN-43
-58.4667,133.713,LEU-44
68.8075,-13.5166,ALA-45
-63.8376,161.138,LYS-46
-50.3586,122.592,THR-47
-119.267,102.075,CYS-48
-72.7662,127.94,PRO-49
-125.26,135.655,VAL-50
-105.365,137.122,GLN-51
-132.588,136.027,LEU-52
-129.562,154.825,TRP-53
-141.52,149.069,VAL-54
-78.5309,-45.1096,ASP-55
-110.472,134.187,SER-56
-72.8741,119.464,THR-57
-72.4346,158.955,PRO-58
-85.0661,177.895,PRO-59
-59.825,146.257,PRO-60
98.3517,-10.888,GLY-61
-72.9974,144.908,THR-62
-149.593,148.895,ARG-63
-117.068,132.448,VAL-64
-111.653,152.69,ARG-65
-138.282,125.864,ALA-66
-143.169,140.722,MET-67
-106.246,125.535,ALA-68
-103.52,155.225,ILE-69
-147.573,127.836,TYR-70
-125.668,163.162,LYS-71
-133.88,170.067,GLN-72
-60.5993,-6.57429,SER-73
-135.211,14.5028,GLN-74
-155.259,137.47,HIS-75
-133.391,-13.9632,MET-76
-90.527,65.858,THR-77
-149.568,160.916,GLU-78
-113.16,162.031,VAL-79
-68.5156,129.213,VAL-80
-152.094,167.547,ARG-81
-76.2022,149.11,ARG-82
-46.1598,145.656,CYS-83
-50.95,-44.7699,PRO-84
-66.2959,-38.0417,HIS-85
-81.7784,-22.9719,HIS-86
-56.9044,-61.947,GLU-87
-80.8975,41.6135,ARG-88
-96.788,177.6,CYS-89
-72.6794,-30.5282,SER-90
-69.3775,-8.87949,ASP-91
-88.715,-6.9122,SER-92
-102.416,140.687,ASP-93
130.294,-98.0033,GLY-94
-83.931,-9.17082,LEU-95
-156.355,168.134,ALA-96
-66.4375,163.283,PRO-97
-51.8471,-35.7549,PRO-98
-70.1703,-33.116,GLN-99
-77.235,145.571,HIS-100
-120.272,-29.6662,LEU-101
-85.4897,134.91,ILE-102
-136.374,152.568,ARG-103
-121.389,138.564,VAL-104
-124.275,-176.972,GLU-105
84.4078,-69.2027,GLY-106
-69.8564,132.993,ASN-107
-88.6576,17.8941,LEU-108
-142.442,32.5291,ARG-109
-87.0691,126.276,VAL-110
-158.202,149.317,GLU-111
-80.4144,143.506,TYR-112
-142.061,155.255,LEU-113
-60.933,115.555,ASP-114
-59.077,131.155,ASP-115
-59.469,-13.9371,ARG-116
-100.913,-39.0127,ASN-117
-124.872,-10.7774,THR-118
64.9003,9.09504,PHE-119
-60.1776,111.596,ARG-120
-65.772,122.353,HIS-121
-165.424,132.765,SER-122
-50.4885,129.589,VAL-123
-139.258,141.355,VAL-124
-126.59,150.5,VAL-125
-58.4993,151.94,PRO-126
-90.7406,125.452,TYR-127
-96.5453,153.252,GLU-128
-85.292,164.61,PRO-129
-59.5553,156.005,PRO-130
-57.1441,151.946,GLU-131
-53.8395,123.425,VAL-132
77.4525,10.6213,GLY-133
-106.233,153.722,SER-134
-92.8972,-61.2436,ASP-135
-76.1633,157.124,CYS-136
-76.6747,124.182,THR-137
-93.9802,132.197,THR-138
-114.59,139.824,ILE-139
-113.179,97.9077,HIS-140
-78.2399,177.025,TYR-141
-151.548,159.574,ASN-142
-130.252,167.941,TYR-143
-140.018,154.257,MET-144
-160.846,159.267,CYS-145
-104.25,124.142,ASN-146
-75.5544,-12.5716,SER-147
-65.6818,-10.8333,SER-148
-78.6336,146.404,CYS-149
-89.0334,-6.79696,MET-150
81.4982,12.6298,GLY-151
65.342,-113.462,GLY-152
-74.5766,-45.323,ILE-153
-160.36,120.82,ASN-154
-66.9102,130.193,ARG-155
-150.933,152.125,ARG-156
-65.1449,147.716,PRO-157
-124.878,152.4,ILE-158
-105.145,153.141,LEU-159
-98.5082,129.075,THR-160
-85.675,126.527,ILE-161
-118.016,124.087,ILE-162
-120.081,166.606,THR-163
-120.774,123.099,LEU-164
-137.463,167.938,GLU-165
-88.0886,174.279,ASP-166
-60.5161,-29.0951,SER-167
-80.1958,-6.2677,SER-168
83.9057,4.41781,GLY-169
-66.5954,144.57,ASN-170
-73.054,124.613,LEU-171
-102.627,-50.8291,LEU-172
-153.795,159.009,GLY-173
-147.818,136.407,ARG-174
-142.891,129.196,ASN-175
-123.325,144.63,SER-176
-146.696,136.688,PHE-177
-75.394,136.863,GLU-178
-125.666,154.256,VAL-179
-151.851,136.735,ARG-180
-118.005,133.418,VAL-181
-159.337,176.888,CYS-182
-86.8855,-26.0427,ALA-183
-144.167,99.7419,CYS-184
-49.5522,-43.924,PRO-185
-58.8368,-40.138,GLY-186
-68.2988,-51.9461,ARG-187
-64.9181,-35.6143,ASP-188
-59.9536,-51.7596,ARG-189
-58.927,-34.1898,ARG-190
-66.6146,-41.7265,THR-191
-97.3005,-23.6417,GLU-192
-81.4004,-15.5941,GLU-193
-30.5903,-45.2027,GLU-194
-108.965,12.9347,ASN-195
-66.7045,128.93,LEU-196
-51.1932,-44.4044,ARG-197
-62.1354,164.253,LYS-198
-74.7867,143.193,LYS-199
-87.6193,-138.291,GLY-200
-117.553,147.114,GLU-201
-69.5737,156.597,PRO-202
-170.156,165.898,HIS-203
-59.4359,124.184,HIS-204
-82.4668,-34.5521,GLU-205
-56.1145,-56.6595,LEU-206
-61.2905,154.092,PRO-207
-73.2464,161.175,PRO-208
-77.6132,-179.008,GLY-209
-93.0994,-160.852,SER-210
-80.7686,146.249,THR-211
-68.2263,137.991,LYS-212
73.4256,150.59,ARG-213
-54.4263,142.136,ALA-214
-48.6406,-36.1711,LEU-215
-59.3573,146.069,PRO-216
-82.2681,15.0101,ASN-217
-60.6257,133.212,ASN-218
-83.593,145.884,SER-2
-80.4528,158.668,SER-3
-98.951,174.916,VAL-4
-62.2438,121.958,PRO-5
-94.6364,146.843,SER-6
-108.256,-9.31308,GLN-7
-47.953,108.26,LYS-8
-61.4676,127.178,THR-9
-151.224,157.591,TYR-10
-83.6205,-29.9026,GLN-11
63.0219,-170.031,GLY-12
-61.8076,-15.2994,SER-13
-92.6011,-21.711,TYR-14
73.8207,24.3782,GLY-15
-52.2147,115.056,PHE-16
-144.251,165.829,ARG-17
-108.032,157.194,LEU-18
-151.335,-170.073,GLY-19
-143.39,143.591,PHE-20
-78.6519,96.3096,LEU-21
-69.8659,115.332,HIS-22
-127.97,-0.728136,SER-23
117.592,-144.69,GLY-24
-144.514,-21.9695,THR-25
-60.0368,174.253,ALA-26
-51.0836,-33.8324,LYS-27
-72.2702,-20.9197,SER-28
-87.0102,131.704,VAL-29
-94.4323,-32.8213,THR-30
-153.847,174.636,CYS-31
-170.84,131.249,THR-32
-95.7918,136.647,TYR-33
-103.302,102.732,SER-34
-49.0869,-47.8439,PRO-35
-61.1703,-6.71988,ALA-36
-132.037,-2.13495,LEU-37
29.409,57.4949,ASN-38
-136.268,140.833,LYS-39
-109.092,139.798,MET-40
-108.741,120.461,PHE-41
-118.355,129.424,CYS-42
-78.2665,131.135,GLN-43
-48.4394,141.082,LEU-44
70.5598,-6.33596,ALA-45
-105.565,164.165,LYS-46
-84.4278,138.591,THR-47
-121.495,95.1693,CYS-48
-73.1773,112.56,PRO-49
-114.056,130.173,VAL-50
-104.654,147.275,GLN-51
-144.002,135.971,LEU-52
-116.987,160.011,TRP-53
-135.684,155.159,VAL-54
-88.2842,-12.1827,ASP-55
-175.915,137.269,SER-56
-72.7444,137.254,THR-57
-67.0302,164.699,PRO-58
-69.1666,164.856,PRO-59
-68.1038,152.006,PRO-60
81.8032,-6.40196,GLY-61
-68.7095,168.54,THR-62
-166.101,156.995,ARG-63
-117.224,116.22,VAL-64
-99.4184,153.637,ARG-65
-150.415,127.137,ALA-66
-148.191,175.312,MET-67
-148.607,126.891,ALA-68
-90.7155,165.055,ILE-69
-132.845,132.66,TYR-70
-123,151.109,LYS-71
-137.471,165.201,GLN-72
-71.7678,-8.17955,SER-73
-124.722,15.5233,GLN-74
-163.429,136.503,HIS-75
-125.375,-11.1996,MET-76
-85.7104,54.5924,THR-77
-139.854,171.245,GLU-78
-136.01,141.496,VAL-79
-62.0191,120.414,VAL-80
-129.366,157.441,ARG-81
-67.9134,143.977,ARG-82
-55.8045,142.122,CYS-83
-68.0663,-15.9502,PRO-84
-70.6452,-29.9813,HIS-85
-105.061,-29.4361,HIS-86
-39.9671,-45.1219,GLU-87
-92.3952,34.6394,ARG-88
-142.041,177.689,CYS-89
-83.9138,1.01252,SER-90
-66.3571,-31.9189,ASP-91
-97.2505,-8.75874,SER-92
-64.2543,121.322,ASP-93
175.649,-125.014,GLY-94
-67.7865,-8.58875,LEU-95
-144.596,162.332,ALA-96
-63.0161,155.06,PRO-97
-65.3177,-26.5923,PRO-98
-75.8237,-34.3309,GLN-99
-67.7629,124.236,HIS-100
-75.3879,-48.6108,LEU-101
-77.0499,127.317,ILE-102
-133.037,165.131,ARG-103
-126.326,153.076,VAL-104
-147.949,-164.769,GLU-105
70.7846,-54.8102,GLY-106
-79.4648,131.129,ASN-107
-90.31,-27.3676,LEU-108
-81.3454,-11.9768,ARG-109
-22.2332,133.823,VAL-110
-140.144,169.726,GLU-111
-100.547,141.774,TYR-112
-152.238,169.158,LEU-113
-91.9971,126.66,ASP-114
-78.228,122.043,ASP-115
-79.482,-1.99447,ARG-116
-106.141,-28.1347,ASN-117
-114.223,-5.07412,THR-118
67.4499,-20.7958,PHE-119
-62.7121,121.172,ARG-120
-71.1252,123.884,HIS-121
-149.444,146.98,SER-122
-71.2689,129.97,VAL-123
-154.533,113.363,VAL-124
-98.9544,131.484,VAL-125
-64.4497,142.074,PRO-126
-82.6893,123.815,TYR-127
-69.6766,148.13,GLU-128
-74.963,162.05,PRO-129
-43.8939,156.631,PRO-130
-77.244,174.393,GLU-131
-60.842,122.659,VAL-132
66.3528,10.3162,GLY-133
-94.1283,149.791,SER-134
-94.5683,-28.5994,ASP-135
-78.8331,163.512,CYS-136
-89.9578,156.796,THR-137
-123.925,143.61,THR-138
-119.626,140.638,ILE-139
-90.1152,102.924,HIS-140
-96.8877,165.507,TYR-141
-157.989,162.735,ASN-142
-150.421,172.602,TYR-143
-148.203,145.906,MET-144
-136.201,169.725,CYS-145
-119.231,137.666,ASN-146
-60.7804,-26.4063,SER-147
-79.5135,-5.69498,SER-148
-78.701,131.632,CYS-149
-71.7769,-1.7472,MET-150
100.464,-0.526488,GLY-151
68.4131,-129.783,GLY-152
-89.6482,-19.6191,ILE-153
-169.911,104.681,ASN-154
-25.8505,115.056,ARG-155
-150.538,160.721,ARG-156
-64.6816,157.621,PRO-157
-133.941,126.866,ILE-158
-97.809,117.288,LEU-159
-87.8914,156.41,THR-160
-109.66,120.271,ILE-161
-112.854,122.023,ILE-162
-126.712,121.589,THR-163
-80.5699,131.307,LEU-164
-148.038,173.174,GLU-165
-98.9324,166.191,ASP-166
-81.4772,-8.17305,SER-167
-93.274,3.02356,SER-168
97.76,8.20255,GLY-169
-73.4029,124.538,ASN-170
-80.8823,128.121,LEU-171
-104.398,-34.4317,LEU-172
-152.579,172.779,GLY-173
-162.531,135.587,ARG-174
-147.056,122.615,ASN-175
-122.83,149.974,SER-176
-160.763,157.298,PHE-177
-92.7359,140.575,GLU-178
-103.652,149.622,VAL-179
-145.866,132.898,ARG-180
-100.894,136.195,VAL-181
-159.499,-176.546,CYS-182
-87.758,-46.7371,ALA-183
-116.699,117.83,CYS-184
-79.3284,-13.2902,PRO-185
-71.3907,-44.2208,GLY-186
-59.9489,-52.7412,ARG-187
-63.0814,-43.2134,ASP-188
-48.3179,-54.5519,ARG-189
-66.5052,-40.9303,ARG-190
-46.5525,-37.0764,THR-191
-101.692,-37.5924,GLU-192
-51.7582,-24.293,GLU-193
-61.4615,-32.6166,GLU-194
-84.7756,0.325606,ASN-195
-102.298,150.3,LEU-196
-71.0303,-50.012,ARG-197
-65.4502,141.728,LYS-198
-90.0781,124.956,LYS-199
-87.4773,-134.462,GLY-200
-131.7,149.539,GLU-201
-56.1157,163.365,PRO-202
-172.805,165.778,HIS-203
-38.911,117.071,HIS-204
-87.4224,-20.5197,GLU-205
-69.3131,-45.7099,LEU-206
-72.8869,160.897,PRO-207
-61.2345,156.478,PRO-208
-73.0824,-165.11,GLY-209
-110.349,-174.022,SER-210
-66.6984,150.21,THR-211
-89.6422,121.389,LYS-212
74.931,148.546,ARG-213
-60.2436,167.62,ALA-214
-72.0743,-40.1506,LEU-215
-58.7775,156.047,PRO-216
-101.368,12.9712,ASN-217
-54.3163,128.328,ASN-218
-82.3917,128.887,SER-2
-88.643,175.258,SER-3
-136.959,168.034,VAL-4
-70.0933,126.223,PRO-5
-112.58,143.878,SER-6
-90.1637,3.25093,GLN-7
-60.0268,122.85,LYS-8
-92.0902,114.56,THR-9
-150.626,147.028,TYR-10
-69.0193,-21.2466,GLN-11
57.6657,-134.066,GLY-12
-83.3984,-11.6892,SER-13
-132.146,-9.77004,TYR-14
86.8936,27.009,GLY-15
-62.0943,126.565,PHE-16
-161.11,159.12,ARG-17
-119.482,161.633,LEU-18
-140.504,166.308,GLY-19
-123.739,106.377,PHE-20
-57.9926,103.377,LEU-21
-84.6632,131.363,HIS-22
-136.442,-17.5928,SER-23
139.995,-139.17,GLY-24
-151.236,-11.6113,THR-25
-57.7944,165.208,ALA-26
-65.3779,-30.9666,LYS-27
-66.9073,-8.72721,SER-28
-82.4739,122.61,VAL-29
-83.9993,-20.5707,THR-30
-166.203,134.204,CYS-31
-145.934,152.687,THR-32
-131.409,127.842,TYR-33
-94.749,106.281,SER-34
-66.7665,-25.4589,PRO-35
-63.7601,-19.4015,ALA-36
-117.87,-17.3618,LEU-37
52.0698,31.6489,ASN-38
-108.561,130.16,LYS-39
-100.014,134.429,MET-40
-108.01,125.449,PHE-41
-125.696,140.066,CYS-42
-89.3859,125.437,GLN-43
-51.6374,132.63,LEU-44
66.5189,-1.41874,ALA-45
-111.402,141.364,LYS-46
-72.6288,135.585,THR-47
-119.781,86.9454,CYS-48
-55.4735,145.481,PRO-49
-129.32,143.088,VAL-50
-115.444,148.444,GLN-51
-136.661,127.773,LEU-52
-108.639,151.76,TRP-53
-130.715,152.904,VAL-54
-74.7526,-37.204,ASP-55
-145.491,147.136,SER-56
-53.7524,120.422,THR-57
-70.8655,153.573,PRO-58
-73.0672,166.238,PRO-59
-56.2508,150.623,PRO-60
92.7575,-14.4297,GLY-61
-81.9852,145.971,THR-62
-145.001,120.305,ARG-63
-73.8558,124.025,VAL-64
-107.446,134.956,ARG-65
-108.431,151.522,ALA-66
-169.486,174.189,MET-67
-157.899,115.5,ALA-68
-95.3788,148.956,ILE-69
-122.316,131.437,TYR-70
-126.265,153.025,LYS-71
-129.072,169.306,GLN-72
-56.4882,15.0266,SER-73
-179.939,5.50512,GLN-74
-136.36,145.713,HIS-75
-131.633,-23.5341,MET-76
-86.3777,63.6063,THR-77
-148.692,158.436,GLU-78
-106.018,146.589,VAL-79
-74.5557,125.432,VAL-80
-151.336,151.991,ARG-81
-62.4555,152.16,ARG-82
-69.8466,147.969,CYS-83
-65.7296,-24.7043,PRO-84
-77.4434,-21.9197,HIS-85
-104.924,-24.7933,HIS-86
-45.8842,-54.0931,GLU-87
-83.299,40.9917,ARG-88
-144.829,167.36,CYS-89
-58.3309,-33.3316,SER-90
-65.1859,-24.8562,ASP-91
-73.5856,3.801,SER-92
-69.7893,-170.345,ASP-93
113.118,-123.201,GLY-94
-80.5776,7.34074,LEU-95
-165.582,161.003,ALA-96
-55.186,154.94,PRO-97
-71.3033,-5.37519,PRO-98
-81.5209,-27.016,GLN-99
-85.0361,134.695,HIS-100
-85.174,-37.8429,LEU-101
-101.305,112.272,ILE-102
-124.33,148.389,ARG-103
-104.026,147.635,VAL-104
-140.803,-177.085,GLU-105
81.3341,-49.0002,GLY-106
-67.6062,131.5,ASN-107
-82.4478,-25.8321,LEU-108
-100.393,0.842771,ARG-109
-39.5123,140.1,VAL-110
-159.976,145.747,GLU-111
-91.0819,107.628,TYR-112
-117.103,161.894,LEU-113
-82.2708,129.267,ASP-114
-52.7154,131.477,ASP-115
-66.906,-27.0673,ARG-116
-81.9931,-36.9438,ASN-117
-126.532,-1.0588,THR-118
82.4291,-18.3335,PHE-119
-65.2781,121.569,ARG-120
-69.2431,99.2733,HIS-121
-141.014,146.234,SER-122
-75.0318,112.102,VAL-123
-96.0153,151.772,VAL-124
-146.069,147.824,VAL-125
-61.6308,135.944,PRO-126
-68.954,104.589,TYR-127
-80.8977,150.82,GLU-128
-64.0504,170.546,PRO-129
-56.0297,156.305,PRO-130
-69.9267,163.559,GLU-131
-63.5645,135.261,VAL-132
67.0418,12.3723,GLY-133
-104.893,161.834,SER-134
-98.6363,-27.3915,ASP-135
-117.1,161.593,CYS-136
-76.9632,159.001,THR-137
-146.43,135.905,THR-138
-119.105,129.059,ILE-139
-91.9757,102.048,HIS-140
-87.7263,-174.546,TYR-141
179.148,166.477,ASN-142
-153.373,159.295,TYR-143
-143.239,146.932,MET-144
-146.791,149.364,CYS-145
-115.219,136.791,ASN-146
-80.7208,-16.1458,SER-147
-59.7238,-25.1619,SER-148
-80.037,115.515,CYS-149
-55.7393,-25.1135,MET-150
94.7453,18.9087,GLY-151
70.8007,179.528,GLY-152
-74.0561,-16.6517,ILE-153
-163.115,92.5506,ASN-154
-45.2888,126.617,ARG-155
-136.385,172.094,ARG-156
-82.3113,168.952,PRO-157
-150.996,147.434,ILE-158
-123.021,159.784,LEU-159
-132.143,121.488,THR-160
-100.402,104.097,ILE-161
-101.304,122.632,ILE-162
-133.027,142.279,THR-163
-90.0403,124.695,LEU-164
-128.08,178.047,GLU-165
-103.705,163.385,ASP-166
-59.7962,-20.6146,SER-167
-80.847,-13.2254,SER-168
93.4632,-8.31904,GLY-169
-63.0939,114.421,ASN-170
-67.2517,132.009,LEU-171
-112.096,-24.2641,LEU-172
-164.343,167.063,GLY-173
-148.254,134.107,ARG-174
-150.418,128.279,ASN-175
-137.117,141.327,SER-176
-136.36,165.652,PHE-177
-96.4101,137.784,GLU-178
-108.563,138.508,VAL-179
-130.921,149.049,ARG-180
-119.351,144.916,VAL-181
-164.752,-172.687,CYS-182
-91.536,-52.2502,ALA-183
-129.023,99.3575,CYS-184
-57.6026,-28.3642,PRO-185
-63.806,-36.5108,GLY-186
-75.2395,-52.7985,ARG-187
-62.5171,-36.621,ASP-188
-63.7389,-40.5516,ARG-189
-64.9585,-37.3007,ARG-190
-74.4878,-25.4299,THR-191
-87.5277,-25.3059,GLU-192
-89.838,-9.47409,GLU-193
-57.5234,-20.3787,GLU-194
-78.5824,-14.3581,ASN-195
-73.0815,145.718,LEU-196
-66.8954,-53.6883,ARG-197
-48.689,155.613,LYS-198
-59.4905,137.108,LYS-199
-87.9077,-130.856,GLY-200
-117.178,147.365,GLU-201
-61.0777,136.917,PRO-202
-144.004,160.694,HIS-203
-30.5814,112.15,HIS-204
-75.2055,-22.6638,GLU-205
-77.4456,-40.3542,LEU-206
-72.5006,162.103,PRO-207
-84.6081,-171.913,PRO-208
-98.129,168.793,GLY-209
-91.3884,-178.302,SER-210
-78.1813,135.43,THR-211
-73.3155,127.642,LYS-212
62.0257,167.975,ARG-213
-86.9263,165.435,ALA-214
-57.0444,-37.2935,LEU-215
-65.0821,133.08,PRO-216
-77.8236,13.2909,ASN-217
-38.015,131.763,ASN-218
-69.7132,111.489,SER-2
-72.5438,136.549,SER-3
-98.2911,142.309,VAL-4
-65.4651,100.985,PRO-5
-72.7304,144.617,SER-6
-94.4446,-10.0816,GLN-7
-39.2419,96.6517,LYS-8
-61.1128,137.927,THR-9
-156.311,148.184,TYR-10
-74.0336,-19.5318,GLN-11
75.4766,-132.09,GLY-12
-93.6729,-13.8699,SER-13
-154.048,8.90723,TYR-14
78.5322,14.8189,GLY-15
-49.6479,106.841,PHE-16
-136.203,152.834,ARG-17
-108.214,166.915,LEU-18
-132.289,157.588,GLY-19
-123.251,107.719,PHE-20
-61.5858,123.401,LEU-21
-89.1729,149.068,HIS-22
-166.405,14.4945,SER-23
112.464,-140.632,GLY-24
-144.003,8.84946,THR-25
-61.8918,151.868,ALA-26
-48.8318,-31.474,LYS-27
-80.5119,-8.61502,SER-28
-71.2781,131.704,VAL-29
-76.9193,-34.7593,THR-30
-148.037,145.888,CYS-31
-142.618,157.089,THR-32
-145.899,127.757,TYR-33
-87.9824,113.285,SER-34
-58.6278,-36.7626,PRO-35
-75.8512,-8.98559,ALA-36
-120.258,-10.0541,LEU-37
65.1256,38.6132,ASN-38
-129.151,134.73,LYS-39
-100.348,142.142,MET-40
-115.541,105.827,PHE-41
-107.487,138.005,CYS-42
-77.4252,123.803,GLN-43
-61.5716,139.51,LEU-44
79.2083,-10.7617,ALA-45
-122.713,149.739,LYS-46
-79.5455,121.257,THR-47
-105.356,105.342,CYS-48
-75.3035,127.131,PRO-49
-118.933,126.684,VAL-50
-81.8392,157.259,GLN-51
-137.273,136.304,LEU-52
-125.02,156.728,TRP-53
-130.592,145.163,VAL-54
-67.1042,-24.4548,ASP-55
-163.251,151.387,SER-56
-49.7835,111.947,THR-57
-68.4094,167.764,PRO-58
-61.2478,163.302,PRO-59
-65.5414,149.408,PRO-60
60.1424,18.8164,GLY-61
-82.4057,159.421,THR-62
-156.467,149.439,ARG-63
-102.576,139.673,VAL-64
-119.941,162.635,ARG-65
-143.639,162.775,ALA-66
-172.612,160.119,MET-67
-152.01,128.691,ALA-68
-105.234,155.336,ILE-69
-129.3,119.413,TYR-70
-122.215,153.804,LYS-71
-144.359,173.563,GLN-72
-46.5299,-16.0636,SER-73
-163.634,16.4842,GLN-74
-117.607,121.956,HIS-75
-113.937,-21.7583,MET-76
-86.3257,73.1787,THR-77
-150.856,156.791,GLU-78
-101.377,145.034,VAL-79
-51.2015,113.505,VAL-80
-142.05,154.091,ARG-81
-60.9629,161.05,ARG-82
-66.646,142.383,CYS-83
-76.9197,-7.9765,PRO-84
-70.5837,-47.7704,HIS-85
-81.8408,-21.3562,HIS-86
-64.2941,-45.1215,GLU-87
-79.5027,-5.4056,ARG-88
-92.9414,163.318,CYS-89
-48.3123,-22.3101,SER-90
-85.6442,2.54453,ASP-91
-99.8954,-16.4975,SER-92
-79.6229,119.141,ASP-93
178.938,-148.282,GLY-94
-54.4462,9.66624,LEU-95
-165.063,164.04,ALA-96
-56.1529,147.022,PRO-97
-58.0158,-30.3938,PRO-98
-68.1595,-61.3189,GLN-99
-49.5518,123.355,HIS-100
-72.3497,-36.8789,LEU-101
-90.4534,132.352,ILE-102
-148.34,141.871,ARG-103
-132.734,156.27,VAL-104
-144.022,-149.417,GLU-105
71.0229,-53.4931,GLY-106
-75.1134,140.248,ASN-107
-73.9381,-26.4754,LEU-108
-107.917,27.2069,ARG-109
-63.895,129.536,VAL-110
-162.686,168.131,GLU-111
-114.11,124.032,TYR-112
-133.633,155.124,LEU-113
-73.4799,112.053,ASP-114
-58.2846,123.508,ASP-115
-74.8437,-10.788,ARG-116
-96.8187,-69.3015,ASN-117
-85.1894,-0.795114,THR-118
73.0197,22.6514,PHE-119
-87.7861,114.227,ARG-120
-64.0847,96.7199,HIS-121
-144.015,151.554,SER-122
-66.1408,135.579,VAL-123
-158.534,136.896,VAL-124
-136.138,144.579,VAL-125
-51.2227,149.238,PRO-126
-78.3528,118.646,TYR-127
-91.3683,158.255,GLU-128
-76.6802,156.427,PRO-129
-54.8759,152.457,PRO-130
-71.6745,135.188,GLU-131
-56.8032,114.65,VAL-132
106.765,-19.7855,GLY-133
-93.5399,167.573,SER-134
-102.282,-30.4778,ASP-135
-94.8343,160.256,CYS-136
-93.4148,167.194,THR-137
-152.302,141.85,THR-138
-120.31,121.951,ILE-139
-93.5868,80.9249,HIS-140
-89.1527,165.882,TYR-141
-161.281,161.267,ASN-142
-161.734,171.274,TYR-143
-161.465,148.16,MET-144
-159.229,144.37,CYS-145
-100.158,151.904,ASN-146
-74.1532,-22.4984,SER-147
-82.2157,-10.2631,SER-148
-55.3542,123.537,CYS-149
-79.1047,-32.9234,MET-150
124.516,21.2896,GLY-151
70.3223,-171.667,GLY-152
-81.7548,-11.0656,ILE-153
-166.306,112.204,ASN-154
-48.1532,123.149,ARG-155
-144.985,155.582,ARG-156
-80.358,168.884,PRO-157
-136.461,144.324,ILE-158
-135.087,116.386,LEU-159
-96.3137,151.023,THR-160
-116.054,119.281,ILE-161
-107.544,129.218,ILE-162
-130.329,148.425,THR-163
-94.6198,147.502,LEU-164
-158.254,160.284,GLU-165
-100.956,157.798,ASP-166
-68.5388,-20.3491,SER-167
-69.6451,-14.462,SER-168
116.571,-23.9171,GLY-169
-72.6316,130.607,ASN-170
-81.5135,110.258,LEU-171
-92.1565,-19.8251,LEU-172
173.993,165.22,GLY-173
-146.142,141.571,ARG-174
-126.257,142.758,ASN-175
-143.279,144.791,SER-176
-146.068,158.021,PHE-177
-90.0043,150.076,GLU-178
-127.05,139.327,VAL-179
-127.462,134.041,ARG-180
-105.079,148.21,VAL-181
-176.388,167.584,CYS-182
-89.9187,-36.606,ALA-183
-114.428,83.6349,CYS-184
-38.1731,-38.4731,PRO-185
-67.2801,-42.6067,GLY-186
-55.8499,-56.7012,ARG-187
-60.5276,-52.7492,ASP-188
-47.5081,-51.0597,ARG-189
-54.1763,-49.7697,ARG-190
-57.454,-29.9359,THR-191
-94.1311,-33.9395,GLU-192
-74.3329,-3.23031,GLU-193
-65.6023,-17.4623,GLU-194
-82.1013,-0.883305,ASN-195
-95.0617,161.689,LEU-196
-99.5348,-17.4021,ARG-197
-58.403,162.178,LYS-198
-76.6034,132.167,LYS-199
-71.9489,149.367,GLY-200
-74.0075,148.491,GLU-201
-78.9277,145.958,PRO-202
-163.38,151.608,HIS-203
-53.6681,111.643,HIS-204
-84.0836,-3.83887,GLU-205
-89.8036,-40.6083,LEU-206
-81.0646,156.418,PRO-207
-59.4261,154.469,PRO-208
-63.9346,166.961,GLY-209
-78.4225,176.162,SER-210
-78.574,137.368,THR-211
-67.5037,138.944,LYS-212
65.8912,161.171,ARG-213
-73.2032,161.192,ALA-214
-60.365,-27.011,LEU-215
-54.1252,164.248,PRO-216
-107.407,15.8989,ASN-217
-48.6879,141.19,ASN-218
-65.4497,123.908,SER-2
-75.2154,143.654,SER-3
-113.861,141.485,VAL-4
-32.6648,108.36,PRO-5
-69.821,133.143,SER-6
-95.3907,-17.6262,GLN-7
-45.142,109.549,LYS-8
-61.6822,127.193,THR-9
-154.24,132.765,TYR-10
-66.8653,-24.4046,GLN-11
71.414,-151.491,GLY-12
-100.403,4.69055,SER-13
-109.086,-6.72896,TYR-14
82.2159,36.4255,GLY-15
-77.8242,123.274,PHE-16
-133.428,160.842,ARG-17
-124.455,162.7,LEU-18
-166.695,176.043,GLY-19
-126.328,161.026,PHE-20
-99.1976,94.6482,LEU-21
-77.9294,84.7586,HIS-22
-90.9167,-14.1576,SER-23
118.196,-129.547,GLY-24
-139.119,-12.6895,THR-25
-58.2836,150.67,ALA-26
-54.5878,-24.7716,LYS-27
-88.9728,-7.27974,SER-28
-71.0168,133.277,VAL-29
-85.6321,-30.17,THR-30
-166.868,160.562,CYS-31
-168.347,149.372,THR-32
-133.206,146.344,TYR-33
-114.662,104.56,SER-34
-58.5697,-25.0339,PRO-35
-70.762,-9.00433,ALA-36
-125.717,-22.0167,LEU-37
68.1428,6.17023,ASN-38
-91.6143,126.729,LYS-39
-89.7566,133.091,MET-40
-113.217,122.492,PHE-41
-123.959,129.497,CYS-42
-75.8197,142.403,GLN-43
-63.3163,146.93,LEU-44
67.3671,-39.6119,ALA-45
-83.3297,157.437,LYS-46
-78.0866,138.059,THR-47
-137.996,88.4038,CYS-48
-70.287,137.228,PRO-49
-121.564,148.706,VAL-50
-104.852,141.883,GLN-51
-141.086,143.334,LEU-52
-139.63,159.63,TRP-53
-136.911,162.628,VAL-54
-88.6756,-25.2526,ASP-55
-156.056,156.986,SER-56
-84.4153,134.552,THR-57
-73.6883,138.325,PRO-58
-59.8259,163.618,PRO-59
-64.6987,147.036,PRO-60
67.2252,15.3463,GLY-61
-72.8844,167.644,THR-62
-151.437,165.581,ARG-63
-122.137,137.742,VAL-64
-121.287,152.474,ARG-65
-130.308,130.367,ALA-66
-159.813,158.416,MET-67
-165.008,124.152,ALA-68
-121.958,155.028,ILE-69
-114.069,153.471,TYR-70
-139.198,164.417,LYS-71
-130.714,174.455,GLN-72
-59.0861,-24.4386,SER-73
-129.483,1.81674,GLN-74
-123.786,120.116,HIS-75
-120.665,10.3506,MET-76
-144.966,90.4005,THR-77
-150.486,163.511,GLU-78
-105.012,146.898,VAL-79
-67.4721,115.695,VAL-80
-146.945,161.629,ARG-81
-61.3387,143.729,ARG-82
-49.0512,145.353,CYS-83
-56.5337,-38.305,PRO-84
-73.094,-1.13202,HIS-85
-123.631,-12.5583,HIS-86
-60.8853,-45.4071,GLU-87
-81.6148,64.0524,ARG-88
-154.975,145.187,CYS-89
-62.1806,-25.6679,SER-90
-61.9571,-14.7885,ASP-91
-102.489,-2.66236,SER-92
-102.698,152.755,ASP-93
138.327,-104.323,GLY-94
-72.8391,10.8263,LEU-95
-164.43,165.758,ALA-96
-53.9753,152.366,PRO-97
-72.9381,-8.94112,PRO-98
-77.0585,-40.4439,GLN-99
-60.5697,137.423,HIS-100
-85.0449,-40.5858,LEU-101
-95.2881,128.988,ILE-102
-154.635,153.133,ARG-103
-124.741,140.402,VAL-104
-126.962,156.907,GLU-105
99.4132,-26.692,GLY-106
-101.454,120.793,ASN-107
-49.5799,-49.7974,LEU-108
-71.9542,27.8787,ARG-109
-67.993,123.753,VAL-110
-155.711,142.107,GLU-111
-104.404,120.729,TYR-112
-142.413,147.982,LEU-113
-74.5314,145.673,ASP-114
-78.8668,124.469,ASP-115
-66.8341,-22.4357,ARG-116
-90.3075,-47.4959,ASN-117
-101.938,-23.6225,THR-118
68.0719,-1.63508,PHE-119
-67.0243,108.011,ARG-120
-66.1049,121.031,HIS-121
-158.699,163.675,SER-122
-69.8681,131.862,VAL-123
-139.464,131.067,VAL-124
-113.663,152.474,VAL-125
-58.4571,167.781,PRO-126
-85.5308,118.732,TYR-127
-88.5945,151.449,GLU-128
-72.2821,171.72,PRO-129
-62.3801,157.947,PRO-130
-81.6989,164.443,GLU-131
-62.1746,122.421,VAL-132
63.7034,2.58693,GLY-133
-79.4707,178.546,SER-134
-104.407,-48.753,ASP-135
-92.1693,152.054,CYS-136
-66.9475,136.248,THR-137
-111.787,144.167,THR-138
-127.569,106.688,ILE-139
-70.7172,119.076,HIS-140
-93.2255,169.257,TYR-141
-146.99,169.029,ASN-142
-151.523,174.071,TYR-143
-154.143,120.758,MET-144
-127.556,166.785,CYS-145
-138.4,155.447,ASN-146
-74.9198,-25.6031,SER-147
-77.2452,5.78972,SER-148
-74.2635,132.058,CYS-149
-85.9703,-5.4336,MET-150
75.7309,45.8889,GLY-151
74.8052,-150.299,GLY-152
-83.2556,-34.3027,ILE-153
-153.685,114.295,ASN-154
-59.7032,122.999,ARG-155
-149.157,154.875,ARG-156
-81.9695,166.973,PRO-157
-133.924,148.585,ILE-158
-120.502,128.211,LEU-159
-106.158,148.892,THR-160
-132.206,108.028,ILE-161
-101.763,134.53,ILE-162
-145.804,142.939,THR-163
-105.3,124.134,LEU-164
-137.012,160.061,GLU-165
-72.7033,163.863,ASP-166
-71.7744,-14.8283,SER-167
-80.0432,7.58825,SER-168
82.7834,14.942,GLY-169
-86.9191,123.78,ASN-170
-77.0742,135.155,LEU-171
-121.32,-24.9131,LEU-172
-169.818,170.834,GLY-173
-157.754,153.267,ARG-174
-156.607,139.007,ASN-175
-138.148,148.551,SER-176
-154.788,165.11,PHE-177
-103.251,132.769,GLU-178
-107.443,144.122,VAL-179
-139.441,93.4112,ARG-180
-63.7278,135.773,VAL-181
-148.77,-175.815,CYS-182
-87.9147,-37.9464,ALA-183
-145.536,89.4473,CYS-184
-44.3077,-42.7487,PRO-185
-57.9757,-40.8623,GLY-186
-61.6153,-53.6698,ARG-187
-64.852,-27.3409,ASP-188
-75.7055,-52.3557,ARG-189
-48.2901,-37.3995,ARG-190
-66.6864,-42.1104,THR-191
-87.3697,-49.4264,GLU-192
-55.5447,-13.3496,GLU-193
-49.5431,-39.5201,GLU-194
-74.5319,-10.1533,ASN-195
-76.8571,164.415,LEU-196
-109.42,-24.3539,ARG-197
-57.133,152.658,LYS-198
-50.6945,141.082,LYS-199
-126.732,-163.58,GLY-200
-103.574,148.944,GLU-201
-87.4149,165.34,PRO-202
-168.679,161.973,HIS-203
-58.1967,129.345,HIS-204
-100.885,-12.317,GLU-205
-76.8235,-44.7286,LEU-206
-80.4757,158.886,PRO-207
-68.0615,175.276,PRO-208
-75.4033,178.39,GLY-209
-85.3047,177.28,SER-210
-77.0093,150.448,THR-211
-84.2214,128.291,LYS-212
60.7155,159.762,ARG-213
-71.5276,166.86,ALA-214
-63.4134,-27.7211,LEU-215
-58.7683,147.145,PRO-216
-91.7912,0.229688,ASN-217
-31.1591,153.679,ASN-218
-62.5948,149.699,SER-2
-97.5588,131.06,SER-3
-128.853,156.356,VAL-4
-71.4873,122.258,PRO-5
-80.0811,136.682,SER-6
-83.5002,-11.1707,GLN-7
-61.5439,133.285,LYS-8
-77.2908,145.349,THR-9
-165.148,150.642,TYR-10
-111.149,-15.3188,GLN-11
56.7359,-145.983,GLY-12
-72.4763,-53.0971,SER-13
-71.7242,-12.2177,TYR-14
82.5643,29.3799,GLY-15
-73.2045,136.176,PHE-16
-166.972,160.981,ARG-17
-148.486,144.519,LEU-18
-152.986,-162.383,GLY-19
-157.053,146.723,PHE-20
-97.7815,130.583,LEU-21
-72.8054,120.335,HIS-22
-130.529,6.18828,SER-23
113.337,-137.384,GLY-24
-146.769,-7.13576,THR-25
-56.3121,168.23,ALA-26
-53.122,-48.537,LYS-27
-62.8946,-17.4218,SER-28
-55.0882,116.557,VAL-29
-74.8751,-20.6613,THR-30
-174.505,166.171,CYS-31
-157.175,168.417,THR-32
-148.698,152.521,TYR-33
-119.338,109.24,SER-34
-67.5484,-16.3437,PRO-35
-82.2435,-2.85066,ALA-36
-128.736,-14.1329,LEU-37
51.0705,38.3944,ASN-38
-125.934,123.106,LYS-39
-94.7805,156.127,MET-40
-138.152,126.222,PHE-41
-138.755,131.791,CYS-42
-79.7115,129.674,GLN-43
-70.9015,150.186,LEU-44
58.2258,6.64428,ALA-45
-128.887,162.983,LYS-46
-78.1087,118.44,THR-47
-99.9573,122.657,CYS-48
-81.3074,138.176,PRO-49
-121.56,132.154,VAL-50
-109.031,136.001,GLN-51
-133.313,122.193,LEU-52
-123.89,162.39,TRP-53
-145.396,154.792,VAL-54
-72.8088,-34.9943,ASP-55
-164.611,148.472,SER-56
-66.1107,138.746,THR-57
-73.7304,163.188,PRO-58
-77.1262,154.918,PRO-59
-56.5413,158.32,PRO-60
80.4765,-16.3367,GLY-61
-60.767,158.22,THR-62
-163.416,134.712,ARG-63
-106.115,129.514,VAL-64
-121.031,152.245,ARG-65
-129.676,151.488,ALA-66
-163.548,165.963,MET-67
-154.027,127.805,ALA-68
-114.107,142.315,ILE-69
-131.311,159.422,TYR-70
-151.94,164.568,LYS-71
-129.847,178.703,GLN-72
-72.4361,6.9843,SER-73
-138.974,18.3949,GLN-74
-167.468,119.743,HIS-75
-109.851,-23.83,MET-76
-121.428,99.1367,THR-77
-158.631,151.345,GLU-78
-89.6082,139.399,VAL-79
-58.2246,116.405,VAL-80
-137.397,151.178,ARG-81
-61.8058,177.205,ARG-82
-63.4536,127.721,CYS-83
-60.6658,-44.3873,PRO-84
-64.8729,-39.824,HIS-85
-72.4512,-32.2548,HIS-86
-58.206,-41.3268,GLU-87
-76.9023,18.2116,ARG-88
-122.888,138.049,CYS-89
-60.8428,-15.5454,SER-90
-63.0265,-22.7344,ASP-91
-90.479,1.66438,SER-92
-102.823,126.312,ASP-93
164.76,-115.325,GLY-94
-58.1253,-10.3955,LEU-95
-145.767,161.325,ALA-96
-61.8401,155.752,PRO-97
-52.8506,-25.7712,PRO-98
-89.8664,1.65239,GLN-99
-92.4363,130.695,HIS-100
-84.954,-34.1228,LEU-101
-108.427,124.88,ILE-102
-135.534,141.281,ARG-103
-106.636,145.149,VAL-104
-142.785,-171.476,GLU-105
77.2086,-40.6599,GLY-106
-74.207,147.573,ASN-107
-69.7664,-57.1644,LEU-108
-82.123,-20.0751,ARG-109
-11.5714,123.818,VAL-110
-165.087,150.397,GLU-111
-82.0744,142.436,TYR-112
-138.207,153.638,LEU-113
-68.7897,156.141,ASP-114
-85.8,146.384,ASP-115
-63.5075,-46.2092,ARG-116
-79.6018,-27.2139,ASN-117
-118.63,-11.8834,THR-118
66.1469,4.44014,PHE-119
-75.5628,125.955,ARG-120
-76.6308,118.433,HIS-121
-166.183,142.288,SER-122
-60.1355,130.823,VAL-123
-114.248,142.32,VAL-124
-128.989,154.519,VAL-125
-62.9582,152.079,PRO-126
-65.6902,95.3521,TYR-127
-64.6856,146.868,GLU-128
-72.4606,152.03,PRO-129
-60.3446,168.307,PRO-130
-126.227,174.412,GLU-131
-59.057,138.181,VAL-132
86.7092,-15.3904,GLY-133
-103.834,164.73,SER-134
-115.302,-7.09478,ASP-135
-160.236,173.703,CYS-136
-84.183,123.675,THR-137
-116.233,120.34,THR-138
-106.213,123.379,ILE-139
-91.0198,119.281,HIS-140
-105.449,156.663,TYR-141
-143.493,159.104,ASN-142
-153.34,168.618,TYR-143
-158.741,142.569,MET-144
-166.915,158.378,CYS-145
-104.935,143.737,ASN-146
-60.9995,-41.9315,SER-147
-62.3556,-13.261,SER-148
-85.0802,138.447,CYS-149
-96.2291,-16.6155,MET-150
81.3387,46.5585,GLY-151
66.4876,-148.784,GLY-152
-90.2343,-19.1613,ILE-153
-151.443,105.299,ASN-154
-58.749,131.044,ARG-155
-149.476,165.256,ARG-156
-81.8705,159.722,PRO-157
-131.332,139.058,ILE-158
-90.8455,179.852,LEU-159
-140.339,151.044,THR-160
-119.67,113.58,ILE-161
-107.368,135.09,ILE-162
-135.411,151.23,THR-163
-105.426,129.585,LEU-164
-130.388,166.353,GLU-165
-76.7396,163.597,ASP-166
-67.3074,-11.9362,SER-167
-87.9688,-2.20048,SER-168
88.0923,-2.56678,GLY-169
-59.1423,136.862,ASN-170
-78.8007,136.764,LEU-171
-106.749,-31.358,LEU-172
178.704,-178.287,GLY-173
-151.259,148.219,ARG-174
-145.044,127.986,ASN-175
-131.338,159.665,SER-176
-158.143,166.541,PHE-177
-95.7126,130.324,GLU-178
-100.138,147.215,VAL-179
-142.523,112.458,ARG-180
-89.133,143.536,VAL-181
-164.315,178.506,CYS-182
-85.3416,-41.4026,ALA-183
-129.398,86.5152,CYS-184
-52.9217,-28.2983,PRO-185
-61.8054,-52.4096,GLY-186
-60.7229,-41.757,ARG-187
-68.829,-32.9028,ASP-188
-67.1448,-48.2763,ARG-189
-54.6875,-28.3962,ARG-190
-75.0888,-41.7527,THR-191
-96.7104,-22.7837,GLU-192
-87.7168,-0.292183,GLU-193
-50.0451,-46.8672,GLU-194
-70.7321,7.34258,ASN-195
-104.964,139.683,LEU-196
-73.6143,-34.2306,ARG-197
-82.9854,-177.023,LYS-198
-73.563,144.914,LYS-199
-121.059,-142.762,GLY-200
-143.836,157.39,GLU-201
-83.8134,145.06,PRO-202
-164.186,160.018,HIS-203
-44.6414,119.137,HIS-204
-90.1426,-23.0648,GLU-205
-54.5522,-52.8012,LEU-206
-64.5662,148.384,PRO-207
-65.7824,160.435,PRO-208
-75.495,151.603,GLY-209
-72.5195,174.437,SER-210
-72.7054,151,THR-211
-70.206,115.306,LYS-212
61.0322,171.69,ARG-213
-82.2664,142,ALA-214
-51.0725,-23.1008,LEU-215
-68.7045,138.373,PRO-216
-80.5794,21.1854,ASN-217
-63.7393,153.019,ASN-218
-69.1585,143.353,SER-2
-64.7639,145.395,SER-3
-122.515,163.671,VAL-4
-71.0159,128.168,PRO-5
-93.6716,141.494,SER-6
-85.4942,-9.05264,GLN-7
-67.2093,115.794,LYS-8
-49.2223,135.283,THR-9
-163.543,151.962,TYR-10
-93.4908,-28.8877,GLN-11
72.0162,-163.985,GLY-12
-97.7576,-8.13064,SER-13
-85.041,-0.860308,TYR-14
59.8954,34.6402,GLY-15
-65.5303,138.462,PHE-16
-160.491,176.907,ARG-17
-147.051,137.889,LEU-18
-154.283,-167.375,GLY-19
-135.819,160.808,PHE-20
-105.372,94.738,LEU-21
-79.8799,97.1826,HIS-22
-87.9572,-25.1399,SER-23
141.39,-144.668,GLY-24
-144.255,-15.2717,THR-25
-61.6245,158.255,ALA-26
-51.9586,-28.1583,LYS-27
-70.1176,-21.8955,SER-28
-72.2823,118.47,VAL-29
-78.4595,-0.647137,THR-30
170.556,154.261,CYS-31
-166.398,158.456,THR-32
-145.694,113.613,TYR-33
-72.4563,109.167,SER-34
-63.1299,-39.8767,PRO-35
-64.6745,-15.6878,ALA-36
-104.311,-30.8814,LEU-37
61.7864,38.3497,ASN-38
-119.204,122.693,LYS-39
-94.2205,117.271,MET-40
-94.9408,130.443,PHE-41
-126.599,128.524,CYS-42
-78.5786,141.489,GLN-43
-67.5905,141.536,LEU-44
65.1101,29.9249,ALA-45
-151.199,142.062,LYS-46
-61.4313,129.705,THR-47
-123.654,108.099,CYS-48
-78.2963,146.676,PRO-49
-124.593,142.918,VAL-50
-118.562,118.809,GLN-51
-115.757,157.828,LEU-52
-141.282,151.912,TRP-53
-149.201,142.209,VAL-54
-74.2851,-22.6962,ASP-55
-141.46,150.33,SER-56
-71.6524,126.864,THR-57
-72.5257,161.232,PRO-58
-66.0578,155.676,PRO-59
-55.4548,144.46,PRO-60
89.3763,9.34574,GLY-61
-85.9866,159.892,THR-62
-158.795,138.643,ARG-63
-90.9999,122.161,VAL-64
-101.528,152.92,ARG-65
-137.291,145.836,ALA-66
-166.653,163.559,MET-67
-158.158,140.04,ALA-68
-124.636,132.501,ILE-69
-104.711,152.956,TYR-70
-143.861,157.706,LYS-71
-140.519,165.547,GLN-72
-62.6342,-21.3746,SER-73
-113.227,-15.4137,GLN-74
-140.609,124.571,HIS-75
-106.905,-11.9801,MET-76
-123.695,108.756,THR-77
-159.003,156.906,GLU-78
-108.321,149.914,VAL-79
-67.1103,120.398,VAL-80
-133.97,159.713,ARG-81
-61.2913,167.669,ARG-82
-49.1559,144.449,CYS-83
-50.479,-64.4106,PRO-84
-66.0963,-21.0688,HIS-85
-83.0477,-44.7712,HIS-86
-54.5583,-16.0811,GLU-87
-111.168,-11.4438,ARG-88
-62.4999,143.069,CYS-89
-54.8036,-28.996,SER-90
-72.5875,-18.1976,ASP-91
-75.0922,-14.4934,SER-92
-84.3883,153.992,ASP-93
162.284,-112.275,GLY-94
-69.463,-10.0147,LEU-95
-132.785,169.608,ALA-96
-73.6232,157.21,PRO-97
-62.9243,-24.6637,PRO-98
-70.1108,-49.2122,GLN-99
-55.7793,122.77,HIS-100
-73.7172,-53.2083,LEU-101
-81.6037,122.054,ILE-102
-121.35,162.842,ARG-103
-134.056,146.515,VAL-104
-143.387,172.697,GLU-105
85.6733,-50.6388,GLY-106
-67.2539,131.248,ASN-107
-52.324,-68.4206,LEU-108
-73.4075,16.8526,ARG-109
-51.9134,133.611,VAL-110
-174.461,155.244,GLU-111
-118.902,129.794,TYR-112
-139.012,155.69,LEU-113
-71.4629,126.423,ASP-114
-68.868,128.31,ASP-115
-72.5043,-16.1848,ARG-116
-96.2467,-39.2283,ASN-117
-114.979,-10.4612,THR-118
75.6834,-24.3501,PHE-119
-43.8526,116.532,ARG-120
-81.6204,109.313,HIS-121
-134.68,145.046,SER-122
-63.2784,130.582,VAL-123
-137.296,135.284,VAL-124
-135.137,136.957,VAL-125
-68.2863,147.136,PRO-126
-57.9749,117.206,TYR-127
-93.8325,158.833,GLU-128
-75.4286,160.029,PRO-129
-44.9272,162.359,PRO-130
-123.776,164.023,GLU-131
-62.7214,121.926,VAL-132
102.613,1.14096,GLY-133
-128.501,149.271,SER-134
-100.184,-25.7039,ASP-135
-74.9206,159.028,CYS-136
-83.2684,131.179,THR-137
-107.074,140.075,THR-138
-115.478,128.529,ILE-139
-103.332,115.238,HIS-140
-99.3921,157.627,TYR-141
-130.111,164.346,ASN-142
-141.772,164.962,TYR-143
-136.126,144.706,MET-144
-153.211,164.091,CYS-145
-128.928,155.329,ASN-146
-83.1406,-51.4115,SER-147
-64.3442,-13.0091,SER-148
-73.349,137.044,CYS-149
-90.6782,-11.5331,MET-150
72.6584,30.655,GLY-151
46.3348,-141.493,GLY-152
-72.9377,-27.9615,ILE-153
-162.714,112.09,ASN-154
-59.8084,115.013,ARG-155
-144.874,163.766,ARG-156
-68.1579,154.674,PRO-157
-121.316,148.475,ILE-158
-108.48,166.161,LEU-159
-134.25,150.694,THR-160
-117.193,119.054,ILE-161
-114.397,130.748,ILE-162
-147.652,140.66,THR-163
-99.4988,116.592,LEU-164
-120.728,171.462,GLU-165
-102.06,154.585,ASP-166
-45.9595,-42.8417,SER-167
-61.3229,-29.7552,SER-168
136.21,-12.4596,GLY-169
-61.2433,130.554,ASN-170
-80.2516,137.753,LEU-171
-105.359,-29.7466,LEU-172
-174.309,171.963,GLY-173
-147.88,154.081,ARG-174
-162.521,129.108,ASN-175
-134.333,150.742,SER-176
-148.562,162.223,PHE-177
-88.2318,119.289,GLU-178
-94.457,140.034,VAL-179
-125.024,107.229,ARG-180
-85.5007,132.156,VAL-181
-159.495,167.569,CYS-182
-86.4677,-27.6773,ALA-183
-133.502,93.4308,CYS-184
-53.2418,-35.298,PRO-185
-62.7622,-36.2625,GLY-186
-69.4611,-50.643,ARG-187
-62.0907,-25.4062,ASP-188
-65.3758,-55.09,ARG-189
-52.1254,-41.0461,ARG-190
-63.3454,-43.0579,THR-191
-72.1306,-52.3754,GLU-192
-59.8396,-15.4451,GLU-193
-64.7898,-18.9629,GLU-194
-77.7429,-10.6739,ASN-195
-95.6149,160.409,LEU-196
-101.2,-26.2275,ARG-197
-56.3768,148.836,LYS-198
-48.1217,149.096,LYS-199
-139.614,-153.176,GLY-200
-118.185,152.469,GLU-201
-75.5846,143.724,PRO-202
-157.479,151.131,HIS-203
-50.4748,125.031,HIS-204
-76.9348,-20.6648,GLU-205
-65.9624,-46.2041,LEU-206
-67.6855,153.469,PRO-207
-69.0336,174.446,PRO-208
-59.0498,147.393,GLY-209
-70.9518,-179.684,SER-210
-79.253,144.099,THR-211
-65.2068,128.03,LYS-212
55.1213,160.983,ARG-213
-69.9302,155.944,ALA-214
-57.3544,-33.6187,LEU-215
-48.6744,138.422,PRO-216
-87.5702,16.367,ASN-217
-56.1183,127.81,ASN-218
-65.9876,154.543,SER-2
-68.6304,140.865,SER-3
-92.4556,153.75,VAL-4
-54.511,164.666,PRO-5
-137.197,151.019,SER-6
-105.876,-10.3995,GLN-7
-56.6455,121.746,LYS-8
-75.9539,133.657,THR-9
-159.605,145.202,TYR-10
-82.5578,-28.6224,GLN-11
65.7985,-164.831,GLY-12
-56.8246,-38.0317,SER-13
-98.5435,9.40976,TYR-14
71.8749,25.1007,GLY-15
-53.3736,109.182,PHE-16
-139.833,170.25,ARG-17
-144.826,159.861,LEU-18
-159.288,-172.496,GLY-19
-135.074,145.609,PHE-20
-82.4833,150.967,LEU-21
-145.003,130.8,HIS-22
-147.407,10.3687,SER-23
130.258,173.142,GLY-24
-119.856,6.98314,THR-25
-61.7798,144.81,ALA-26
-43.008,-31.2772,LYS-27
-82.5077,2.06148,SER-28
-94.8996,123.605,VAL-29
-79.4543,-13.954,THR-30
-155.525,169.605,CYS-31
-177.286,170.214,THR-32
-156.693,134.209,TYR-33
-104.93,107.429,SER-34
-65.8133,-29.9935,PRO-35
-78.0528,7.99622,ALA-36
-132.654,-31.16,LEU-37
78.2604,42.9553,ASN-38
-125.811,109.411,LYS-39
-75.7108,138.155,MET-40
-120.746,116.924,PHE-41
-113.984,134.801,CYS-42
-78.3163,134.413,GLN-43
-69.6746,148.706,LEU-44
61.3584,2.06961,ALA-45
-130.376,157.108,LYS-46
-64.6764,128.558,THR-47
-110.676,115.947,CYS-48
-66.1503,148.459,PRO-49
-122.33,125.986,VAL-50
-100.104,138.755,GLN-51
-128.347,139.001,LEU-52
-129.872,151.977,TRP-53
-139.844,141.331,VAL-54
-77.3766,-27.6699,ASP-55
-132.917,163.554,SER-56
-82.2017,136.111,THR-57
-84.8121,163.96,PRO-58
-80.2159,164.69,PRO-59
-57.3802,144.341,PRO-60
85.9283,-11.0206,GLY-61
-69.7992,153.945,THR-62
-164.568,142.505,ARG-63
-90.4788,135.514,VAL-64
-108.552,151.883,ARG-65
-132.909,149.535,ALA-66
-144.64,166.902,MET-67
-157.946,132.702,ALA-68
-116.784,145.974,ILE-69
-123.724,158.243,TYR-70
-142.368,160.782,LYS-71
-143.814,172.811,GLN-72
-61.4594,-20.5797,SER-73
-116.022,3.90412,GLN-74
-163.43,132.792,HIS-75
-116.957,-17.3057,MET-76
-108.58,71.0259,THR-77
-132.265,159.215,GLU-78
-92.3842,153.621,VAL-79
-63.5329,134.936,VAL-80
-159.476,157.862,ARG-81
-59.5911,151.024,ARG-82
-50.1605,146.383,CYS-83
-44.986,-48.7454,PRO-84
-62.3659,-50.3448,HIS-85
-60.5518,-33.7569,HIS-86
-69.0399,-39.9036,GLU-87
-79.1186,10.0773,ARG-88
-105.46,141.917,CYS-89
-64.3054,-15.0221,SER-90
-58.1441,-12.0002,ASP-91
-104.278,5.11957,SER-92
-86.3652,146.538,ASP-93
163.256,-126.093,GLY-94
-80.5813,-2.2372,LEU-95
-138.616,164.25,ALA-96
-53.5008,159.205,PRO-97
-69.0572,-20.5951,PRO-98
-50.2652,-50.6183,GLN-99
-73.4771,131.578,HIS-100
-67.5094,-51.0452,LEU-101
-86.3488,121.637,ILE-102
-136.354,151.181,ARG-103
-92.7998,170.525,VAL-104
-162.141,163.967,GLU-105
89.5466,-37.0503,GLY-106
-69.1051,135.642,ASN-107
-72.4757,-59.7396,LEU-108
-65.5904,41.7174,ARG-109
-85.9775,119.676,VAL-110
-159.351,134.794,GLU-111
-70.5361,126.618,TYR-112
-133.656,151.752,LEU-113
-83.0119,115.584,ASP-114
-54.0757,126.461,ASP-115
-69.1136,-26.5726,ARG-116
-86.0049,-35.7154,ASN-117
-129.886,4.84675,THR-118
61.8666,-0.279328,PHE-119
-70.3593,112.888,ARG-120
-85.4273,108.199,HIS-121
-160.809,134.852,SER-122
-58.5566,115.369,VAL-123
-116.984,141.432,VAL-124
-146.296,141.282,VAL-125
-70.7011,140.639,PRO-126
-73.7162,110.475,TYR-127
-89.602,160.947,GLU-128
-58.981,172.16,PRO-129
-70.1301,141.482,PRO-130
-85.2488,152.275,GLU-131
-46.5207,123.97,VAL-132
104.479,-5.28699,GLY-133
-135.656,160.997,SER-134
-94.2438,-23.7054,ASP-135
-128.942,139.631,CYS-136
-53.2687,134.811,THR-137
-135.619,115.138,THR-138
-107.81,131.308,ILE-139
-91.9014,147.403,HIS-140
-135.553,161.225,TYR-141
-144.858,164.658,ASN-142
-154.083,139.168,TYR-143
-126.311,130.715,MET-144
-128.281,147.009,CYS-145
-86.0916,146.304,ASN-146
-87.7012,-5.64439,SER-147
-121.452,11.5773,SER-148
-57.3694,106.178,CYS-149
-77.3775,-8.07475,MET-150
100.46,-16.9856,GLY-151
69.831,-154.328,GLY-152
-61.8001,-31.8784,ILE-153
-158.428,133.825,ASN-154
-73.4828,127.04,ARG-155
-152.3,157.644,ARG-156
-92.7048,168.633,PRO-157
-132.184,148.301,ILE-158
-94.933,177.155,LEU-159
-126.139,158.972,THR-160
-126.319,101.292,ILE-161
-108.554,128.834,ILE-162
-147.276,135.215,THR-163
-90.5268,127.162,LEU-164
-134.304,166.617,GLU-165
-81.1891,179.217,ASP-166
-63.9841,-30.9557,SER-167
-71.0702,-12.4843,SER-168
95.0175,-7.83274,GLY-169
-56.0098,121.08,ASN-170
-71.6756,135.435,LEU-171
-114.755,-27.8788,LEU-172
-175.733,147.499,GLY-173
-104.26,151.859,ARG-174
-154.085,139.103,ASN-175
-154.548,153.88,SER-176
-162.425,154.609,PHE-177
-74.2611,146.828,GLU-178
-139.166,137.205,VAL-179
-137.101,122.651,ARG-180
-94.6161,131.406,VAL-181
-154.941,177.026,CYS-182
-79.4195,-59.8783,ALA-183
-108.184,90.2881,CYS-184
-35.7869,-43.5339,PRO-185
-65.2193,-44.1234,GLY-186
-67.0893,-59.1843,ARG-187
-40.2547,-50.4206,ASP-188
-54.1291,-54.6288,ARG-189
-47.272,-45.8543,ARG-190
-65.8704,-41.5477,THR-191
-68.1168,-38.7274,GLU-192
-90.2337,0.776563,GLU-193
-60.1208,-26.2965,GLU-194
-77.8431,-13.6403,ASN-195
-88.051,128.471,LEU-196
-93.9703,-11.1742,ARG-197
-61.6921,157.065,LYS-198
-61.6804,146.483,LYS-199
-123.969,-158.949,GLY-200
-103.133,148.715,GLU-201
-70.7464,161.748,PRO-202
-169.409,143.934,HIS-203
-40.9717,132.345,HIS-204
-86.654,4.47139,GLU-205
-107.987,-28.5296,LEU-206
-72.7764,147.052,PRO-207
-87.7477,-179.383,PRO-208
-95.3761,165.839,GLY-209
-89.6939,175.563,SER-210
-85.9537,147.673,THR-211
-66.4458,110.729,LYS-212
80.515,160.975,ARG-213
-59.0752,168.452,ALA-214
-77.9702,-18.0529,LEU-215
-61.2992,141.127,PRO-216
-82.766,14.7552,ASN-217
-55.0491,117.599,ASN-218
-89.4556,144.951,SER-2
-69.942,147.863,SER-3
-117.085,152.958,VAL-4
-63.229,139.242,PRO-5
-107.525,152.892,SER-6
-114.486,-5.16637,GLN-7
-61.2647,128.721,LYS-8
-83.1176,132.326,THR-9
-150.835,138.298,TYR-10
-94.2782,-22.787,GLN-11
81.9882,-157.986,GLY-12
-70.8523,-2.19588,SER-13
-128.015,-16.3568,TYR-14
79.7245,36.8568,GLY-15
-67.185,124.268,PHE-16
-143.802,174.105,ARG-17
-134.144,-179.628,LEU-18
164.43,-175.855,GLY-19
-141.798,138.036,PHE-20
-85.302,108.474,LEU-21
-65.1694,102.63,HIS-22
-122.73,22.5306,SER-23
102.785,-157.795,GLY-24
-146.013,-22.6056,THR-25
-47.7841,152.339,ALA-26
-44.5149,-37.8331,LYS-27
-80.0251,-12.0468,SER-28
-71.3358,116.916,VAL-29
-67.9752,-37.9077,THR-30
-140.647,159.13,CYS-31
-159.504,158.445,THR-32
-147.624,124.668,TYR-33
-98.8713,100.039,SER-34
-61.3927,-38.4869,PRO-35
-79.1669,7.46103,ALA-36
-130.521,-5.6353,LEU-37
51.5701,48.8058,ASN-38
-135.312,128.274,LYS-39
-101.038,143.077,MET-40
-118.05,121.717,PHE-41
-111.334,124.138,CYS-42
-66.3396,130.8,GLN-43
-61.9178,148.248,LEU-44
66.2124,-6.04118,ALA-45
-122.302,162.824,LYS-46
-76.5761,117.136,THR-47
-109.448,76.0473,CYS-48
-63.2355,143.673,PRO-49
-120.596,150.16,VAL-50
-107.098,139.812,GLN-51
-140.33,146.326,LEU-52
-149.149,165.02,TRP-53
-127.162,176.471,VAL-54
-103.648,-32.3132,ASP-55
-132.933,148.942,SER-56
-54.5159,139.689,THR-57
-83.581,168.055,PRO-58
-55.3521,162.212,PRO-59
-72.6445,135.889,PRO-60
74.7948,29.6384,GLY-61
-84.0611,159.302,THR-62
-141.04,146.374,ARG-63
-102.286,112.237,VAL-64
-95.0812,153.557,ARG-65
-128.016,159.956,ALA-66
-162.522,159.139,MET-67
-155.884,123.202,ALA-68
-108.833,145.439,ILE-69
-123.331,157.488,TYR-70
-150.46,140.752,LYS-71
-129.861,146.439,GLN-72
-57.3941,6.02913,SER-73
-134.508,-0.593767,GLN-74
-146.794,102.682,HIS-75
-70.5334,-24.2348,MET-76
-146.665,134.351,THR-77
-164.115,157.491,GLU-78
-98.2229,138.023,VAL-79
-57.0969,128.765,VAL-80
-144.021,157.207,ARG-81
-52.0309,158.171,ARG-82
-58.9584,155.544,CYS-83
-56.3304,-47.5344,PRO-84
-61.7374,-39.6183,HIS-85
-74.7427,-38.6095,HIS-86
-66.0583,-30.6324,GLU-87
-92.1766,22.2185,ARG-88
-91.4441,148.215,CYS-89
-49.1452,-28.9378,SER-90
-87.6464,-12.563,ASP-91
-81.5329,-16.8644,SER-92
-78.2399,156.956,ASP-93
129.516,-119.902,GLY-94
-68.9655,7.17243,LEU-95
-161.233,162.97,ALA-96
-66.1325,153.233,PRO-97
-63.0978,-20.8974,PRO-98
-69.4322,-44.6798,GLN-99
-74.551,131.352,HIS-100
-85.8152,-38.4071,LEU-101
-75.0107,136.472,ILE-102
-156.229,145.669,ARG-103
-122.365,143.201,VAL-104
-132.48,-171.239,GLU-105
72.9341,-54.4846,GLY-106
-81.3348,131.331,ASN-107
-79.2171,-40.9976,LEU-108
-71.5744,23.192,ARG-109
-67.2871,127.963,VAL-110
-153.89,170.057,GLU-111
-104.898,134.418,TYR-112
-138.524,155.445,LEU-113
-82.373,122.001,ASP-114
-53.7613,149.382,ASP-115
-85.2811,-29.5023,ARG-116
-80.9754,-46.5616,ASN-117
-104.141,-21.63,THR-118
69.4391,7.579,PHE-119
-64.6575,113.758,ARG-120
-83.2959,111.815,HIS-121
-156.816,156.046,SER-122
-66.9537,129.847,VAL-123
-124.524,121.138,VAL-124
-116.822,175.082,VAL-125
-74.8976,153.976,PRO-126
-74.3277,132.925,TYR-127
-110.851,156.12,GLU-128
-70.9223,164.721,PRO-129
-44.144,143.989,PRO-130
-76.9274,170.258,GLU-131
-69.3272,131.387,VAL-132
91.7136,-18.6329,GLY-133
-74.3929,169.229,SER-134
-109.017,-33.348,ASP-135
-98.0898,172.859,CYS-136
-83.1545,131.465,THR-137
-112.014,129.102,THR-138
-103.116,144.152,ILE-139
-99.0822,111.728,HIS-140
-114.849,147.504,TYR-141
-140.72,150.604,ASN-142
-150.267,155.766,TYR-143
-142.542,135.627,MET-144
-136.92,147.56,CYS-145
-106.932,154.642,ASN-146
-91.5517,-30.514,SER-147
-87.9774,13.3463,SER-148
-68.612,134.34,CYS-149
-69.887,-46.2161,MET-150
101.518,4.74954,GLY-151
62.2455,-156.818,GLY-152
-67.8322,-24.5829,ILE-153
-165.193,123.074,ASN-154
-53.7719,98.8746,ARG-155
-123.534,157.978,ARG-156
-70.603,151.034,PRO-157
-117.412,140.061,ILE-158
-103.383,154.718,LEU-159
-117.123,143.275,THR-160
-114.229,115.382,ILE-161
-120.813,116.449,ILE-162
-142.028,145.218,THR-163
-107.027,133.304,LEU-164
-148.68,166.309,GLU-165
-84.6957,161.866,ASP-166
-58.1006,-10.4258,SER-167
-112.368,14.7333,SER-168
88.9367,-10.4554,GLY-169
-77.6647,119.728,ASN-170
-58.9064,138.796,LEU-171
-123.564,-11.2241,LEU-172
176.185,159.743,GLY-173
-144.403,151.439,ARG-174
-151.464,151.843,ASN-175
-159.001,142.976,SER-176
-140.911,167.574,PHE-177
-87.5465,135.052,GLU-178
-106.765,143.248,VAL-179
-148.318,106.977,ARG-180
-91.9503,134.391,VAL-181
-160.01,-177.555,CYS-182
-91.5336,-30.6322,ALA-183
-135.873,91.0473,CYS-184
-37.5717,-38.5982,PRO-185
-67.5665,-32.4579,GLY-186
-85.9544,-31.6202,ARG-187
-75.0069,-35.2743,ASP-188
-65.5882,-44.3374,ARG-189
-52.284,-38.3768,ARG-190
-68.2526,-45.7812,THR-191
-80.0053,-33.7835,GLU-192
-69.7149,-16.8419,GLU-193
-58.5197,-10.1393,GLU-194
-102.971,7.13327,ASN-195
-91.9148,147.609,LEU-196
-82.7882,-23.3702,ARG-197
-69.5355,161.461,LYS-198
-57.9511,152.432,LYS-199
-121.37,-147.752,GLY-200
-122.882,146.504,GLU-201
-76.1009,138.336,PRO-202
-144.69,152.752,HIS-203
-43.588,132.187,HIS-204
-85.0752,-30.6829,GLU-205
-72.8914,-35.5436,LEU-206
-55.1993,157.699,PRO-207
-82.9259,176.602,PRO-208
-76.5508,140.245,GLY-209
-72.2555,178.379,SER-210
-80.2087,153.212,THR-211
-87.6508,113.577,LYS-212
56.0959,158.2,ARG-213
-68.8091,161.776,ALA-214
-58.2562,-40.3171,LEU-215
-65.3436,138.174,PRO-216
-74.3357,24.6362,ASN-217
-67.0174,140.592,ASN-218
-117.221,175.495,SER-2
-118.853,133.796,SER-3
-130.076,145.602,VAL-4
-81.086,117.665,PRO-5
-55.8192,151.514,SER-6
-94.6457,-15.3445,GLN-7
-52.3203,123.698,LYS-8
-74.8574,144.892,THR-9
-171.018,134.328,TYR-10
-92.5014,-22.6734,GLN-11
31.3157,-137.677,GLY-12
-77.8961,20.6766,SER-13
-146.88,-12.5113,TYR-14
86.1806,33.2138,GLY-15
-70.5301,119.147,PHE-16
-152.642,148.99,ARG-17
-138.021,138.226,LEU-18
-152.45,-177.771,GLY-19
-134.802,139.58,PHE-20
-67.437,154.98,LEU-21
-113.951,112.72,HIS-22
-126.245,13.8524,SER-23
99.5489,-162.43,GLY-24
-142.898,-13.5604,THR-25
-47.4769,140.036,ALA-26
-40.3334,-39.9591,LYS-27
-67.6672,-19.486,SER-28
-85.8203,120.168,VAL-29
-68.008,-8.93131,THR-30
-172.341,168.659,CYS-31
-169.643,149.657,THR-32
-130.405,141.086,TYR-33
-105.887,114.848,SER-34
-83.0667,-4.8614,PRO-35
-82.6462,-1.01488,ALA-36
-140.396,-4.75007,LEU-37
59.7471,38.0482,ASN-38
-117.029,118.952,LYS-39
-92.7536,130.995,MET-40
-103.493,137.368,PHE-41
-132.402,149.887,CYS-42
-105.113,124.588,GLN-43
-44.1801,130.592,LEU-44
63.5627,21.8994,ALA-45
-128.819,141.211,LYS-46
-64.5839,121.638,THR-47
-121.218,113.932,CYS-48
-78.9034,157.864,PRO-49
-138.395,140.049,VAL-50
-105.803,148.13,GLN-51
-139.409,152.334,LEU-52
-151.035,165.07,TRP-53
-132.505,176.689,VAL-54
-106.631,-47.9747,ASP-55
-104.128,135.707,SER-56
-65.6502,135.382,THR-57
-84.2259,154.227,PRO-58
-61.9449,176.257,PRO-59
-75.8223,159.083,PRO-60
73.6834,-4.09869,GLY-61
-52.8619,145.136,THR-62
-150.757,138.811,ARG-63
-98.232,147.585,VAL-64
-137.635,132.31,ARG-65
-95.8568,139.387,ALA-66
-126.706,153.883,MET-67
-134.517,116.627,ALA-68
-108.926,148.441,ILE-69
-131.139,148.868,TYR-70
-147.786,150.949,LYS-71
-132.745,156.796,GLN-72
-74.5476,-7.40826,SER-73
-102.49,-12.2893,GLN-74
-151.483,112.144,HIS-75
-95.1976,-9.75021,MET-76
-144.377,119.79,THR-77
-165.576,166.766,GLU-78
-111.426,148.88,VAL-79
-63.3812,117.25,VAL-80
-150.113,166.476,ARG-81
-63.8734,155.808,ARG-82
-52.89,151.792,CYS-83
-29.4569,-64.4719,PRO-84
-56.337,-42.6183,HIS-85
-80.7909,-41.0587,HIS-86
-45.6889,-36.4732,GLU-87
-97.4707,21.6688,ARG-88
-100.372,139.476,CYS-89
-62.965,-20.8657,SER-90
-69.139,-15.7392,ASP-91
-97.8549,0.165413,SER-92
-87.0121,135.194,ASP-93
175.861,-115.432,GLY-94
-64.8197,-9.30443,LEU-95
-137.618,160.906,ALA-96
-66.9062,140.869,PRO-97
-27.1837,-43.4254,PRO-98
-63.0344,-54.3538,GLN-99
-65.7699,133.825,HIS-100
-83.651,-37.256,LEU-101
-81.9578,131.453,ILE-102
-139.59,148.704,ARG-103
-121.485,146.608,VAL-104
-142.137,140.068,GLU-105
91.2912,-12.6867,GLY-106
-70.521,138.191,ASN-107
-59.1472,-64.8502,LEU-108
-83.6517,40.153,ARG-109
-68.9338,126.664,VAL-110
-168.905,161.398,GLU-111
-109.601,123.028,TYR-112
-134.649,157.593,LEU-113
-73.5553,142.146,ASP-114
-85.1841,137.633,ASP-115
-70.3977,-14.4286,ARG-116
-101.489,-48.8775,ASN-117
-99.4503,-7.7705,THR-118
68.5966,-12.5595,PHE-119
-54.3845,122.009,ARG-120
-79.086,120.909,HIS-121
-156.943,141.927,SER-122
-65.3748,109.665,VAL-123
-91.0237,138.543,VAL-124
-136.494,156.559,VAL-125
-64.5104,157.497,PRO-126
-67.5432,111.206,TYR-127
-94.2512,163.456,GLU-128
-80.7515,178.535,PRO-129
-53.8221,155.501,PRO-130
-66.5704,151.652,GLU-131
-45.3446,121.113,VAL-132
75.5688,16.0599,GLY-133
-113.793,171.274,SER-134
-112.358,-31.9912,ASP-135
-80.6575,147.68,CYS-136
-71.2961,157.704,THR-137
-156.727,137.491,THR-138
-118.289,150.913,ILE-139
-118.256,132.919,HIS-140
-117.929,162.647,TYR-141
-145.296,171.072,ASN-142
-156.854,174.563,TYR-143
-147.55,159.721,MET-144
-158.693,121.748,CYS-145
-70.3398,177.46,ASN-146
-104.164,-14.3676,SER-147
-126.082,8.82287,SER-148
-55.8553,123.143,CYS-149
-62.1375,-31.8258,MET-150
82.0695,43.1,GLY-151
58.8206,-142.785,GLY-152
-76.7611,-39.5143,ILE-153
-151.292,118.362,ASN-154
-44.8357,107.025,ARG-155
-140.801,155.164,ARG-156
-86.3543,170.322,PRO-157
-143.619,138.84,ILE-158
-89.5588,178.551,LEU-159
-127.82,152.205,THR-160
-116.28,105.493,ILE-161
-93.4767,119.465,ILE-162
-108.392,158.077,THR-163
-122.71,125.972,LEU-164
-138.499,160.896,GLU-165
-85.7063,170.174,ASP-166
-70.9072,-21.3043,SER-167
-65.3505,-14.1289,SER-168
84.6961,2.46652,GLY-169
-80.1132,127.814,ASN-170
-74.295,114.554,LEU-171
-89.8003,-37.3353,LEU-172
-160.119,166.145,GLY-173
-153.524,150.626,ARG-174
-142.374,143.987,ASN-175
-134.397,136.356,SER-176
-128.667,156.236,PHE-177
-83.2521,129.811,GLU-178
-89.0054,134.651,VAL-179
-132.064,76.9829,ARG-180
-70.2021,137.853,VAL-181
-167.504,-175.511,CYS-182
-82.1005,-51.8341,ALA-183
-113.767,104.114,CYS-184
-36.4991,-55.1604,PRO-185
-53.9511,-47.4726,GLY-186
-74.6607,-40.9778,ARG-187
-65.312,-31.1978,ASP-188
-70.9376,-49.8196,ARG-189
-52.3117,-34.7343,ARG-190
-76.4286,-43.1073,THR-191
-63.1476,-52.6138,GLU-192
-68.3977,-1.66598,GLU-193
-66.1721,-36.4166,GLU-194
-82.3653,0.264928,ASN-195
-94.4108,151.651,LEU-196
-94.1395,-24.7194,ARG-197
-71.4749,148.42,LYS-198
-73.5243,138.488,LYS-199
-101.187,-133.03,GLY-200
-122.019,140.644,GLU-201
-84.657,163.459,PRO-202
-162.215,165.889,HIS-203
-34.7956,109.093,HIS-204
-71.3991,-40.9387,GLU-205
-49.9309,-46.9555,LEU-206
-86.2939,160.55,PRO-207
-61.6367,160.475,PRO-208
-88.2232,178.44,GLY-209
-64.6326,-177.08,SER-210
-73.2943,147.722,THR-211
-65.7187,134.954,LYS-212
57.3085,167.605,ARG-213
-63.271,164.184,ALA-214
-65.0563,-36.2887,LEU-215
-70.8954,159.142,PRO-216
-90.02,8.43864,ASN-217
-42.216,131.439,ASN-218
-67.4861,175.392,SER-2
-139.207,157.161,SER-3
-127.606,152.533,VAL-4
-67.2576,155.067,PRO-5
-97.4651,152.32,SER-6
-83.7111,-35.2224,GLN-7
-57.0695,123.414,LYS-8
-69.2606,144.346,THR-9
-173.886,141.445,TYR-10
-90.5579,-6.19161,GLN-11
62.9233,-174.95,GLY-12
-49.4148,-3.2859,SER-13
-124.682,-10.2404,TYR-14
65.625,19.4414,GLY-15
-62.7932,118.323,PHE-16
-145.121,152.858,ARG-17
-133.642,148.094,LEU-18
-165.263,-159.596,GLY-19
-143.486,169.661,PHE-20
-112.817,123.401,LEU-21
-100.533,85.419,HIS-22
-73.4896,-0.678465,SER-23
93.1213,-171.79,GLY-24
-123.587,1.58376,THR-25
-73.1046,151.185,ALA-26
-32.8699,-45.8028,LYS-27
-82.9762,-13.5259,SER-28
-57.9891,131.014,VAL-29
-82.0727,-26.1864,THR-30
-162.66,163.046,CYS-31
-174.177,143.896,THR-32
-124.921,140.393,TYR-33
-116.42,108.328,SER-34
-62.2234,-32.8772,PRO-35
-75.8765,-21.5561,ALA-36
-94.9861,-11.859,LEU-37
60.9988,37.9173,ASN-38
-122.238,132.072,LYS-39
-105.295,116.025,MET-40
-100.836,127.514,PHE-41
-125.542,156.875,CYS-42
-107.983,118.603,GLN-43
-40.075,120.911,LEU-44
78.6841,-19.4052,ALA-45
-102.74,159.961,LYS-46
-67.6894,119.047,THR-47
-120.147,98.412,CYS-48
-63.846,135.189,PRO-49
-134.792,118.963,VAL-50
-110.392,146.711,GLN-51
-144.545,144.263,LEU-52
-146.542,162.238,TRP-53
-127.836,153.249,VAL-54
-75.0802,-48.5216,ASP-55
-127.81,125.432,SER-56
-62.1198,128.906,THR-57
-73.0679,158.627,PRO-58
-66.1885,166.513,PRO-59
-70.0591,155.278,PRO-60
70.6131,8.06505,GLY-61
-75.8134,151.07,THR-62
-154.295,164.054,ARG-63
-113.303,145.374,VAL-64
-116.492,141.233,ARG-65
-125.931,131.336,ALA-66
-112.717,-178.048,MET-67
-169.549,99.5449,ALA-68
-88.5715,149.724,ILE-69
-137.159,167.356,TYR-70
-155.523,143.736,LYS-71
-121.55,167.444,GLN-72
-58.801,-0.943365,SER-73
-141.257,-12.1712,GLN-74
-150.182,107.161,HIS-75
-82.6603,-12.2617,MET-76
-142.829,53.1251,THR-77
-100.865,167.093,GLU-78
-120.86,152.156,VAL-79
-68.7376,132.739,VAL-80
-139.873,159.502,ARG-81
-53.1731,164.7,ARG-82
-61.1712,146.865,CYS-83
-71.2808,-20.4435,PRO-84
-80.4341,-17.991,HIS-85
-92.5502,-40.5824,HIS-86
-66.426,-28.2847,GLU-87
-92.6292,2.54371,ARG-88
-82.049,119.809,CYS-89
-46.9498,-23.9979,SER-90
-54.291,-35.9336,ASP-91
-77.2354,-9.27208,SER-92
-74.3265,132.232,ASP-93
172.618,-122.233,GLY-94
-62.9085,6.50928,LEU-95
-163.582,164.695,ALA-96
-61.997,138.487,PRO-97
-61.3885,-15.5499,PRO-98
-74.6558,-37.1283,GLN-99
-66.7807,128.643,HIS-100
-95.04,-32.0846,LEU-101
-90.5656,110.858,ILE-102
-118.335,172.349,ARG-103
-128.306,146.79,VAL-104
-120.316,160.883,GLU-105
58.74,6.06645,GLY-106
-91.3986,89.2733,ASN-107
-59.7316,-23.1378,LEU-108
-84.3247,-1.71987,ARG-109
-49.1419,146.034,VAL-110
-161.267,156.907,GLU-111
-112.753,129.714,TYR-112
-138.175,154.541,LEU-113
-66.2665,140.548,ASP-114
-65.4093,117.907,ASP-115
-44.3978,-42.0415,ARG-116
-91.9777,-30.8157,ASN-117
-116.14,-17.1974,THR-118
71.5697,18.8777,PHE-119
-79.8139,107.667,ARG-120
-71.9961,114.715,HIS-121
-151.867,166.4,SER-122
-73.5128,140.735,VAL-123
-129.452,121.704,VAL-124
-126.945,148.39,VAL-125
-53.974,147.181,PRO-126
-73.3791,113.454,TYR-127
-102.882,155.404,GLU-128
-77.2906,156.376,PRO-129
-52.5993,134.029,PRO-130
-73.2483,173.622,GLU-131
-46.0384,111.213,VAL-132
88.4027,-18.2539,GLY-133
-75.4861,154.846,SER-134
-71.065,-44.9526,ASP-135
-139.739,166.282,CYS-136
-71.744,140.022,THR-137
-143.258,135.574,THR-138
-121.481,125.552,ILE-139
-95.7313,99.5367,HIS-140
-87.8489,173.593,TYR-141
-159.354,156.893,ASN-142
-148.652,-176.605,TYR-143
-155.921,139.082,MET-144
-127.481,145.333,CYS-145
-96.3635,159.787,ASN-146
-72.8038,-46.2307,SER-147
-89.5842,4.03967,SER-148
-57.2857,142.333,CYS-149
-73.0051,-33.4967,MET-150
76.4823,21.1746,GLY-151
84.8761,-158.604,GLY-152
-92.9408,-6.36195,ILE-153
-167.757,94.545,ASN-154
-52.0831,114.522,ARG-155
-137.271,166.272,ARG-156
-82.9474,169.415,PRO-157
-122.304,146.24,ILE-158
-99.63,160.999,LEU-159
-122.762,151.538,THR-160
-125.37,104.361,ILE-161
-99.0291,116.32,ILE-162
-127.37,140.743,THR-163
-99.8743,133.677,LEU-164
-139.541,150.382,GLU-165
-74.8808,164.733,ASP-166
-64.2724,-20.5429,SER-167
-86.8314,4.90874,SER-168
90.9163,-5.55744,GLY-169
-66.3218,139.915,ASN-170
-70.3548,111.818,LEU-171
-107.387,-19.2361,LEU-172
-175.036,174.465,GLY-173
-158.857,148.272,ARG-174
-160.37,133.279,ASN-175
-136.109,146.115,SER-176
-145.659,148.553,PHE-177
-74.3983,146.402,GLU-178
-118.802,146.088,VAL-179
-142.299,103.332,ARG-180
-74.8601,127.588,VAL-181
-144.064,-168.113,CYS-182
-121.029,-26.4879,ALA-183
-124.066,98.851,CYS-184
-51.498,-42.9686,PRO-185
-70.8981,-38.5756,GLY-186
-61.3515,-51.484,ARG-187
-63.9663,-54.7577,ASP-188
-41.5248,-55.1079,ARG-189
-62.4129,-30.6486,ARG-190
-70.2868,-47.2982,THR-191
-73.871,-37.9939,GLU-192
-81.0464,-5.45803,GLU-193
-65.0174,-28.3211,GLU-194
-72.1053,-14.1377,ASN-195
-80.5641,148.888,LEU-196
-70.7516,-39.2015,ARG-197
-67.8883,159.207,LYS-198
-68.2921,132.94,LYS-199
-105.483,158.944,GLY-200
-59.0658,141.531,GLU-201
-63.5183,161.846,PRO-202
168.34,171.162,HIS-203
-59.4934,134.514,HIS-204
-98.0762,-18.4282,GLU-205
-87.3248,-42.1501,LEU-206
-64.3146,151.34,PRO-207
-51.8916,161.686,PRO-208
-75.9559,-166.003,GLY-209
-112.267,-179.888,SER-210
-67.7051,163.572,THR-211
-69.1472,112.333,LYS-212
70.9778,157.517,ARG-213
-61.1989,169.546,ALA-214
-75.0471,-34.4467,LEU-215
-58.1579,123.664,PRO-216
-71.3469,24.8637,ASN-217
-65.826,139.203,ASN-218
-84.8167,153.205,SER-2
-135.253,150.164,SER-3
-78.7116,139.002,VAL-4
-61.8804,148.876,PRO-5
-99.7165,143.754,SER-6
-97.6147,9.31121,GLN-7
-62.5479,117.581,LYS-8
-71.8463,126.175,THR-9
-153.596,134.753,TYR-10
-81.8099,-13.6966,GLN-11
78.6071,-152.786,GLY-12
-80.6565,-17.6451,SER-13
-111.581,-13.0852,TYR-14
93.2785,19.2242,GLY-15
-60.0541,140.183,PHE-16
-163.78,145.34,ARG-17
-129.983,132.257,LEU-18
-130.583,167.894,GLY-19
-111.209,160.01,PHE-20
-85.926,112.164,LEU-21
-72.9674,97.7597,HIS-22
-107.737,20.4638,SER-23
72.2084,-147.351,GLY-24
-153.357,-13.1927,THR-25
-54.7222,158.452,ALA-26
-36.2149,-48.4642,LYS-27
-96.4459,-2.59172,SER-28
-64.7034,132.666,VAL-29
-81.5997,-34.1973,THR-30
-153.679,153.759,CYS-31
-165.847,142.415,THR-32
-129.176,128.92,TYR-33
-101.952,105.593,SER-34
-60.1507,-30.2938,PRO-35
-79.1608,-7.56368,ALA-36
-118.646,-5.4302,LEU-37
48.0155,42.2472,ASN-38
-125.137,123.141,LYS-39
-82.0228,144.538,MET-40
-121.474,120.965,PHE-41
-120.063,135.881,CYS-42
-74.7462,138.655,GLN-43
-67.1415,145.384,LEU-44
64.6927,23.8303,ALA-45
-139.556,141.714,LYS-46
-52.5415,143.697,THR-47
-126.346,91.3207,CYS-48
-66.601,123.16,PRO-49
-114.331,135.613,VAL-50
-111.91,136.91,GLN-51
-128.407,146.202,LEU-52
-144.393,164.643,TRP-53
-141.584,146.64,VAL-54
-80.7976,-15.2106,ASP-55
-157.855,134.707,SER-56
-71.3856,128.258,THR-57
-81.4725,154.862,PRO-58
-70.0761,165.611,PRO-59
-53.9416,167.815,PRO-60
86.1023,-0.650979,GLY-61
-88.6555,142.678,THR-62
-145.356,156.192,ARG-63
-120.465,117.648,VAL-64
-107.963,145.642,ARG-65
-131.753,148.646,ALA-66
-144.325,134.534,MET-67
-127.434,141.808,ALA-68
-129.717,142.628,ILE-69
-132.699,153.871,TYR-70
-146.016,138.891,LYS-71
-126.106,156.312,GLN-72
-48.3712,-30.3419,SER-73
-66.1103,-11.5574,GLN-74
-179.949,109.578,HIS-75
-92.0457,-38.3703,MET-76
-80.0401,7.52625,THR-77
-59.9078,148.448,GLU-78
-102.821,152.807,VAL-79
-62.4098,114.924,VAL-80
-140.805,155.519,ARG-81
-61.5914,154.912,ARG-82
-62.628,148.645,CYS-83
-60.3359,-42.2553,PRO-84
-51.549,-47.413,HIS-85
-76.6599,-42.7712,HIS-86
-63.3857,-41.0527,GLU-87
-76.363,19.9184,ARG-88
-110.742,141.72,CYS-89
-52.525,-22.9517,SER-90
-58.932,-32.1543,ASP-91
-91.4973,-14.0541,SER-92
-82.8878,142.929,ASP-93
173.853,-124.056,GLY-94
-60.2217,-38.8097,LEU-95
-101.719,145.635,ALA-96
-61.7308,160.925,PRO-97
-74.6137,-22.5019,PRO-98
-62.7085,-43.1914,GLN-99
-68.2303,127.975,HIS-100
-83.9618,-55.1278,LEU-101
-66.7241,111.851,ILE-102
-124.798,166.453,ARG-103
-139.815,131.877,VAL-104
-119.957,-174.962,GLU-105
85.8195,-39.3767,GLY-106
-103.061,141.821,ASN-107
-92.9412,-26.8099,LEU-108
-79.1445,31.464,ARG-109
-94.7015,127.738,VAL-110
-164.004,148.877,GLU-111
-93.4028,117.978,TYR-112
-124.99,143.155,LEU-113
-59.5426,130.036,ASP-114
-74.3306,146.779,ASP-115
-53.0822,-37.7783,ARG-116
-102.41,-42.6608,ASN-117
-110.764,-8.08062,THR-118
76.298,-14.5641,PHE-119
-49.4309,115.975,ARG-120
-63.7951,107.736,HIS-121
-144.428,156.709,SER-122
-79.5514,122.766,VAL-123
-135.047,115.839,VAL-124
-122.733,140.382,VAL-125
-68.8746,139.506,PRO-126
-73.0984,123.054,TYR-127
-108.412,147.672,GLU-128
-74.21,165.386,PRO-129
-54.3537,137.199,PRO-130
-74.2598,155.167,GLU-131
-49.6868,112.406,VAL-132
104.66,-13.6633,GLY-133
-93.1501,155.517,SER-134
-93.6277,-40.9841,ASP-135
-95.5296,171.177,CYS-136
-86.479,128.924,THR-137
-92.893,138.458,THR-138
-123.57,132.832,ILE-139
-99.7391,102.582,HIS-140
-85.6984,-179.756,TYR-141
-174.754,151.623,ASN-142
-141.448,171.521,TYR-143
-137.581,162.543,MET-144
-158.94,140.802,CYS-145
-83.788,142.657,ASN-146
-72.1986,-17.6137,SER-147
-97.1424,0.0332851,SER-148
-50.6889,128.025,CYS-149
-102.316,-30.2814,MET-150
99.8833,-0.466109,GLY-151
39.6474,-126.717,GLY-152
-86.1706,-25.8164,ILE-153
-162.489,117.494,ASN-154
-56.3055,121.176,ARG-155
-149.497,152.799,ARG-156
-73.1338,165.243,PRO-157
-118.349,151.037,ILE-158
-89.6515,173.662,LEU-159
-141.255,153.859,THR-160
-122.257,102.59,ILE-161
-91.3128,122.494,ILE-162
-119.559,141.489,THR-163
-95.8696,130.272,LEU-164
-146.304,167.115,GLU-165
-89.2382,168.062,ASP-166
-60.0074,-31.1751,SER-167
-55.5725,-10.4143,SER-168
83.1141,7.11506,GLY-169
-77.1602,117.471,ASN-170
-68.0867,105.711,LEU-171
-85.9959,-33.0236,LEU-172
178.617,154.014,GLY-173
-143.453,145.897,ARG-174
-148.047,140.22,ASN-175
-136.806,149.17,SER-176
-151.82,170.515,PHE-177
-80.0491,145.596,GLU-178
-131.782,136.446,VAL-179
-134.883,133.704,ARG-180
-126.288,136.642,VAL-181
-165.775,176.282,CYS-182
-74.5016,-27.0987,ALA-183
-156.793,116.918,CYS-184
-70.03,-27.7229,PRO-185
-71.0069,-47.9765,GLY-186
-54.059,-55.5791,ARG-187
-66.999,-32.7125,ASP-188
-58.3038,-57.9127,ARG-189
-59.2247,-36.1141,ARG-190
-48.9338,-58.0971,THR-191
-76.1467,-33.607,GLU-192
-68.2405,-23.9975,GLU-193
-54.6327,-25.3811,GLU-194
-93.7752,-1.09335,ASN-195
-70.779,154.535,LEU-196
-91.2511,-45.5244,ARG-197
-51.0704,167.119,LYS-198
-92.6893,148.96,LYS-199
-96.3306,-175.175,GLY-200
-84.7803,162.737,GLU-201
-72.5254,140.816,PRO-202
-154.457,147.999,HIS-203
-37.1412,127.812,HIS-204
-77.2044,-20.9607,GLU-205
-76.6873,-34.5368,LEU-206
-73.6304,142.164,PRO-207
-58.7788,168.997,PRO-208
-65.0791,171.254,GLY-209
-115.336,168.656,SER-210
-67.231,168.049,THR-211
-89.5719,110.01,LYS-212
74.6363,159.867,ARG-213
-50.2056,161.215,ALA-214
-61.1199,-26.83,LEU-215
-48.3069,143.82,PRO-216
-84.8033,5.66125,ASN-217
-46.7588,127.345,ASN-218
-77.1598,144.997,SER-2
-77.8427,167.249,SER-3
-134.588,153.786,VAL-4
-75.7473,127.991,PRO-5
-95.2674,152.484,SER-6
-97.1464,-17.1521,GLN-7
-50.7409,109.371,LYS-8
-67.9619,131.774,THR-9
-156.768,140.489,TYR-10
-88.4258,-17.3302,GLN-11
75.5638,-154.267,GLY-12
-74.8113,1.02092,SER-13
-124.71,-19.5761,TYR-14
86.3217,18.9773,GLY-15
-66.7061,117.514,PHE-16
-142.08,158.182,ARG-17
-134.528,141.472,LEU-18
-138.951,-165.503,GLY-19
-135.732,148.58,PHE-20
-101.425,114.526,LEU-21
-77.1479,113.128,HIS-22
-115.268,10.4165,SER-23
97.8004,-161.957,GLY-24
-126.061,-13.2141,THR-25
-56.6493,165.25,ALA-26
-52.0351,-32.5502,LYS-27
-88.2694,-4.86911,SER-28
-81.3464,131.398,VAL-29
-65.486,-29.9581,THR-30
-178.39,160.073,CYS-31
-158.571,147.362,THR-32
-132.207,138.36,TYR-33
-101.447,116.507,SER-34
-67.058,-31.2714,PRO-35
-75.3748,-17.4693,ALA-36
-104.924,-27.5202,LEU-37
67.8718,44.5928,ASN-38
-140.082,145.002,LYS-39
-103.909,122.467,MET-40
-121.619,120.497,PHE-41
-127.871,137.142,CYS-42
-78.1762,154.496,GLN-43
-74.0735,138.985,LEU-44
59.1199,22.0138,ALA-45
-136.328,153.582,LYS-46
-77.3107,132.945,THR-47
-126.062,101.369,CYS-48
-76.1597,145.512,PRO-49
-138.199,134.568,VAL-50
-105.368,146.319,GLN-51
-143.885,142.698,LEU-52
-133.837,170.326,TRP-53
-141.908,175.038,VAL-54
-123.768,-19.7668,ASP-55
-146.716,137.663,SER-56
-72.5459,126.584,THR-57
-81.1444,162.716,PRO-58
-58.1288,158.884,PRO-59
-75.5684,143.316,PRO-60
93.033,11.6118,GLY-61
-63.5196,173.218,THR-62
-155.512,153.277,ARG-63
-95.2637,125.055,VAL-64
-109.631,151.037,ARG-65
-135.762,139.265,ALA-66
-134.004,174.154,MET-67
-166.972,110.898,ALA-68
-105.099,158.386,ILE-69
-139.962,158.653,TYR-70
-146.037,150.529,LYS-71
-132.837,164.686,GLN-72
-71.0841,7.40433,SER-73
-144.678,19.2592,GLN-74
-154.634,137.556,HIS-75
-102.521,-21.1223,MET-76
-107.138,28.3528,THR-77
-86.902,153.148,GLU-78
-98.5176,151.125,VAL-79
-63.1382,128.476,VAL-80
-143.737,173.016,ARG-81
-85.0459,164.885,ARG-82
-52.5186,151.838,CYS-83
-70.5302,-22.1185,PRO-84
-62.2435,-27.6289,HIS-85
-97.0222,-42.2875,HIS-86
-63.469,-26.9109,GLU-87
-81.1877,0.87952,ARG-88
-109.262,148.975,CYS-89
-68.9856,-14.5773,SER-90
-68.0398,-19.1578,ASP-91
-102.181,-3.88694,SER-92
-84.2232,134.616,ASP-93
-173.106,-166.74,GLY-94
-40.1915,-62.1369,LEU-95
-70.6921,126.706,ALA-96
-54.2374,146.707,PRO-97
-59.1017,-19.3497,PRO-98
-74.063,-29.2903,GLN-99
-68.1023,124.423,HIS-100
-78.3744,-47.2575,LEU-101
-77.1542,118.967,ILE-102
-133.242,146.685,ARG-103
-122.987,142.468,VAL-104
-147.858,-176.914,GLU-105
62.206,17.1811,GLY-106
-140.1,132.105,ASN-107
-69.7098,-52.5837,LEU-108
-59.1452,33.4786,ARG-109
-88.244,140.009,VAL-110
-164.798,143.976,GLU-111
-82.3489,141.371,TYR-112
-145.055,150.009,LEU-113
-62.3358,130.184,ASP-114
-84.8454,126.863,ASP-115
-50.1317,-34.8906,ARG-116
-86.8885,-57.6907,ASN-117
-72.6188,-55.4626,THR-118
106.217,-9.02068,PHE-119
-63.4862,134.347,ARG-120
-75.1474,119.058,HIS-121
-151.952,144.574,SER-122
-65.553,135.399,VAL-123
-124.775,146.197,VAL-124
-126.469,134.644,VAL-125
-54.2907,126.672,PRO-126
-78.1539,113.885,TYR-127
-99.2743,154.474,GLU-128
-65.6697,165.382,PRO-129
-48.6912,148.413,PRO-130
-82.9544,147.294,GLU-131
-51.7864,122.397,VAL-132
98.5428,-23.0423,GLY-133
-91.5462,175.644,SER-134
-106.139,-36.8231,ASP-135
-111.391,177.292,CYS-136
-96.596,135.275,THR-137
-108.565,107.868,THR-138
-97.1193,150.134,ILE-139
-116.362,125.509,HIS-140
-112.047,171.713,TYR-141
-155.088,161.939,ASN-142
-153.2,162.292,TYR-143
-130.222,153.083,MET-144
-144.623,164.159,CYS-145
-138.981,150.423,ASN-146
-65.9023,-6.91269,SER-147
-84.5588,-13.8535,SER-148
-56.5224,131.06,CYS-149
-59.4691,-39.2938,MET-150
91.4918,38.7947,GLY-151
59.6138,-154.411,GLY-152
-89.5779,-3.77926,ILE-153
-172.066,121.413,ASN-154
-65.3286,110.726,ARG-155
-135.79,158.849,ARG-156
-76.1908,173.044,PRO-157
-143.006,143.912,ILE-158
-100.037,144.639,LEU-159
-109.008,149.434,THR-160
-124.241,118.036,ILE-161
-105.21,133.242,ILE-162
-134.246,145.244,THR-163
-107.093,131.276,LEU-164
-135.64,153.443,GLU-165
-69.0215,147.208,ASP-166
-38.0671,-40.8165,SER-167
-69.6624,-7.12454,SER-168
84.2963,1.21681,GLY-169
-59.6885,105.495,ASN-170
-52.5006,139.135,LEU-171
-108.959,-55.819,LEU-172
-147.904,162.491,GLY-173
-133.201,157.782,ARG-174
-159.708,125.349,ASN-175
-127.563,147.905,SER-176
-146.133,152.028,PHE-177
-78.3267,142.673,GLU-178
-120.13,162.557,VAL-179
-166.065,101.405,ARG-180
-99.1719,127.816,VAL-181
-157.844,-179.864,CYS-182
-79.7897,-34.9505,ALA-183
-142.096,105.784,CYS-184
-57.1315,-44.5578,PRO-185
-72.2208,-23.9711,GLY-186
-63.4602,-48.2984,ARG-187
-68.6429,-36.734,ASP-188
-57.6716,-61.4335,ARG-189
-48.2911,-33.093,ARG-190
-65.9872,-64.2088,THR-191
-61.4851,-39.1459,GLU-192
-77.8398,13.2161,GLU-193
-79.3931,-30.777,GLU-194
-81.9973,33.4963,ASN-195
-139.777,155.297,LEU-196
-77.5429,-26.4609,ARG-197
-69.8879,141.406,LYS-198
-68.6222,139.009,LYS-199
-81.242,-163.586,GLY-200
-97.454,143.092,GLU-201
-75.1574,140.166,PRO-202
-139.648,171.052,HIS-203
-62.5952,125.792,HIS-204
-91.2416,-13.6175,GLU-205
-89.111,-38.2491,LEU-206
-49.4065,147.194,PRO-207
-62.6466,165.919,PRO-208
-76.7264,167.971,GLY-209
-80.5778,-174.357,SER-210
-78.8879,159.222,THR-211
-68.9932,123.046,LYS-212
70.7582,160.526,ARG-213
-59.7359,144.165,ALA-214
-52.6939,-20.0477,LEU-215
-65.9943,156.175,PRO-216
-94.1682,21.3905,ASN-217
-68.2619,142.03,ASN-218
-76.4186,148.935,SER-2
-84.3633,169.15,SER-3
-124.382,160.744,VAL-4
-76.3307,128.551,PRO-5
-101.009,136.942,SER-6
-81.9635,-14.5356,GLN-7
-62.4467,105.523,LYS-8
-46.0363,130.523,THR-9
-157.447,141.585,TYR-10
-82.4093,-24.7226,GLN-11
68.7619,-179.215,GLY-12
-67.4026,-5.80814,SER-13
-110.389,-21.6904,TYR-14
85.7352,35.024,GLY-15
-73.6709,126.186,PHE-16
-147.797,164.826,ARG-17
-146.648,146.052,LEU-18
-154.824,-163.293,GLY-19
-147.709,119.736,PHE-20
-60.3428,126.676,LEU-21
-81.327,115.668,HIS-22
-129.024,12.7408,SER-23
97.4857,-176.309,GLY-24
-113.001,-24.2313,THR-25
-56.7132,152.981,ALA-26
-61.5268,-18.735,LYS-27
-73.7617,-18.9595,SER-28
-80.1992,132.519,VAL-29
-69.1859,-30.8997,THR-30
-160.231,157.727,CYS-31
-150.684,170.077,THR-32
-146.034,134.836,TYR-33
-103.084,105.362,SER-34
-52.9005,-48.1741,PRO-35
-65.5907,0.455509,ALA-36
-124.768,-25.3301,LEU-37
74.265,8.96586,ASN-38
-88.5896,146.21,LYS-39
-111.54,119.052,MET-40
-113.546,121.637,PHE-41
-122.714,142.838,CYS-42
-81.9132,147.238,GLN-43
-62.7624,139.344,LEU-44
63.9934,10.0995,ALA-45
-122.082,154.712,LYS-46
-66.1686,134.75,THR-47
-122.205,99.3942,CYS-48
-66.5491,105.053,PRO-49
-90.3461,126.576,VAL-50
-108.976,133.81,GLN-51
-124.257,138.954,LEU-52
-128.821,152.62,TRP-53
-140.111,152.458,VAL-54
-88.2951,-19.5591,ASP-55
-161.771,141.816,SER-56
-73.1733,130.701,THR-57
-85.5114,178.105,PRO-58
-73.4534,157.931,PRO-59
-75.1916,170.533,PRO-60
67.0204,12.3503,GLY-61
-83.8693,147.565,THR-62
-130.767,169.893,ARG-63
-104.862,126.713,VAL-64
-109.654,151.238,ARG-65
-131.972,140.298,ALA-66
-154.866,151.875,MET-67
-147.489,123.689,ALA-68
-110.477,160.715,ILE-69
-135.113,157.903,TYR-70
-146.079,139.314,LYS-71
-115.957,169.294,GLN-72
-67.2988,-5.33391,SER-73
-128.327,7.32566,GLN-74
-140.025,103.592,HIS-75
-95.0474,-12.1166,MET-76
-107.457,1.96443,THR-77
-75.4447,155.053,GLU-78
-105.759,153.852,VAL-79
-54.9377,128.676,VAL-80
-151.201,164.384,ARG-81
-56.6753,154.404,ARG-82
-52.5276,138.738,CYS-83
-43.8539,-44.6078,PRO-84
-61.7425,-49.7657,HIS-85
-70.1952,-18.8435,HIS-86
-63.2117,-30.048,GLU-87
-85.8095,-0.670088,ARG-88
-103.346,135.557,CYS-89
-70.1386,-15.987,SER-90
-49.5312,-36.5912,ASP-91
-88.4627,-11.0329,SER-92
-86.3827,124.974,ASP-93
-155.964,-138.521,GLY-94
-39.7348,-46.243,LEU-95
-88.0723,150.114,ALA-96
-50.4859,145.278,PRO-97
-48.5761,-28.8789,PRO-98
-62.921,-52.685,GLN-99
-53.0842,113.08,HIS-100
-63.881,-50.5579,LEU-101
-85.2481,128.642,ILE-102
-148.028,153.608,ARG-103
-132.805,153.918,VAL-104
-139.968,178.971,GLU-105
89.2097,-51.7809,GLY-106
-76.3099,124.634,ASN-107
-66.5597,-29.0442,LEU-108
-94.0512,20.2322,ARG-109
-57.8989,133.913,VAL-110
-168.076,154.924,GLU-111
-96.5188,121.908,TYR-112
-125.993,155.495,LEU-113
-78.6581,133.182,ASP-114
-67.3024,126.198,ASP-115
-72.795,-31.7613,ARG-116
-82.7814,-37.9559,ASN-117
-120.322,3.80793,THR-118
49.3301,14.7369,PHE-119
-75.2456,106.366,ARG-120
-56.831,130.263,HIS-121
-159.736,146.019,SER-122
-68.801,142.918,VAL-123
-140.76,165.306,VAL-124
-156.596,148.816,VAL-125
-47.1463,143.995,PRO-126
-83.2765,131.319,TYR-127
-97.6715,161.006,GLU-128
-66.6311,174.711,PRO-129
-56.9638,144.855,PRO-130
-72.7657,143.835,GLU-131
-57.1444,120.145,VAL-132
91.9373,16.6841,GLY-133
-120.018,174.461,SER-134
-111.219,-10.057,ASP-135
-143.697,149.443,CYS-136
-70.8992,130.847,THR-137
-118.438,127.134,THR-138
-117.22,156.335,ILE-139
-109.627,118.142,HIS-140
-105.891,157.382,TYR-141
-141.131,153.912,ASN-142
-137.126,165.246,TYR-143
-142.741,167.966,MET-144
-159.254,165.762,CYS-145
-128.161,140.21,ASN-146
-93.296,0.53106,SER-147
-55.907,-25.7597,SER-148
-73.5246,120.986,CYS-149
-80.4102,-26.7913,MET-150
103.709,16.9551,GLY-151
61.7778,-134.799,GLY-152
-81.2637,-22.2364,ILE-153
-176.963,128.491,ASN-154
-65.1177,106.429,ARG-155
-131.583,157.3,ARG-156
-82.777,167.3,PRO-157
-129.93,145.503,ILE-158
-101.561,138.138,LEU-159
-99.6316,142.228,THR-160
-100.465,124.045,ILE-161
-117.059,143.319,ILE-162
-147.155,127.379,THR-163
-83.1325,125.741,LEU-164
-136.626,150.639,GLU-165
-68.951,146.82,ASP-166
-63.4243,-16.0311,SER-167
-61.4183,-22.4526,SER-168
112.945,19.5523,GLY-169
-108.042,115.981,ASN-170
-66.6047,123.335,LEU-171
-101.124,-41.6222,LEU-172
-164.76,166.658,GLY-173
-148.345,130.399,ARG-174
-136.744,125.631,ASN-175
-141.489,150.548,SER-176
-169.602,155.709,PHE-177
-74.5662,129.113,GLU-178
-112.468,143.917,VAL-179
-146.577,111.853,ARG-180
-94.0403,151.237,VAL-181
-162.203,-173.504,CYS-182
-92.9599,-29.0716,ALA-183
-134.604,106.594,CYS-184
-56.9868,-39.4295,PRO-185
-89.3621,-3.06113,GLY-186
-78.5575,-57.3456,ARG-187
-52.352,-38.0604,ASP-188
-54.8298,-61.7005,ARG-189
-52.8459,-43.2023,ARG-190
-50.4948,-38.377,THR-191
-96.2485,-31.0333,GLU-192
-66.7852,-20.9173,GLU-193
-48.7103,-35.9655,GLU-194
-93.8085,5.66594,ASN-195
-101.846,157.037,LEU-196
-91.9676,-40.6036,ARG-197
-55.7081,136.988,LYS-198
-69.2095,125.527,LYS-199
-104.015,-157.783,GLY-200
-87.8265,146.124,GLU-201
-70.2946,155.358,PRO-202
-153.67,156.514,HIS-203
-34.5204,122.176,HIS-204
-101.404,-7.91342,GLU-205
-74.9301,-41.8619,LEU-206
-71.4154,150.087,PRO-207
-82.8206,171.391,PRO-208
-63.1139,170.77,GLY-209
-73.2816,-167.137,SER-210
-86.2506,162.996,THR-211
-68.4717,127.076,LYS-212
66.874,170.408,ARG-213
-79.4655,163.596,ALA-214
-89.3267,-11.2009,LEU-215
-64.8885,144.08,PRO-216
-85.1099,21.5711,ASN-217
-45.6901,127.967,ASN-218
-67.186,142.723,SER-2
-96.6718,169.687,SER-3
-144.166,144.797,VAL-4
-84.3537,145.612,PRO-5
-86.8811,150.939,SER-6
-106.101,-5.088,GLN-7
-57.507,124.042,LYS-8
-80.8029,130.828,THR-9
-165.049,146.511,TYR-10
-77.8513,-20.3581,GLN-11
70.904,-155.402,GLY-12
-84.025,-42.3458,SER-13
-73.0585,-19.9336,TYR-14
96.0179,18.7639,GLY-15
-58.1191,131.802,PHE-16
-168.984,164.274,ARG-17
-131.068,148.19,LEU-18
-154.893,-174.892,GLY-19
-128.052,159.408,PHE-20
-89.4518,116.137,LEU-21
-92.1714,113.986,HIS-22
-123.946,4.45065,SER-23
116.144,-165.521,GLY-24
-128.347,-13.1715,THR-25
-61.1325,167.511,ALA-26
-63.2709,-26.7412,LYS-27
-52.5285,-47.6094,SER-28
-69.3745,129.318,VAL-29
-79.1382,-20.2725,THR-30
-169.428,163.748,CYS-31
-168.666,144.846,THR-32
-127.015,147.284,TYR-33
-105.913,117.047,SER-34
-53.9666,-42.8752,PRO-35
-72.7607,-43.1099,ALA-36
-95.2354,-3.58072,LEU-37
59.1051,27.5706,ASN-38
-112.454,139.54,LYS-39
-118.292,115.523,MET-40
-93.1254,120.658,PHE-41
-127.01,141.195,CYS-42
-99.3212,140.161,GLN-43
-60.7385,144.925,LEU-44
72.5088,-24.546,ALA-45
-91.6243,167.364,LYS-46
-64.8666,110.559,THR-47
-120.257,79.6877,CYS-48
-73.9158,158.699,PRO-49
-142.455,134.205,VAL-50
-109.495,144.995,GLN-51
-140.857,152.242,LEU-52
-145.629,163.146,TRP-53
-143.166,152.461,VAL-54
-98.2156,-1.85565,ASP-55
-149.454,138.888,SER-56
-63.9455,125.856,THR-57
-74.0769,151.914,PRO-58
-61.0546,158.373,PRO-59
-73.6388,135.124,PRO-60
98.3224,-7.08255,GLY-61
-68.7109,161.944,THR-62
-164.048,151.209,ARG-63
-107.837,135.609,VAL-64
-120.802,133.97,ARG-65
-107.452,130.081,ALA-66
-133.811,156.783,MET-67
-155.603,133.126,ALA-68
-123.549,160.668,ILE-69
-140.357,146.046,TYR-70
-133.456,150.784,LYS-71
-128.206,-179.512,GLN-72
-84.4674,15.8528,SER-73
-134.368,-2.6662,GLN-74
-156.139,100.546,HIS-75
-99.0936,-0.0742134,MET-76
-126.287,34.9378,THR-77
-92.9992,159.113,GLU-78
-113.276,155.505,VAL-79
-68.7501,141.417,VAL-80
-161.498,167.694,ARG-81
-76.5864,169.175,ARG-82
-63.6399,141.742,CYS-83
-45.276,-54.9388,PRO-84
-53.6591,-30.6772,HIS-85
-96.3103,-22.9594,HIS-86
-66.2558,-25.9461,GLU-87
-84.589,-8.30842,ARG-88
-99.8142,148.814,CYS-89
-60.5292,-21.8559,SER-90
-68.4134,1.30202,ASP-91
-112.41,8.23727,SER-92
-83.7397,151.493,ASP-93
145.719,-150.596,GLY-94
-56.9714,-43.1821,LEU-95
-74.298,154.781,ALA-96
-49.3511,147.087,PRO-97
-65.8562,-10.4294,PRO-98
-83.6786,-46.3268,GLN-99
-63.3824,137.314,HIS-100
-84.922,-34.5802,LEU-101
-77.4861,133.361,ILE-102
-149.069,145.531,ARG-103
-124.68,126.344,VAL-104
-108.61,150.029,GLU-105
81.7013,13.2833,GLY-106
-114.355,117.326,ASN-107
-87.994,18.1306,LEU-108
-136.28,7.45157,ARG-109
-50.6249,133.261,VAL-110
-164.923,139.787,GLU-111
-85.7087,135.989,TYR-112
-149.355,152.21,LEU-113
-79.9663,135.006,ASP-114
-70.2551,131.406,ASP-115
-49.4362,-46.3688,ARG-116
-79.5504,-42.5837,ASN-117
-116.353,-0.723469,THR-118
58.8781,-21.4022,PHE-119
-44.35,110.662,ARG-120
-65.7251,113.521,HIS-121
-133.367,149.392,SER-122
-55.856,136.201,VAL-123
-119.269,137.616,VAL-124
-122.175,147.133,VAL-125
-65.647,151.845,PRO-126
-70.6462,110.194,TYR-127
-98.3848,153.744,GLU-128
-79.3238,172.201,PRO-129
-64.8244,156.218,PRO-130
-85.6599,157.774,GLU-131
-56.7047,113.172,VAL-132
95.6665,-10.3029,GLY-133
-100.658,161.731,SER-134
-112.443,-31.1385,ASP-135
-94.0275,169.205,CYS-136
-92.4124,135.268,THR-137
-126.868,132.287,THR-138
-125.071,119.342,ILE-139
-85.4268,96.5384,HIS-140
-84.3829,165.837,TYR-141
-145.055,135.932,ASN-142
-123.623,179.775,TYR-143
-141.664,159.365,MET-144
-143.447,168.811,CYS-145
-107.977,108.802,ASN-146
-44.2313,-18.645,SER-147
-86.2722,-0.249946,SER-148
-68.3784,145.293,CYS-149
-132.059,-3.22534,MET-150
86.4002,22.6696,GLY-151
50.7988,-126.27,GLY-152
-78.0351,-27.5586,ILE-153
-152.396,114.716,ASN-154
-55.209,135.313,ARG-155
-159.629,155.038,ARG-156
-83.5839,163.769,PRO-157
-127.932,142.912,ILE-158
-118.826,142.19,LEU-159
-110.855,146.007,THR-160
-119.458,117.051,ILE-161
-113.072,128.718,ILE-162
-133.531,146.412,THR-163
-97.0251,129.073,LEU-164
-132.679,172.731,GLU-165
-93.6808,160.646,ASP-166
-56.1349,-15.6924,SER-167
-86.8274,6.29263,SER-168
75.7012,-4.38738,GLY-169
-58.4408,140.666,ASN-170
-88.2871,132.111,LEU-171
-97.1046,-52.0873,LEU-172
-156.285,165.264,GLY-173
-144.336,149.179,ARG-174
-152.681,130.183,ASN-175
-129.659,154.395,SER-176
-143.049,161.443,PHE-177
-73.1859,138.286,GLU-178
-118.851,146.339,VAL-179
-138.501,101.669,ARG-180
-101.413,136.124,VAL-181
-173.876,159.587,CYS-182
-64.0392,-34.2943,ALA-183
-140.59,100.481,CYS-184
-43.3917,-50.0049,PRO-185
-61.7993,-33.9216,GLY-186
-74.9893,-48.897,ARG-187
-65.8499,-45.9471,ASP-188
-47.1044,-69.1938,ARG-189
-43.0792,-42.4145,ARG-190
-57.4549,-54.9043,THR-191
-64.5906,-44.3137,GLU-192
-71.2535,-10.6904,GLU-193
-65.8836,-19.3305,GLU-194
-79.927,-31.4283,ASN-195
-59.9948,143.175,LEU-196
-76.1341,-22.7642,ARG-197
-79.3455,144.083,LYS-198
-65.8245,156.974,LYS-199
-113.87,160.391,GLY-200
-64.9001,119.273,GLU-201
-77.7996,165.319,PRO-202
-150.064,171.008,HIS-203
-40.7982,125.006,HIS-204
-92.7074,-21.3355,GLU-205
-61.1109,-52.738,LEU-206
-83.5577,145.086,PRO-207
-55.614,171.934,PRO-208
-39.8382,147.149,GLY-209
-78.3784,169.656,SER-210
-67.1402,158.884,THR-211
-75.4605,95.5635,LYS-212
93.4588,174.946,ARG-213
-72.1798,160.547,ALA-214
-56.1652,-32.8417,LEU-215
-58.5228,166.127,PRO-216
-115.255,15.1099,ASN-217
-49.3534,114.345,ASN-218
-132.623,115.629,SER-2
-76.3049,159.692,SER-3
-83.1456,152.732,VAL-4
-74.4775,126.236,PRO-5
-70.1921,150.555,SER-6
-93.3401,-14.6676,GLN-7
-61.5616,118.887,LYS-8
-69.8889,136.234,THR-9
-162.631,149.243,TYR-10
-86.8684,-47.182,GLN-11
80.2619,-154.996,GLY-12
-71.7573,-16.9763,SER-13
-104.965,-11.1591,TYR-14
75.3898,39.9671,GLY-15
-62.2884,118.383,PHE-16
-140.21,177.456,ARG-17
-143.159,154.095,LEU-18
-167.546,170.073,GLY-19
-134.724,135.328,PHE-20
-91.5337,134.908,LEU-21
-84.9987,110.897,HIS-22
-115.455,9.52656,SER-23
126.82,-167.258,GLY-24
-139.075,-11.5605,THR-25
-67.1729,154.218,ALA-26
-56.7314,-20.1118,LYS-27
-64.6544,-15.9594,SER-28
-98.8678,116.023,VAL-29
-78.3429,-6.33765,THR-30
-160.085,172.758,CYS-31
-159.482,144.532,THR-32
-116.052,119.845,TYR-33
-103.742,106.813,SER-34
-68.2312,-43.5256,PRO-35
-66.2425,-8.62517,ALA-36
-101.516,-28.1694,LEU-37
62.9627,39.1916,ASN-38
-123.239,129.069,LYS-39
-106.19,107.842,MET-40
-92.4311,122.714,PHE-41
-120.806,162.421,CYS-42
-116.659,137.474,GLN-43
-57.9802,126.518,LEU-44
69.5344,-23.437,ALA-45
-74.3263,147.476,LYS-46
-55.5203,128.338,THR-47
-122.658,119.708,CYS-48
-85.4141,140.462,PRO-49
-127.916,135.989,VAL-50
-106.882,143.819,GLN-51
-124.844,151.84,LEU-52
-141.85,144.68,TRP-53
-137.556,152.546,VAL-54
-69.3837,-36.2371,ASP-55
-145.127,154.566,SER-56
-67.8681,132.185,THR-57
-75.4148,152.385,PRO-58
-72.6589,169.282,PRO-59
-69.7791,167.425,PRO-60
76.4933,-19.8767,GLY-61
-65.8923,142.903,THR-62
-149.963,163.778,ARG-63
-117.922,125.618,VAL-64
-115.258,144.366,ARG-65
-132.449,127.471,ALA-66
-154.499,154.802,MET-67
-160.167,114.969,ALA-68
-101.757,173.709,ILE-69
-161.425,136.663,TYR-70
-139.801,170.615,LYS-71
-139.037,168.34,GLN-72
-70.7136,-18.2944,SER-73
-109.692,3.44821,GLN-74
-153.509,98.2448,HIS-75
-96.8804,-5.57646,MET-76
-141.985,119.88,THR-77
-171.179,156.874,GLU-78
-93.8741,150.742,VAL-79
-65.6178,132.311,VAL-80
-151.16,148.404,ARG-81
-47.0451,154.179,ARG-82
-70.2567,149.955,CYS-83
-49.6546,-46.3394,PRO-84
-76.8684,-36.6593,HIS-85
-60.9895,-31.3305,HIS-86
-58.0051,-48.6068,GLU-87
-62.5669,-46.0977,ARG-88
-65.2106,131.401,CYS-89
-66.0439,-2.35694,SER-90
-56.6905,-8.18504,ASP-91
-119.897,-15.9263,SER-92
-80.9186,138.073,ASP-93
164.362,-152.141,GLY-94
-52.633,-50.7658,LEU-95
-74.9481,141.316,ALA-96
-58.4062,145.941,PRO-97
-52.7778,-29.9233,PRO-98
-77.352,-34.3932,GLN-99
-66.3049,111.911,HIS-100
-76.7364,-44.2998,LEU-101
-72.6811,123.376,ILE-102
-145.841,158.585,ARG-103
-138.671,120.172,VAL-104
-111.087,175.31,GLU-105
70.455,-33.049,GLY-106
-74.0688,135.013,ASN-107
-106.657,-27.4158,LEU-108
-63.2647,-11.4289,ARG-109
-50.1712,142.462,VAL-110
-164.996,139.584,GLU-111
-90.5632,124.854,TYR-112
-132.737,160.782,LEU-113
-75.0058,148.272,ASP-114
-78.48,143.505,ASP-115
-72.0486,-29.7169,ARG-116
-113.082,-17.4076,ASN-117
-146.37,6.87634,THR-118
54.3744,9.18258,PHE-119
-62.1327,105.967,ARG-120
-46.8425,123.188,HIS-121
-158.214,147.322,SER-122
-63.2524,135.072,VAL-123
-135.532,130.36,VAL-124
-136.324,136.246,VAL-125
-57.0427,152.365,PRO-126
-70.3561,127.573,TYR-127
-102.274,162.165,GLU-128
-61.498,156.666,PRO-129
-67.0344,167.436,PRO-130
-73.0091,151.559,GLU-131
-65.7242,119.131,VAL-132
103.09,-30.1159,GLY-133
-82.4943,132.074,SER-134
-68.6328,-23.2139,ASP-135
-124.454,159.543,CYS-136
-72.4366,157.312,THR-137
-139.127,130.972,THR-138
-105.124,130.324,ILE-139
-90.5816,94.184,HIS-140
-77.6068,174.053,TYR-141
-157.668,144.859,ASN-142
-137.254,173.462,TYR-143
-139.773,166.812,MET-144
-153.84,-172.447,CYS-145
-148.539,128.991,ASN-146
-82.8324,-4.16867,SER-147
-76.8123,-15.327,SER-148
-72.805,117.064,CYS-149
-70.7995,1.51321,MET-150
90.9487,0.272526,GLY-151
75.2728,-146.965,GLY-152
-79.1055,-33.2214,ILE-153
-166.119,123.256,ASN-154
-82.7826,125.348,ARG-155
-148.73,150.577,ARG-156
-83.8062,170.356,PRO-157
-144.722,169.114,ILE-158
-141.815,144.029,LEU-159
-122.043,147.42,THR-160
-120.762,119.376,ILE-161
-120.105,112.272,ILE-162
-129.504,138.38,THR-163
-94.6166,125.268,LEU-164
-131.806,157.451,GLU-165
-78.3485,162.981,ASP-166
-53.159,-30.1913,SER-167
-64.7647,-3.65558,SER-168
85.5512,-9.5682,GLY-169
-74.2153,145.757,ASN-170
-79.5478,131.685,LEU-171
-125.596,-27.2112,LEU-172
-161.012,164.309,GLY-173
-149.522,145.306,ARG-174
-133.427,170.773,ASN-175
-163.79,146.072,SER-176
-152.888,164.546,PHE-177
-85.7089,150.904,GLU-178
-123.958,140.672,VAL-179
-143.541,110.047,ARG-180
-87.7641,130.694,VAL-181
-138.021,167.452,CYS-182
-65.2978,-16.4636,ALA-183
-158.492,93.8917,CYS-184
-62.7661,-22.009,PRO-185
-81.9354,-26.4955,GLY-186
-62.4723,-59.1263,ARG-187
-60.1273,-41.139,ASP-188
-56.0893,-60.6657,ARG-189
-48.3208,-44.7297,ARG-190
-69.7801,-34.1599,THR-191
-72.5305,-45.2778,GLU-192
-67.7971,-11.4732,GLU-193
-50.2791,-28.0748,GLU-194
-94.5288,-10.2562,ASN-195
-71.3205,144.993,LEU-196
-69.9114,-31.4955,ARG-197
-73.1039,141.64,LYS-198
-77.7897,112.573,LYS-199
-84.2374,178.017,GLY-200
-79.9913,138.772,GLU-201
-52.9813,160.778,PRO-202
-166.539,158.148,HIS-203
-38.446,121.169,HIS-204
-103.434,-10.3136,GLU-205
-61.4834,-48.1174,LEU-206
-80.4076,164.238,PRO-207
-69.7196,164.842,PRO-208
-84.6026,144.401,GLY-209
-57.8732,132.411,SER-210
-52.0394,142.999,THR-211
-49.9684,124.332,LYS-212
78.7383,176.674,ARG-213
-62.7707,149.423,ALA-214
-66.3823,-23.4597,LEU-215
-66.7271,159.603,PRO-216
-85.1199,18.5627,ASN-217
-46.4357,128.624,ASN-218
-55.8467,133.535,SER-2
-89.2288,164.534,SER-3
-134.773,139.872,VAL-4
-42.2979,145.411,PRO-5
-107.161,148.863,SER-6
-101.85,-26.3867,GLN-7
-52.628,108.483,LYS-8
-54.0452,130.153,THR-9
-149.719,142.923,TYR-10
-77.9307,-28.4805,GLN-11
85.9862,-154.545,GLY-12
-86.3205,-25.1237,SER-13
-76.7344,-4.02117,TYR-14
68.9287,22.8388,GLY-15
-64.9986,119.377,PHE-16
-150.835,160.212,ARG-17
-117.31,131.326,LEU-18
-130.55,175.76,GLY-19
-140.318,126.08,PHE-20
-73.3552,135.597,LEU-21
-105.642,114.376,HIS-22
-106.241,1.66867,SER-23
110.383,-160.096,GLY-24
-136.714,-6.92439,THR-25
-40.0497,139.248,ALA-26
-52.5797,-21.6862,LYS-27
-57.4296,-34.0251,SER-28
-76.2144,132.614,VAL-29
-80.4757,-12.8362,THR-30
-164.519,168.722,CYS-31
-161.739,144.303,THR-32
-119.297,147.642,TYR-33
-119.342,97.2222,SER-34
-51.6052,-37.9211,PRO-35
-77.6456,-13.589,ALA-36
-107.963,-9.41245,LEU-37
48.3432,43.8049,ASN-38
-126.614,134.108,LYS-39
-106.593,122.979,MET-40
-104.456,133.017,PHE-41
-129.492,137.376,CYS-42
-86.1104,119.801,GLN-43
-58.4501,134.779,LEU-44
76.9743,-19.61,ALA-45
-95.2657,164.47,LYS-46
-97.61,127.493,THR-47
-95.4905,119.618,CYS-48
-65.0325,139.025,PRO-49
-126.703,137.81,VAL-50
-99.0374,145.159,GLN-51
-133.261,134.653,LEU-52
-121.209,144.975,TRP-53
-125.696,152.246,VAL-54
-70.075,-47.3321,ASP-55
-129.163,118.119,SER-56
-45.8083,119.308,THR-57
-74.9683,142.001,PRO-58
-52.8051,162.827,PRO-59
-67.4062,119.035,PRO-60
112.845,-26.6924,GLY-61
-67.4758,159.567,THR-62
-163.492,137.532,ARG-63
-91.2699,132.755,VAL-64
-112.539,165.96,ARG-65
-154.117,135.159,ALA-66
-143.815,152.148,MET-67
-140.3,125.93,ALA-68
-106.521,142.362,ILE-69
-118.622,154.004,TYR-70
-143.07,161.29,LYS-71
-148.763,159.847,GLN-72
-60.8121,-18.56,SER-73
-116.064,-16.2302,GLN-74
-124.186,89.5918,HIS-75
-75.4737,-16.9409,MET-76
-138.842,106.63,THR-77
-143.904,170.663,GLU-78
-109.838,141.97,VAL-79
-60.496,106.77,VAL-80
-128.68,155.465,ARG-81
-48.27,149.695,ARG-82
-70.5358,155.852,CYS-83
-44.1344,-50.1616,PRO-84
-67.181,-21.3315,HIS-85
-96.2756,-34.1182,HIS-86
-50.2421,-43.6875,GLU-87
-78.6485,15.358,ARG-88
-111.392,144.025,CYS-89
-58.0577,-4.69347,SER-90
-69.7881,-16.0349,ASP-91
-107.437,7.74378,SER-92
-90.1671,138.916,ASP-93
145.762,-157.526,GLY-94
-72.4729,-40.7764,LEU-95
-88.1429,128.359,ALA-96
-43.9699,142.443,PRO-97
-61.9621,-19.461,PRO-98
-85.1799,-43.8588,GLN-99
-62.119,119.593,HIS-100
-65.5108,-43.7154,LEU-101
-64.2083,116.171,ILE-102
-137.207,148.073,ARG-103
-136.199,145.293,VAL-104
-141.973,177.082,GLU-105
83.8343,-63.7814,GLY-106
-60.8042,132.557,ASN-107
-72.9723,-33.4369,LEU-108
-90.6307,26.4118,ARG-109
-54.0015,150.085,VAL-110
-177.37,155.283,GLU-111
-129.713,118.524,TYR-112
-128.242,152.425,LEU-113
-57.862,134.546,ASP-114
-64.4752,125.834,ASP-115
-63.6792,-33.9892,ARG-116
-80.6461,-21.4347,ASN-117
-143.211,3.28159,THR-118
63.3197,-4.84803,PHE-119
-68.7864,106.527,ARG-120
-78.3672,119.567,HIS-121
-153.177,151.065,SER-122
-49.965,144.55,VAL-123
-131.852,141.999,VAL-124
-130.619,145.036,VAL-125
-68.6108,152.004,PRO-126
-58.8006,128.958,TYR-127
-112.843,153.933,GLU-128
-69.3954,154.756,PRO-129
-48.207,135.381,PRO-130
-66.4139,152.721,GLU-131
-56.2186,114.046,VAL-132
96.7062,3.91684,GLY-133
-98.3979,155.643,SER-134
-87.2385,6.0263,ASP-135
-145.597,157.804,CYS-136
-74.6543,136.518,THR-137
-112.246,138.813,THR-138
-121.714,138.745,ILE-139
-103.169,91.323,HIS-140
-70.4006,177.698,TYR-141
-168.203,157.257,ASN-142
-150.47,170.771,TYR-143
-141.472,160.639,MET-144
-156.449,163.864,CYS-145
-131.17,121.992,ASN-146
-69.6783,-2.8915,SER-147
-83.3092,-19.2639,SER-148
-58.7125,138.22,CYS-149
-100.53,1.16855,MET-150
90.9782,5.34439,GLY-151
87.4254,-100.655,GLY-152
-124.665,-21.5345,ILE-153
-159.986,123.787,ASN-154
-57.8454,129.223,ARG-155
-149.528,156.143,ARG-156
-87.0878,165.828,PRO-157
-133.595,139.091,ILE-158
-108.964,137.781,LEU-159
-104.946,154.156,THR-160
-124.843,126.182,ILE-161
-109.438,128.999,ILE-162
-133.638,147.818,THR-163
-100.54,134.538,LEU-164
-139.132,156.986,GLU-165
-62.4025,153.901,ASP-166
-54.9294,-22.0404,SER-167
-87.2029,-9.31401,SER-168
89.129,38.2985,GLY-169
-91.8509,128.424,ASN-170
-69.1129,117.357,LEU-171
-108.28,-23.0111,LEU-172
-160.242,171.64,GLY-173
-142.957,153.125,ARG-174
-144.564,144.978,ASN-175
-139.06,156.701,SER-176
-157.461,152.053,PHE-177
-76.6937,129.696,GLU-178
-106.916,151.274,VAL-179
-150.788,107.476,ARG-180
-102.907,138.463,VAL-181
-166.509,-177.061,CYS-182
-95.2058,-18.9683,ALA-183
-141.348,108.849,CYS-184
-53.521,-45.6615,PRO-185
-69.4685,-30.7619,GLY-186
-62.6784,-51.9407,ARG-187
-69.9302,-44.8283,ASP-188
-43.1362,-53.7034,ARG-189
-59.8267,-44.1556,ARG-190
-45.6956,-64.3787,THR-191
-62.952,-40.1695,GLU-192
-78.7463,-5.27793,GLU-193
-63.8898,-24.8999,GLU-194
-78.5625,-8.40392,ASN-195
-103.239,152.402,LEU-196
-89.1305,11.0282,ARG-197
-109.582,151.815,LYS-198
-69.8276,149.29,LYS-199
-100.985,164.87,GLY-200
-77.1819,142.302,GLU-201
-61.9704,148.414,PRO-202
-155.651,170.338,HIS-203
-57.0667,133.306,HIS-204
-80.7185,-14.5626,GLU-205
-78.6687,-43.9801,LEU-206
-48.6034,145.419,PRO-207
-67.5119,166.053,PRO-208
-77.9347,159.025,GLY-209
-75.6919,171.465,SER-210
-69.4354,152.771,THR-211
-74.2122,101.671,LYS-212
90.9023,153.932,ARG-213
-57.7145,148.539,ALA-214
-35.8672,-47.8852,LEU-215
-57.0887,148.382,PRO-216
-89.322,7.73067,ASN-217
-52.4232,132.868,ASN-218
-71.3056,151.088,SER-2
-65.4742,144.422,SER-3
-102.534,146.178,VAL-4
-69.7684,134.617,PRO-5
-81.6083,147.956,SER-6
-112.986,-38.305,GLN-7
-50.163,118.304,LYS-8
-69.6846,154.382,THR-9
-169.679,153.429,TYR-10
-91.4582,-24.8461,GLN-11
63.1802,-147.385,GLY-12
-83.7779,-24.5826,SER-13
-81.8557,-16.2325,TYR-14
82.8304,10.9996,GLY-15
-55.2551,130.153,PHE-16
-161.709,143.921,ARG-17
-111.345,141.176,LEU-18
-150.765,176.514,GLY-19
-126.507,123.434,PHE-20
-83.4555,128.282,LEU-21
-81.5336,117.154,HIS-22
-118.548,5.79172,SER-23
104.813,-173.607,GLY-24
-126.99,-18.4974,THR-25
-54.8582,157.164,ALA-26
-55.0593,-26.0257,LYS-27
-57.7213,-22.0942,SER-28
-93.1126,130.565,VAL-29
-65.6976,-31.0407,THR-30
-154.649,174.645,CYS-31
-162.954,-177.959,THR-32
-164.286,139.66,TYR-33
-116.29,129.051,SER-34
-73.2826,-32.6959,PRO-35
-82.0851,-6.78287,ALA-36
-104.829,-20.88,LEU-37
51.1708,53.4545,ASN-38
-123.71,128.354,LYS-39
-99.4045,122.933,MET-40
-102.411,133.467,PHE-41
-139.466,157.519,CYS-42
-103.899,142.419,GLN-43
-71.936,140.21,LEU-44
67.9489,-10.1497,ALA-45
-110.124,172.035,LYS-46
-85.4375,122.554,THR-47
-109.071,103.276,CYS-48
-69.5617,141.51,PRO-49
-131.714,133.452,VAL-50
-102.274,154.369,GLN-51
-143.001,155.822,LEU-52
-150.388,164.83,TRP-53
-141.454,160.07,VAL-54
-108.08,-13.0188,ASP-55
-145.178,137.523,SER-56
-70.5737,122.664,THR-57
-76.4986,162.054,PRO-58
-70.8125,168.198,PRO-59
-64.2011,153.284,PRO-60
74.6873,-2.89734,GLY-61
-56.6577,155.5,THR-62
-169.069,155.002,ARG-63
-105.366,133.429,VAL-64
-121.382,141.744,ARG-65
-134.027,137.532,ALA-66
-160.176,150.828,MET-67
-149.978,151.304,ALA-68
-132.113,158.25,ILE-69
-142.062,140.921,TYR-70
-119.375,159.262,LYS-71
-136.853,171.534,GLN-72
-76.057,-0.764552,SER-73
-134.64,7.29379,GLN-74
-151.649,101.942,HIS-75
-95.5589,-19.8903,MET-76
-129.775,121.126,THR-77
-156.839,159.229,GLU-78
-101.994,144.582,VAL-79
-57.2963,108.549,VAL-80
-123.845,150.453,ARG-81
-38.766,143.049,ARG-82
-68.7733,164.081,CYS-83
-73.2159,-37.8896,PRO-84
-61.4606,-39.1081,HIS-85
-79.6864,-33.7997,HIS-86
-42.0883,-41.0375,GLU-87
-93.9425,1.22859,ARG-88
-70.3407,142.734,CYS-89
-70.8041,-4.52514,SER-90
-64.6461,-28.2472,ASP-91
-82.1505,-3.45783,SER-92
-97.3463,131.407,ASP-93
164.853,-127.172,GLY-94
-70.068,-52.736,LEU-95
-64.639,123.917,ALA-96
-46.1438,134.583,PRO-97
-76.6744,-17.2175,PRO-98
-75.5987,-32.6518,GLN-99
-79.239,143.185,HIS-100
-100.986,-30.9757,LEU-101
-80.9464,112.005,ILE-102
-113.244,159.54,ARG-103
-139.507,118.86,VAL-104
-95.8213,175.41,GLU-105
84.8929,-34.5141,GLY-106
-82.3025,122.72,ASN-107
-72.8934,-45.4191,LEU-108
-56.0565,12.0996,ARG-109
-71.0583,136.996,VAL-110
-153.969,164.516,GLU-111
-110.337,130.525,TYR-112
-136.961,145.93,LEU-113
-61.7191,134.992,ASP-114
-69.848,132.986,ASP-115
-55.8565,-36.5215,ARG-116
-96.4804,-47.5663,ASN-117
-95.761,-0.134102,THR-118
60.9425,-1.42746,PHE-119
-61.496,107.467,ARG-120
-59.0488,130.326,HIS-121
-171.013,144.296,SER-122
-51.6475,136.024,VAL-123
-131.364,127.959,VAL-124
-114.844,165.219,VAL-125
-70.9673,163.378,PRO-126
-89.4201,124.87,TYR-127
-116.95,157.954,GLU-128
-63.61,159.427,PRO-129
-65.9227,148.642,PRO-130
-64.1997,160.752,GLU-131
-56.4671,114.455,VAL-132
101.87,-17.5916,GLY-133
-96.6867,161.129,SER-134
-99.667,-46.9975,ASP-135
-77.8544,152.462,CYS-136
-88.2466,149.482,THR-137
-132.543,137.773,THR-138
-128.844,136.234,ILE-139
-110.495,98.0596,HIS-140
-85.7171,165.687,TYR-141
-149.794,162.877,ASN-142
-142.46,174.777,TYR-143
-138.587,156.77,MET-144
-152.233,142.407,CYS-145
-119.284,143.736,ASN-146
-97.0218,-14.0507,SER-147
-60.5204,-23.4119,SER-148
-78.948,107.175,CYS-149
-73.9981,-1.92533,MET-150
102.22,3.35874,GLY-151
51.5041,-150.644,GLY-152
-62.6145,-35.1788,ILE-153
-151.129,109.285,ASN-154
-46.3942,125.167,ARG-155
-158.422,156.472,ARG-156
-84.1623,155.993,PRO-157
-118.275,138.347,ILE-158
-100.252,156.154,LEU-159
-128.142,152.144,THR-160
-120.449,120.762,ILE-161
-121.269,132.04,ILE-162
-133.034,160.682,THR-163
-114.823,134.776,LEU-164
-139.659,173.831,GLU-165
-86.6187,166.69,ASP-166
-51.4643,-36.9347,SER-167
-75.1271,-6.76939,SER-168
82.9989,-1.27203,GLY-169
-56.9061,122.467,ASN-170
-78.8118,131.557,LEU-171
-115.579,-25.6439,LEU-172
-179.763,-178.868,GLY-173
-155.834,149.966,ARG-174
-144.844,133.041,ASN-175
-136.995,151.716,SER-176
-155.874,153.623,PHE-177
-88.4882,159.279,GLU-178
-134.157,139.689,VAL-179
-144.046,99.5374,ARG-180
-82.4958,142.701,VAL-181
-166.294,-165.176,CYS-182
-95.3436,-39.5206,ALA-183
-134.458,93.0974,CYS-184
-52.0918,-40.3212,PRO-185
-71.1384,-28.1816,GLY-186
-65.3861,-53.561,ARG-187
-56.1853,-31.8745,ASP-188
-70.0007,-55.5344,ARG-189
-51.9483,-33.9009,ARG-190
-52.9366,-52.7319,THR-191
-88.8025,-42.4973,GLU-192
-69.2556,-9.07926,GLU-193
-41.6415,-41.4124,GLU-194
-79.6037,-11.4417,ASN-195
-70.4891,143.35,LEU-196
-80.4119,-27.4808,ARG-197
-70.1681,-176.97,LYS-198
-88.8129,114.781,LYS-199
-78.1085,144.006,GLY-200
-64.4411,159.406,GLU-201
-73.8035,144.691,PRO-202
-155.864,160.283,HIS-203
-19.4037,107.874,HIS-204
-86.5221,-11.7851,GLU-205
-82.7528,-39.1882,LEU-206
-74.32,160.472,PRO-207
-86.1137,170.365,PRO-208
-47.734,155.76,GLY-209
-74.2495,151.707,SER-210
-56.5868,159.337,THR-211
-66.3498,90.0228,LYS-212
94.0967,164.826,ARG-213
-65.3652,152.879,ALA-214
-61.0769,-23,LEU-215
-58.4449,157.319,PRO-216
-103.486,28.1172,ASN-217
-49.0248,125.099,ASN-218
-89.6984,146.442,SER-2
-47.587,153.819,SER-3
-118.481,160.81,VAL-4
-71.8167,137.465,PRO-5
-76.4485,136.314,SER-6
-94.7633,-20.2022,GLN-7
-48.0842,124.616,LYS-8
-78.2821,142.468,THR-9
-162.798,135.488,TYR-10
-77.3295,-26.9686,GLN-11
67.5321,-150.986,GLY-12
-97.3452,3.24347,SER-13
-118.926,-17.5425,TYR-14
96.2266,16.6614,GLY-15
-70.2943,125.164,PHE-16
-147.279,163.829,ARG-17
-121.53,159.268,LEU-18
-145.108,127.639,GLY-19
-99.2833,118.602,PHE-20
-81.7503,117.964,LEU-21
-72.3372,137.632,HIS-22
-147.177,9.32475,SER-23
111.254,-176.31,GLY-24
-133.371,-17.634,THR-25
-58.4149,160.188,ALA-26
-56.4364,-32.4466,LYS-27
-62.673,-11.6169,SER-28
-93.0427,126.477,VAL-29
-71.2638,-22.2318,THR-30
-156.278,159.362,CYS-31
-154.451,172.779,THR-32
-162.707,131.763,TYR-33
-118.187,132.426,SER-34
-77.0238,-28.587,PRO-35
-73.4311,-2.99778,ALA-36
-122.349,-0.659075,LEU-37
35.4427,47.0664,ASN-38
-120.11,128.528,LYS-39
-90.7053,121.527,MET-40
-108.137,125.436,PHE-41
-142.732,141.673,CYS-42
-83.9656,110.679,GLN-43
-42.2992,134.013,LEU-44
68.5654,-15.5404,ALA-45
-95.8962,145.01,LYS-46
-64.3668,126.725,THR-47
-126.294,118.383,CYS-48
-83.4367,157.182,PRO-49
-135.519,133.938,VAL-50
-89.1687,139.355,GLN-51
-120.407,138.266,LEU-52
-135.224,140.615,TRP-53
-110.865,173.307,VAL-54
-104.41,2.80983,ASP-55
-160.826,136.392,SER-56
-63.9729,118.203,THR-57
-76.1643,151.246,PRO-58
-44.2291,148.942,PRO-59
-59.3863,142.16,PRO-60
93.1181,-0.848986,GLY-61
-60.149,143.019,THR-62
-148.281,135.767,ARG-63
-97.8041,123.877,VAL-64
-96.5649,149.335,ARG-65
-127.649,131.488,ALA-66
-125.769,149.546,MET-67
-146.474,126.083,ALA-68
-107.482,171.673,ILE-69
-160.04,159.306,TYR-70
-137.67,152.2,LYS-71
-123.62,162.868,GLN-72
-63.1709,-12.4157,SER-73
-126.195,15.0852,GLN-74
-142.937,122.242,HIS-75
-107.733,-8.3461,MET-76
-149.104,38.7686,THR-77
-94.0388,156.702,GLU-78
-96.2807,145.996,VAL-79
-50.0532,130.694,VAL-80
-151.165,153.529,ARG-81
-44.3067,159.943,ARG-82
-70.9342,149.413,CYS-83
-62.2816,-45.321,PRO-84
-59.3355,-36.0216,HIS-85
-74.9652,-34.0402,HIS-86
-56.3807,-32.2207,GLU-87
-68.9574,-34.7192,ARG-88
-59.2235,145.271,CYS-89
-58.1154,-16.8778,SER-90
-59.1629,-24.7903,ASP-91
-99.0701,3.78926,SER-92
-87.4358,139.05,ASP-93
154.442,-145.129,GLY-94
-65.9802,-64.7083,LEU-95
-69.2805,154.177,ALA-96
-60.8579,153.375,PRO-97
-54.1281,-33.9724,PRO-98
-65.1027,-52.0289,GLN-99
-64.6103,123.792,HIS-100
-67.6548,-49.4657,LEU-101
-66.8305,126.435,ILE-102
-123.625,152.654,ARG-103
-110.424,149.531,VAL-104
-132.192,-176.938,GLU-105
81.0917,-20.5216,GLY-106
-110.732,158.561,ASN-107
-110.329,-34.1578,LEU-108
-61.9216,-7.15933,ARG-109
-44.8561,139.728,VAL-110
-158.831,-175.923,GLU-111
-115.412,119.85,TYR-112
-116.193,148.254,LEU-113
-70.1282,131.386,ASP-114
-60.1827,134.974,ASP-115
-57.7088,-44.7987,ARG-116
-89.051,-45.3546,ASN-117
-112.897,-10.653,THR-118
71.2607,8.60324,PHE-119
-68.1903,106.75,ARG-120
-62.7676,112.88,HIS-121
-150.686,155.726,SER-122
-70.1189,122.809,VAL-123
-128.029,141.547,VAL-124
-133.95,163.553,VAL-125
-70.2812,144.632,PRO-126
-84.9343,90.3646,TYR-127
-88.1366,145.774,GLU-128
-52.1286,154.898,PRO-129
-71.7377,132.408,PRO-130
-68.3283,157.93,GLU-131
-71.0262,141.145,VAL-132
85.694,27.6317,GLY-133
-173.636,159.211,SER-134
-125.576,-19.8924,ASP-135
-81.7503,160.012,CYS-136
-73.2115,156.448,THR-137
-136.106,122.521,THR-138
-116.928,140.892,ILE-139
-98.3233,93.5937,HIS-140
-67.1082,159.56,TYR-141
-149.736,148.246,ASN-142
-135.113,-179.295,TYR-143
-147.019,-177.885,MET-144
176.068,164.984,CYS-145
-136.697,157.682,ASN-146
-93.1643,-29.0363,SER-147
-77.2435,-3.18066,SER-148
-74.592,106.913,CYS-149
-74.396,-4.83459,MET-150
94.4249,-2.67757,GLY-151
73.6448,-119.733,GLY-152
-95.9616,-20.9874,ILE-153
-175.324,109.169,ASN-154
-47.6564,105.96,ARG-155
-130.341,134.828,ARG-156
-71.6886,165.539,PRO-157
-120.353,150.221,ILE-158
-148.429,140.147,LEU-159
-136.428,141.487,THR-160
-114.772,114.088,ILE-161
-100.29,125.803,ILE-162
-131.563,152.236,THR-163
-104.785,132.168,LEU-164
-136.644,166.836,GLU-165
-99.5656,159.607,ASP-166
-62.5143,-17.6056,SER-167
-69.0868,-19.8482,SER-168
89.327,6.14581,GLY-169
-78.7529,128.611,ASN-170
-66.134,118.148,LEU-171
-100.626,-29.4356,LEU-172
-171.822,175.239,GLY-173
-145.539,142.953,ARG-174
-151.56,139.476,ASN-175
-134.306,150.67,SER-176
-150.187,154.274,PHE-177
-84.0302,141.052,GLU-178
-115.122,140.84,VAL-179
-140.636,103.265,ARG-180
-103.689,118.034,VAL-181
-140.323,-176.761,CYS-182
-76.7996,-35.1239,ALA-183
-138.814,110.402,CYS-184
-50.8562,-41.7316,PRO-185
-67.2959,-37.3997,GLY-186
-67.616,-50.567,ARG-187
-62.3129,-31.2566,ASP-188
-73.6472,-50.3371,ARG-189
-46.8378,-39.2052,ARG-190
-62.2172,-61.2305,THR-191
-77.7809,-27.5791,GLU-192
-79.646,-7.67254,GLU-193
-65.5768,-21.5032,GLU-194
-91.8706,-3.78054,ASN-195
-82.8905,140.629,LEU-196
-76.3028,-26.2585,ARG-197
-65.1633,167.516,LYS-198
-96.3169,168.775,LYS-199
-125.633,175.228,GLY-200
-76.4306,146.476,GLU-201
-75.9127,135.651,PRO-202
-131.469,164.588,HIS-203
-49.9282,119.321,HIS-204
-86.8399,6.553,GLU-205
-91.3734,-57.2094,LEU-206
-73.2869,146.764,PRO-207
-81.117,-165.691,PRO-208
-59.5586,147.15,GLY-209
-78.3399,166.325,SER-210
-57.4728,157.012,THR-211
-67.2975,98.4187,LYS-212
85.5915,170.057,ARG-213
-84.4778,160.296,ALA-214
-57.2338,-37.9048,LEU-215
-65.8122,155.516,PRO-216
-96.967,22.6008,ASN-217
-44.5111,124.4,ASN-218
-71.2117,160.999,SER-2
-74.534,153.73,SER-3
-101.654,142.234,VAL-4
-78.4686,138.798,PRO-5
-95.0343,134.717,SER-6
-94.6313,-21.9989,GLN-7
-45.7344,127.957,LYS-8
-75.3195,143.422,THR-9
-166.892,149.353,TYR-10
-100.227,-39.8463,GLN-11
87.8284,-173.48,GLY-12
-65.458,-38.0203,SER-13
-67.6814,-24.3229,TYR-14
77.9093,33.0332,GLY-15
-71.0813,135.784,PHE-16
-161.846,163.441,ARG-17
-136.299,136.381,LEU-18
-140.415,-179.877,GLY-19
-131.494,141.521,PHE-20
-79.2253,115.723,LEU-21
-71.8053,121.892,HIS-22
-118.145,10.5042,SER-23
99.9004,-165.922,GLY-24
-134.484,-3.75077,THR-25
-46.6978,146.97,ALA-26
-62.9442,-18.3051,LYS-27
-67.4815,-18.7015,SER-28
-72.9251,129.601,VAL-29
-87.3417,-26.6748,THR-30
-163.395,163.28,CYS-31
-164.66,168.568,THR-32
-151.575,144.14,TYR-33
-114.594,106.249,SER-34
-65.2183,-40.6017,PRO-35
-72.8993,-12.095,ALA-36
-89.9699,-35.6325,LEU-37
59.786,57.3632,ASN-38
-132.445,127.168,LYS-39
-88.7684,131.195,MET-40
-120.327,128.42,PHE-41
-142.37,155.407,CYS-42
-93.7206,126.626,GLN-43
-59.121,128.84,LEU-44
76.1864,-16.8072,ALA-45
-86.3702,156.852,LYS-46
-64.7808,130.169,THR-47
-124.532,97.4789,CYS-48
-64.1016,127.776,PRO-49
-137.901,142.102,VAL-50
-113.162,146.127,GLN-51
-137.144,146.257,LEU-52
-137.593,161.792,TRP-53
-141.171,152.082,VAL-54
-64.8699,-45.1786,ASP-55
-131.72,147.172,SER-56
-72.1417,129.528,THR-57
-84.5461,170.762,PRO-58
-68.9211,164.761,PRO-59
-50.6316,143.449,PRO-60
87.9724,-20.7086,GLY-61
-55.8792,134.665,THR-62
-147.795,148.364,ARG-63
-98.461,147.232,VAL-64
-140.746,140.124,ARG-65
-114.517,152.364,ALA-66
-162.067,156.245,MET-67
-165.153,130.294,ALA-68
-101.306,152.9,ILE-69
-141.3,141.394,TYR-70
-135.791,149.759,LYS-71
-134.673,164.869,GLN-72
-44.4523,-34.8794,SER-73
-107.321,-15.252,GLN-74
-149.523,135.992,HIS-75
-123.018,-23.1877,MET-76
-88.3376,29.9157,THR-77
-98.7794,163.535,GLU-78
-133.049,156.606,VAL-79
-70.7462,121.147,VAL-80
-145.721,158.678,ARG-81
-56.7396,149.007,ARG-82
-62.9626,151.961,CYS-83
-55.9252,-36.6946,PRO-84
-59.7755,-36.0785,HIS-85
-94.7501,-26.2881,HIS-86
-59.3258,-30.8421,GLU-87
-86.4732,-11.1587,ARG-88
-52.4787,150.718,CYS-89
-64.7006,-27.5675,SER-90
-73.9557,-16.7361,ASP-91
-90.8038,20.0547,SER-92
-102.078,136.22,ASP-93
166.59,-140.835,GLY-94
-67.9027,-40.4544,LEU-95
-89.9943,131.595,ALA-96
-56.2387,138.719,PRO-97
-52.4326,-28.5522,PRO-98
-62.3364,-48.9387,GLN-99
-43.7359,110.748,HIS-100
-74.7139,-37.5622,LEU-101
-90.7381,128.661,ILE-102
-144.251,154.865,ARG-103
-148.206,129.129,VAL-104
-125.442,171.019,GLU-105
99.1573,-66.2799,GLY-106
-51.8586,136.726,ASN-107
-88.1059,-35.327,LEU-108
-71.2071,6.45727,ARG-109
-65.7492,149.385,VAL-110
-175.978,167.76,GLU-111
-107.375,120.832,TYR-112
-125.419,161.275,LEU-113
-71.2104,159.329,ASP-114
-92.1092,111.142,ASP-115
-21.574,-49.1287,ARG-116
-81.8375,-58.731,ASN-117
-108.178,2.72137,THR-118
74.3082,-5.74879,PHE-119
-77.2099,105.562,ARG-120
-53.3298,119.764,HIS-121
-157.038,150.475,SER-122
-52.5496,129.569,VAL-123
-124.412,143.405,VAL-124
-149.053,158.206,VAL-125
-69.2067,158.071,PRO-126
-88.3288,100.14,TYR-127
-81.4635,175.708,GLU-128
-96.2935,167.918,PRO-129
-68.7573,143.649,PRO-130
-75.613,165.174,GLU-131
-70.8623,127.792,VAL-132
81.1678,7.76168,GLY-133
-95.3041,136.484,SER-134
-83.4871,-18.8617,ASP-135
-121.679,159.629,CYS-136
-71.2227,134.599,THR-137
-123.366,124.361,THR-138
-107.423,140.088,ILE-139
-114.402,81.8806,HIS-140
-64.0179,164.139,TYR-141
-160.765,157.653,ASN-142
-152.176,-179.232,TYR-143
-151.381,148.587,MET-144
-153.963,162.697,CYS-145
-148.402,121.661,ASN-146
-63.647,-31.2545,SER-147
-71.4514,-19.7998,SER-148
-57.2645,163.118,CYS-149
-120.528,-14.6503,MET-150
97.6674,11.7805,GLY-151
62.2337,-159.376,GLY-152
-73.5602,-22.2994,ILE-153
-159.411,107.148,ASN-154
-51.3647,118.971,ARG-155
-138.404,169.506,ARG-156
-91.5199,149.062,PRO-157
-122.13,124.121,ILE-158
-94.0217,147.828,LEU-159
-117.806,148.268,THR-160
-125.257,109.762,ILE-161
-110.768,129.419,ILE-162
-128.299,147.264,THR-163
-99.6411,131.24,LEU-164
-136.806,155.962,GLU-165
-62.5251,164.727,ASP-166
-73.7105,-5.2189,SER-167
-84.6626,-5.18216,SER-168
80.5805,-1.49351,GLY-169
-69.4106,127.267,ASN-170
-60.2117,120.342,LEU-171
-101.463,-30.2675,LEU-172
-159.03,163.291,GLY-173
-151.155,154.075,ARG-174
-165.477,131.287,ASN-175
-153.87,159.343,SER-176
-177.341,147.62,PHE-177
-69.8439,143.442,GLU-178
-105.626,147.491,VAL-179
-139.518,119.928,ARG-180
-98.4185,144.805,VAL-181
-171.456,165.761,CYS-182
-72.9289,-37.4971,ALA-183
-124.772,91.0597,CYS-184
-72.0687,-18.0808,PRO-185
-74.5887,-28.2871,GLY-186
-67.5791,-55.7606,ARG-187
-59.788,-46.2136,ASP-188
-48.9297,-62.3039,ARG-189
-47.8295,-56.3578,ARG-190
-56.357,-45.0906,THR-191
-77.2383,-21.0695,GLU-192
-83.097,-17.1219,GLU-193
-59.4635,-26.8089,GLU-194
-95.6277,30.1366,ASN-195
-97.8218,150.507,LEU-196
-92.6214,48.3547,ARG-197
-159.33,172.516,LYS-198
-89.5834,151.422,LYS-199
-104.254,173.982,GLY-200
-69.9834,144.58,GLU-201
-55.6399,132.014,PRO-202
-158.619,150.458,HIS-203
-38.1798,122.115,HIS-204
-101.275,-21.3713,GLU-205
-55.0955,-47.6588,LEU-206
-49.4824,152.37,PRO-207
-75.3,179.665,PRO-208
-73.8726,149.673,GLY-209
-67.8151,163.433,SER-210
-73.1576,144.44,THR-211
-56.826,102.715,LYS-212
89.6063,163.698,ARG-213
-60.5105,153.56,ALA-214
-74.3612,-40.4252,LEU-215
-50.6735,116.825,PRO-216
-76.9114,31.322,ASN-217
-60.7129,122.271,ASN-218
-70.5891,167.787,SER-2
-84.0098,128.019,SER-3
-64.0182,149.41,VAL-4
-60.191,142.836,PRO-5
-82.1981,139.457,SER-6
-99.3022,-14.311,GLN-7
-53.6021,126.748,LYS-8
-64.6986,139.098,THR-9
-159.66,140.963,TYR-10
-85.5227,-8.03146,GLN-11
53.2227,-170.053,GLY-12
-66.2506,14.7947,SER-13
-120.9,-14.692,TYR-14
81.0686,14.4975,GLY-15
-53.4234,113.421,PHE-16
-143.657,157.717,ARG-17
-141.868,138.295,LEU-18
-149.341,179.387,GLY-19
-150.372,133.283,PHE-20
-85.5764,121.45,LEU-21
-63.9579,72.6817,HIS-22
-89.6152,11.3552,SER-23
102.182,-160.707,GLY-24
-131.115,-18.5116,THR-25
-44.9732,155.85,ALA-26
-64.1978,-11.8026,LYS-27
-87.9598,-20.1016,SER-28
-73.6946,137.006,VAL-29
-81.4718,-31.8696,THR-30
-163.25,143.779,CYS-31
-134.875,154.578,THR-32
-116.757,147.537,TYR-33
-122.498,104.543,SER-34
-57.4521,-41.9094,PRO-35
-68.4386,-39.8743,ALA-36
-80.9805,-25.1453,LEU-37
62.2711,42.8152,ASN-38
-117.961,121.773,LYS-39
-77.3602,125.831,MET-40
-98.4968,125.541,PHE-41
-141.116,133.26,CYS-42
-75.6916,125.65,GLN-43
-50.3455,140.891,LEU-44
67.8917,-20.782,ALA-45
-68.1311,167.355,LYS-46
-83.4958,143.391,THR-47
-147.395,102.15,CYS-48
-72.143,142.276,PRO-49
-124.671,121.62,VAL-50
-99.456,146.386,GLN-51
-136.059,150.801,LEU-52
-145.517,153.834,TRP-53
-128.756,150.501,VAL-54
-72.2309,-16.8943,ASP-55
-158.584,109.457,SER-56
-40.0103,119.92,THR-57
-82.6528,150.206,PRO-58
-65.16,170.33,PRO-59
-47.7461,136.257,PRO-60
87.6242,-9.64697,GLY-61
-71.7606,155.275,THR-62
-161.908,144.96,ARG-63
-97.0619,141.431,VAL-64
-133.446,136.611,ARG-65
-122.588,133.883,ALA-66
-137.679,156.099,MET-67
-158.414,133.788,ALA-68
-111.865,162.912,ILE-69
-160.415,149.772,TYR-70
-142.355,169.341,LYS-71
-154.064,150.334,GLN-72
-53.4015,-18.3076,SER-73
-115.951,-0.733608,GLN-74
-142.102,108.751,HIS-75
-89.872,-10.2536,MET-76
-124.923,92.011,THR-77
-143.618,173.321,GLU-78
-129.014,147.125,VAL-79
-74.7626,117.297,VAL-80
-152.028,157.676,ARG-81
-65.724,156.993,ARG-82
-56.8741,145.915,CYS-83
-53.9746,-52.2946,PRO-84
-51.2127,-29.5266,HIS-85
-85.6728,-30.5708,HIS-86
-56.905,-33.8557,GLU-87
-83.095,2.15915,ARG-88
-91.3223,149.042,CYS-89
-57.9845,-37.1351,SER-90
-59.5092,-19.824,ASP-91
-91.7717,0.670483,SER-92
-83.8663,171.549,ASP-93
109.04,-145.649,GLY-94
-57.8052,-53.4375,LEU-95
-74.814,142.807,ALA-96
-52.6974,149.738,PRO-97
-71.3785,-20.3805,PRO-98
-70.6956,-43.7831,GLN-99
-69.2223,131.665,HIS-100
-82.3453,-47.4841,LEU-101
-71.2414,127.368,ILE-102
-147.602,164.64,ARG-103
-113.347,140.963,VAL-104
-81.8956,142.228,GLU-105
61.1114,-29.1469,GLY-106
-54.6874,141.523,ASN-107
-103.311,-26.645,LEU-108
-66.6857,-25.2517,ARG-109
-47.831,148.021,VAL-110
-170.802,163.488,GLU-111
-92.5872,137.932,TYR-112
-132.768,167.001,LEU-113
-75.5737,151.853,ASP-114
-88.5176,137.238,ASP-115
-58.1993,-53.6981,ARG-116
-79.1418,-34.2921,ASN-117
-110.857,-17.0723,THR-118
63.2695,0.8853,PHE-119
-65.123,116.078,ARG-120
-67.4287,124.656,HIS-121
-163.304,152.43,SER-122
-78.3021,141.059,VAL-123
-137.438,122.173,VAL-124
-107.608,159.514,VAL-125
-59.7925,141.736,PRO-126
-76.304,122.21,TYR-127
-113.593,178.935,GLU-128
-86.8329,171.523,PRO-129
-62.5139,176.069,PRO-130
-90.6864,151.694,GLU-131
-49.7238,116.158,VAL-132
86.9393,0.157901,GLY-133
-99.6127,153.453,SER-134
-96.8425,-27.323,ASP-135
-119.714,146.726,CYS-136
-73.4408,145.196,THR-137
-131.06,140.095,THR-138
-112.132,145.006,ILE-139
-112.038,89.6566,HIS-140
-85.8876,-177.863,TYR-141
-161.357,148.782,ASN-142
-133.926,159.725,TYR-143
-125.25,150.311,MET-144
-145.342,174.148,CYS-145
-150.385,145.081,ASN-146
-60.1116,-32.3867,SER-147
-69.5058,-4.69683,SER-148
-66.7566,117.99,CYS-149
-104.459,-12.223,MET-150
72.3065,17.5501,GLY-151
43.8534,-126.026,GLY-152
-88.7134,-15.3912,ILE-153
-172.55,123.888,ASN-154
-62.6653,106.461,ARG-155
-138.536,148.846,ARG-156
-71.6191,161.091,PRO-157
-131.926,143.09,ILE-158
-116.961,157.44,LEU-159
-110.482,140.753,THR-160
-89.097,127.447,ILE-161
-100.803,115.11,ILE-162
-116.345,157.695,THR-163
-107.61,133.95,LEU-164
-152.702,168.066,GLU-165
-88.2332,169.946,ASP-166
-59.0067,-27.46,SER-167
-80.7905,-4.96251,SER-168
89.1811,-7.01812,GLY-169
-62.1595,129.454,ASN-170
-90.0299,132.384,LEU-171
-125.508,0.741334,LEU-172
151.886,175.519,GLY-173
-172.822,140.859,ARG-174
-142.113,159.026,ASN-175
-151.767,138.45,SER-176
-155.828,158.115,PHE-177
-84.2382,146.189,GLU-178
-108.676,143.419,VAL-179
-142.067,91.1331,ARG-180
-74.4924,135.92,VAL-181
-166.584,177.53,CYS-182
-88.8691,-30.9676,ALA-183
-145.521,94.6168,CYS-184
-47.3903,-35.9274,PRO-185
-75.3748,-30.19,GLY-186
-70.2593,-46.9747,ARG-187
-58.6396,-48.7038,ASP-188
-47.2122,-68.9151,ARG-189
-51.8063,-32.6056,ARG-190
-57.0679,-52.1193,THR-191
-85.9838,-21.5354,GLU-192
-80.9415,-22.7315,GLU-193
-54.6578,-26.701,GLU-194
-90.5301,-29.2709,ASN-195
-65.8323,165.685,LEU-196
-105.977,-32.8512,ARG-197
-52.0012,151.922,LYS-198
-63.7549,162.476,LYS-199
-132.528,-178.209,GLY-200
-110.444,135.148,GLU-201
-64.9794,144.689,PRO-202
-155.882,160.585,HIS-203
-43.9836,126.675,HIS-204
-89.0993,-15.9587,GLU-205
-64.8886,-44.477,LEU-206
-76.0996,147.286,PRO-207
-81.0646,-172.01,PRO-208
-72.0496,171.958,GLY-209
-104.939,167.336,SER-210
-57.4369,158.46,THR-211
-75.6842,129.848,LYS-212
61.8845,174.142,ARG-213
-76.2117,162.315,ALA-214
-65.6488,-18.4472,LEU-215
-62.5309,144.473,PRO-216
-91.2214,19.4545,ASN-217
-49.405,131.443,ASN-218
-169.816,161.267,SER-2
-80.4704,158.992,SER-3
-130.786,140.723,VAL-4
-51.4097,149.028,PRO-5
-103.075,139.851,SER-6
-84.7609,-24.4888,GLN-7
-62.8058,116.805,LYS-8
-54.2383,145.664,THR-9
-173.644,130.393,TYR-10
-91.7891,-42.4124,GLN-11
94.7917,-179.153,GLY-12
-57.4773,-39.1889,SER-13
-96.7474,-0.674108,TYR-14
80.6215,45.8646,GLY-15
-75.3572,144.218,PHE-16
-168.667,159.883,ARG-17
-140.557,134.866,LEU-18
-137.081,176.592,GLY-19
-126.673,128.654,PHE-20
-64.0178,126.264,LEU-21
-79.7386,108.331,HIS-22
-111.006,-27.5493,SER-23
152.068,-155.063,GLY-24
-136.951,-18.6048,THR-25
-52.5593,152.892,ALA-26
-62.3464,-18.7937,LYS-27
-77.955,-27.8047,SER-28
-66.6951,135.243,VAL-29
-79.9448,-25.7593,THR-30
-164.152,159.528,CYS-31
-158.814,150.727,THR-32
-131.418,122.44,TYR-33
-85.2452,125.863,SER-34
-82.6851,-32.1796,PRO-35
-73.037,-41.6784,ALA-36
-88.8676,-5.37974,LEU-37
55.0166,51.9984,ASN-38
-141.309,131.347,LYS-39
-102.691,127.767,MET-40
-114.061,141.262,PHE-41
-162.587,140.004,CYS-42
-75.7842,136.979,GLN-43
-51.6635,121.686,LEU-44
83.3819,0.212939,ALA-45
-96.4376,146.761,LYS-46
-59.7811,139.027,THR-47
-138.807,96.5254,CYS-48
-73.9991,111.583,PRO-49
-90.6301,130.39,VAL-50
-120.767,142.389,GLN-51
-134.291,142.271,LEU-52
-122.913,153.278,TRP-53
-142.51,144.309,VAL-54
-68.5757,-19.2971,ASP-55
-170.972,146.097,SER-56
-56.9149,123.445,THR-57
-66.0186,165.366,PRO-58
-76.9658,160.663,PRO-59
-59.2496,162.57,PRO-60
79.9762,-28.0582,GLY-61
-52.0745,136.072,THR-62
-159.693,127.532,ARG-63
-93.1894,120.355,VAL-64
-96.9985,130.475,ARG-65
-120.684,108.264,ALA-66
-113.79,178.641,MET-67
-163.486,118.317,ALA-68
-110.351,161.941,ILE-69
-156.922,160.972,TYR-70
-141.421,147.899,LYS-71
-138.861,176.739,GLN-72
-64.2348,-25.1371,SER-73
-112.901,-2.45598,GLN-74
-139.759,96.867,HIS-75
-73.4261,-15.0558,MET-76
-132.614,30.5605,THR-77
-72.145,162.368,GLU-78
-108.478,152.085,VAL-79
-59.2001,116.518,VAL-80
-131.579,160.816,ARG-81
-60.9568,158.666,ARG-82
-49.8584,144.235,CYS-83
-60.5968,-32.4269,PRO-84
-83.0688,-40.4127,HIS-85
-66.678,-29.6796,HIS-86
-59.8621,-32.6109,GLU-87
-82.152,-12.2606,ARG-88
-75.8837,138.931,CYS-89
-48.8795,-28.0855,SER-90
-56.6964,-28.2845,ASP-91
-88.9383,3.43983,SER-92
-61.105,165.364,ASP-93
106.075,-146.755,GLY-94
-34.0157,-45.3997,LEU-95
-89.218,150.698,ALA-96
-69.0428,154.744,PRO-97
-64.5693,-20.1786,PRO-98
-75.8796,-28.328,GLN-99
-57.6922,119.518,HIS-100
-90.1076,-35.1651,LEU-101
-72.1275,132.243,ILE-102
-152.856,161.946,ARG-103
-125.759,133.316,VAL-104
-106.086,147.521,GLU-105
81.5422,-42.1856,GLY-106
-77.7415,111.051,ASN-107
-72.2258,-23.1435,LEU-108
-78.1084,2.57693,ARG-109
-53.4241,146.511,VAL-110
-166.881,153.763,GLU-111
-99.8264,147.405,TYR-112
-153.324,152.612,LEU-113
-54.5933,141.299,ASP-114
-79.5051,129.334,ASP-115
-62.5209,-51.2904,ARG-116
-76.9377,-27.4453,ASN-117
-122.903,-0.184454,THR-118
60.8991,10.5136,PHE-119
-79.6011,119.067,ARG-120
-74.0981,119.098,HIS-121
-162.761,157.054,SER-122
-67.8942,122.532,VAL-123
-115.076,121.653,VAL-124
-113.105,159.388,VAL-125
-69.5946,148.385,PRO-126
-69.9017,108.855,TYR-127
-87.6997,174.887,GLU-128
-87.9435,177.002,PRO-129
-73.3216,158.7,PRO-130
-74.0685,161.37,GLU-131
-67.9497,122.117,VAL-132
100.705,-29.2092,GLY-133
-81.4903,148.496,SER-134
-89.2851,-22.4532,ASP-135
-112.518,155.262,CYS-136
-73.0861,154.03,THR-137
-143.234,133.528,THR-138
-102.067,144.896,ILE-139
-106.922,131.031,HIS-140
-116.087,176.051,TYR-141
-164.171,150.7,ASN-142
-137.339,177.914,TYR-143
-159.428,170.851,MET-144
-169.677,177.374,CYS-145
-148.271,170.986,ASN-146
-62.5711,-16.8792,SER-147
-96.6304,-3.66179,SER-148
-65.556,123.97,CYS-149
-134.341,-3.81173,MET-150
64.0652,23.0153,GLY-151
63.9194,-141.316,GLY-152
-60.0957,-25.0013,ILE-153
-162.625,117.045,ASN-154
-61.1088,124.946,ARG-155
-152.604,142.975,ARG-156
-76.6849,157.008,PRO-157
-121.348,144.591,ILE-158
-114.32,151.915,LEU-159
-112.905,148.981,THR-160
-123.904,115.053,ILE-161
-108.043,131.229,ILE-162
-137.054,132.702,THR-163
-76.398,121.542,LEU-164
-135.316,162.951,GLU-165
-81.8587,165.785,ASP-166
-54.1191,-36.4376,SER-167
-76.5257,3.76123,SER-168
71.684,6.56465,GLY-169
-58.4596,132.663,ASN-170
-68.6664,147.625,LEU-171
-130.946,-30.8884,LEU-172
-178.591,-176.269,GLY-173
-161.082,141.414,ARG-174
-145.12,153.781,ASN-175
-143.008,166.758,SER-176
-175.197,157.036,PHE-177
-86.7359,143.621,GLU-178
-118.622,127.002,VAL-179
-135.004,100.958,ARG-180
-99.0223,133.694,VAL-181
-160.887,-174.358,CYS-182
-95.6754,-46.7205,ALA-183
-119.326,108.017,CYS-184
-61.6889,-29.0495,PRO-185
-64.4937,-42.5993,GLY-186
-67.543,-57.5511,ARG-187
-57.3705,-37.0201,ASP-188
-67.2998,-51.4762,ARG-189
-43.3459,-41.6278,ARG-190
-80.1277,-34.3651,THR-191
-91.4919,-20.2866,GLU-192
-87.3399,-13.8491,GLU-193
-61.7492,-41.6053,GLU-194
-53.1522,-21.9197,ASN-195
-81.5773,-179.331,LEU-196
-97.3571,-36.2366,ARG-197
-52.6345,151.551,LYS-198
-59.6969,151.814,LYS-199
-94.6941,-178.834,GLY-200
-87.8924,150.345,GLU-201
-51.5189,142.437,PRO-202
-158.973,162.96,HIS-203
-48.7673,117.815,HIS-204
-78.9981,-31.6967,GLU-205
-78.3712,-42.1905,LEU-206
-55.6458,145.968,PRO-207
-71.8135,175.322,PRO-208
-63.0372,167.238,GLY-209
-81.8946,175.409,SER-210
-60.3943,152.442,THR-211
-77.6877,136.291,LYS-212
67.1198,149.629,ARG-213
-51.0881,152.394,ALA-214
-70.1862,-21.6102,LEU-215
-73.3309,159.313,PRO-216
-84.4864,20.8271,ASN-217
-45.9191,126.909,ASN-218
-156.085,143.56,SER-2
-80.3287,134.962,SER-3
-54.3267,138.014,VAL-4
-75.4718,148.139,PRO-5
-93.9391,145.874,SER-6
-88.9212,-39.1699,GLN-7
-56.0186,121.822,LYS-8
-66.9332,138.531,THR-9
-156.805,149.26,TYR-10
-96.257,-32.5748,GLN-11
71.3986,-173.898,GLY-12
-76.2656,-3.04685,SER-13
-88.4624,-10.9626,TYR-14
75.388,6.05798,GLY-15
-55.3231,129.179,PHE-16
-161.025,159.374,ARG-17
-127.96,139.175,LEU-18
-126.675,-165.087,GLY-19
-142.512,127.271,PHE-20
-74.084,118.011,LEU-21
-79.8177,112.145,HIS-22
-103.546,-0.723234,SER-23
108.022,-159.564,GLY-24
-134.603,-8.03232,THR-25
-64.64,159.544,ALA-26
-55.0321,-21.9997,LYS-27
-52.9594,-35.5623,SER-28
-64.1201,131.973,VAL-29
-70.4188,-31.8848,THR-30
-167.238,161.7,CYS-31
-148.84,150.895,THR-32
-129.368,122.173,TYR-33
-92.7156,101.62,SER-34
-55.6161,-34.1551,PRO-35
-74.6275,-12.2347,ALA-36
-109.673,-23.0707,LEU-37
52.8195,38.5798,ASN-38
-112.198,143.833,LYS-39
-113.552,107.171,MET-40
-87.4411,119.618,PHE-41
-131.566,134.118,CYS-42
-68.3664,141.359,GLN-43
-68.2043,142.654,LEU-44
81.4365,-22.2614,ALA-45
-90.3387,176.885,LYS-46
-86.4734,151.149,THR-47
-137.397,96.4124,CYS-48
-67.7967,95.1454,PRO-49
-97.4477,127.505,VAL-50
-102.18,148.116,GLN-51
-129.651,146.506,LEU-52
-135.377,160.265,TRP-53
-137.422,-171.327,VAL-54
-78.5785,-37.7574,ASP-55
176.313,167.063,SER-56
-53.1207,117.279,THR-57
-69.8161,161.235,PRO-58
-58.8331,162.978,PRO-59
-52.4292,123.135,PRO-60
101.654,-1.96573,GLY-61
-72.0449,146.125,THR-62
-149.087,150.491,ARG-63
-109.827,143.957,VAL-64
-130.835,147.161,ARG-65
-123.347,126.78,ALA-66
-118.391,159.677,MET-67
-161.052,123.308,ALA-68
-117.131,145.38,ILE-69
-120.983,145.23,TYR-70
-135.415,146.117,LYS-71
-137.364,160.385,GLN-72
-59.5451,-27.1357,SER-73
-107.233,0.271405,GLN-74
-151.472,103.418,HIS-75
-73.2511,-52.9488,MET-76
-125.087,116.927,THR-77
-137.799,173.189,GLU-78
-89.6747,148.06,VAL-79
-61.4426,121.379,VAL-80
-140.23,148.112,ARG-81
-53.8553,146.659,ARG-82
-55.7654,139.182,CYS-83
-58.8775,-44.5115,PRO-84
-66.175,-37.7765,HIS-85
-72.1408,-22.9356,HIS-86
-70.3988,-31.0964,GLU-87
-83.2539,-13.7637,ARG-88
-94.3006,157.941,CYS-89
-74.9669,1.00904,SER-90
-86.785,-22.1942,ASP-91
-90.6547,6.89394,SER-92
-96.5742,152.012,ASP-93
150.253,-128.051,GLY-94
-73.9548,-56.3719,LEU-95
-61.0635,133.453,ALA-96
-62.2233,141.011,PRO-97
-59.8572,-28.7411,PRO-98
-59.9429,-34.4209,GLN-99
-69.566,126.828,HIS-100
-82.1031,-42.5633,LEU-101
-86.8834,132.601,ILE-102
-150.559,170.084,ARG-103
-142.158,114.131,VAL-104
-79.195,164.062,GLU-105
68.2076,-44.7614,GLY-106
-57.9448,136.733,ASN-107
-98.1384,-40.6373,LEU-108
-74.7078,-7.97099,ARG-109
-60.9329,146.482,VAL-110
-161.002,156.631,GLU-111
-91.2812,166.927,TYR-112
-165.813,155.572,LEU-113
-78.35,153.989,ASP-114
-86.837,141.079,ASP-115
-61.369,-44.2629,ARG-116
-69.6084,-64.1642,ASN-117
-91.6904,-7.45163,THR-118
57.6527,5.04136,PHE-119
-62.7104,95.0502,ARG-120
-57.0382,112.9,HIS-121
-156.022,161.089,SER-122
-75.1259,127.983,VAL-123
-124.702,111.116,VAL-124
-118.927,165.247,VAL-125
-68.7389,159.081,PRO-126
-88.1735,113.126,TYR-127
-95.2546,168.108,GLU-128
-70.7737,154.758,PRO-129
-56.2716,147.767,PRO-130
-72.2934,153.089,GLU-131
-63.8621,114.608,VAL-132
98.3934,-0.390612,GLY-133
-80.8669,151.795,SER-134
-78.8613,-31.7607,ASP-135
-119.637,160.369,CYS-136
-79.0885,148.559,THR-137
-129.312,142.956,THR-138
-125.685,131.729,ILE-139
-95.6975,92.7344,HIS-140
-80.6121,174.357,TYR-141
-156.651,166.986,ASN-142
-141.04,169.891,TYR-143
-149.231,147.645,MET-144
-164.133,158.822,CYS-145
-138.044,170.553,ASN-146
-62.3581,-33.166,SER-147
-70.3104,-0.624617,SER-148
-82.5353,107.691,CYS-149
-120.725,-4.7303,MET-150
107.9,-14.2523,GLY-151
75.6986,-157.298,GLY-152
-56.6519,-43.7251,ILE-153
-155.93,112.993,ASN-154
-57.1768,134.89,ARG-155
-154.943,154.003,ARG-156
-59.2559,148.763,PRO-157
-124.263,158.557,ILE-158
-127.819,157.64,LEU-159
-125.214,141.466,THR-160
-121.261,111.674,ILE-161
-102.727,135.351,ILE-162
-138.456,153.749,THR-163
-92.9158,146.143,LEU-164
-149.333,-177.256,GLU-165
-87.296,170.316,ASP-166
-70.5823,-35.4705,SER-167
-66.961,-17.5494,SER-168
96.2327,22.4962,GLY-169
-77.5243,125.34,ASN-170
-82.1729,121.543,LEU-171
-113.7,-25.3589,LEU-172
179.421,156.588,GLY-173
-159.065,130.504,ARG-174
-121.989,128.048,ASN-175
-126.383,140.403,SER-176
-145.969,174.138,PHE-177
-91.7114,139.558,GLU-178
-103.907,131.511,VAL-179
-130.66,106.923,ARG-180
-85.9332,132.696,VAL-181
-155.663,172.518,CYS-182
-78.4997,-49.2244,ALA-183
-127.531,90.2672,CYS-184
-48.0507,-37.6508,PRO-185
-62.6322,-38.6465,GLY-186
-65.4593,-55.8891,ARG-187
-60.3757,-30.8037,ASP-188
-61.331,-56.0402,ARG-189
-58.1883,-34.9243,ARG-190
-57.5726,-51.9199,THR-191
-83.4874,-25.4145,GLU-192
-90.5004,-27.1937,GLU-193
-55.5859,-25.3186,GLU-194
-59.7169,-21.6687,ASN-195
-70.7911,156.138,LEU-196
-81.6646,-19.8975,ARG-197
-73.8646,156.482,LYS-198
-77.8196,161.992,LYS-199
-128.384,-163.478,GLY-200
-105.728,148.129,GLU-201
-64.1359,135.292,PRO-202
-149.584,139.717,HIS-203
-58.4066,140.191,HIS-204
-112.881,2.46847,GLU-205
-80.2726,-43.7087,LEU-206
-69.5613,124.567,PRO-207
-65.8932,170.375,PRO-208
-53.6847,154.349,GLY-209
-69.008,178.909,SER-210
-63.0132,156.475,THR-211
-71.9292,112.092,LYS-212
80.3615,170.55,ARG-213
-71.8063,151.37,ALA-214
-48.5778,-44.3715,LEU-215
-63.9177,140.655,PRO-216
-80.418,28.9496,ASN-217
-67.5253,109.596,ASN-218
-175.337,169.619,SER-2
-93.7117,161.538,SER-3
-123.148,160.076,VAL-4
-65.8495,148.545,PRO-5
-99.2888,158.217,SER-6
-121.129,-22.7056,GLN-7
-45.0006,121.443,LYS-8
-64.8573,120.232,THR-9
-145.839,147.936,TYR-10
-90.9972,-45.4902,GLN-11
63.0422,-177.537,GLY-12
-66.498,-22.144,SER-13
-60.7523,-19.1621,TYR-14
70.3134,26.7134,GLY-15
-67.1737,131.162,PHE-16
-169.863,153.253,ARG-17
-137.969,126.889,LEU-18
-126.94,173.396,GLY-19
-114.451,131.889,PHE-20
-78.4658,115.653,LEU-21
-94.4547,121.838,HIS-22
-134.439,0.0321507,SER-23
132.113,-160.758,GLY-24
-153.502,0.584446,THR-25
-61.5717,159.567,ALA-26
-56.8502,-43.5132,LYS-27
-55.6688,-17.1409,SER-28
-77.071,157.506,VAL-29
-97.9328,-25.2473,THR-30
-172.795,163.755,CYS-31
-163.931,159.345,THR-32
-150.124,130.249,TYR-33
-102.463,106.601,SER-34
-55.2132,-42.7297,PRO-35
-59.9011,-28.8599,ALA-36
-100.053,-12.9156,LEU-37
60.7788,25.7869,ASN-38
-117.513,118.681,LYS-39
-84.7713,122.284,MET-40
-105.432,121.59,PHE-41
-134.343,161.741,CYS-42
-95.9538,131.824,GLN-43
-52.1038,133.952,LEU-44
77.6656,-34.0857,ALA-45
-74.4769,156.925,LYS-46
-81.263,132.808,THR-47
-112.44,101.517,CYS-48
-75.9041,108.816,PRO-49
-96.8892,135.313,VAL-50
-95.6963,135.585,GLN-51
-140.347,132.434,LEU-52
-128.972,154.356,TRP-53
-145.48,172.929,VAL-54
-61.6318,-35.3454,ASP-55
178.209,156.793,SER-56
-51.2174,124.082,THR-57
-75.4128,169.521,PRO-58
-61.9335,151.305,PRO-59
-60.1818,152.48,PRO-60
94.5015,-21.436,GLY-61
-56.0593,155.78,THR-62
-170.94,140.983,ARG-63
-93.8711,132.699,VAL-64
-112.627,151.83,ARG-65
-134.678,144.655,ALA-66
-147.842,172.051,MET-67
-163.249,128.658,ALA-68
-115.18,169.885,ILE-69
-158.319,155.831,TYR-70
-148.56,145.721,LYS-71
-129.051,164.267,GLN-72
-68.4388,-10.6656,SER-73
-98.6481,-19.2043,GLN-74
-145.811,107.938,HIS-75
-72.0041,-25.1531,MET-76
-136.271,111.608,THR-77
-160.653,168.793,GLU-78
-104.444,158.438,VAL-79
-66.7594,111.788,VAL-80
-128.343,154.544,ARG-81
-66.2256,160.67,ARG-82
-62.7645,145.032,CYS-83
-46.5681,-59.9479,PRO-84
-56.2993,-45.3807,HIS-85
-58.6815,-40.8758,HIS-86
-63.8792,-26.621,GLU-87
-83.7234,4.14797,ARG-88
-92.197,139.557,CYS-89
-42.4359,-22.7937,SER-90
-61.6051,-6.246,ASP-91
-124.863,4.92703,SER-92
-72.9943,130.773,ASP-93
167.684,-165.677,GLY-94
-53.449,-45.4841,LEU-95
-71.4154,139.729,ALA-96
-53.7749,148.568,PRO-97
-61.2908,-18.5123,PRO-98
-76.02,-27.1405,GLN-99
-81.0697,130.727,HIS-100
-75.1388,-53.0798,LEU-101
-67.6116,127.733,ILE-102
-140.977,157.758,ARG-103
-97.9349,145.061,VAL-104
-106.747,136.079,GLU-105
61.1947,-11.5713,GLY-106
-75.2969,121.577,ASN-107
-73.533,-39.7358,LEU-108
-81.6396,24.0257,ARG-109
-69.5475,133.859,VAL-110
-134.841,161.862,GLU-111
-89.0907,137.887,TYR-112
-142.447,144.152,LEU-113
-72.2708,146.244,ASP-114
-86.2515,127.554,ASP-115
-54.0703,-43.0458,ARG-116
-80.0871,-42.252,ASN-117
-112.66,-10.6706,THR-118
70.7246,19.3964,PHE-119
-83.5361,98.4943,ARG-120
-64.6797,115.193,HIS-121
-146.331,153.95,SER-122
-70.3779,132.045,VAL-123
-125.316,133.927,VAL-124
-134.105,148.17,VAL-125
-71.1101,152.512,PRO-126
-61.5793,117.057,TYR-127
-104.717,148.474,GLU-128
-64.3378,177.864,PRO-129
-76.3665,157.504,PRO-130
-64.7344,158.095,GLU-131
-39.0262,114.01,VAL-132
82.9983,-47.3673,GLY-133
-49.2195,150.526,SER-134
-101.351,-31.845,ASP-135
-112.037,171.859,CYS-136
-96.3523,132.49,THR-137
-106.493,119.105,THR-138
-107.393,137.904,ILE-139
-91.4661,118.624,HIS-140
-111.722,179.702,TYR-141
-141.032,175.235,ASN-142
-155.891,176.451,TYR-143
-158.23,158.231,MET-144
-149.04,165.742,CYS-145
-122.599,166.073,ASN-146
-62.3958,-26.9876,SER-147
-72.7308,-21.5037,SER-148
-73.1716,96.7919,CYS-149
-104.484,-32.9464,MET-150
157.612,-0.73378,GLY-151
48.1789,-145.066,GLY-152
-87.1279,-1.2608,ILE-153
-168.807,126.694,ASN-154
-64.6055,123.138,ARG-155
-143.952,150.995,ARG-156
-60.5649,161.139,PRO-157
-141.004,141.036,ILE-158
-110.271,141.967,LEU-159
-115.139,152.539,THR-160
-132.947,113.553,ILE-161
-102.677,130.675,ILE-162
-139.965,132.659,THR-163
-85.7496,147.547,LEU-164
-144.793,160.348,GLU-165
-70.8452,157.444,ASP-166
-46.6145,-27.2576,SER-167
-84.8298,-1.37142,SER-168
88.6214,8.67804,GLY-169
-74.9614,122.743,ASN-170
-75.4105,128.976,LEU-171
-114.413,-30.6399,LEU-172
-169.94,165.268,GLY-173
-149.388,126.746,ARG-174
-116.905,154.42,ASN-175
-165.03,138.946,SER-176
-145.632,157.007,PHE-177
-80.031,146.187,GLU-178
-118.351,134.386,VAL-179
-124.787,104.046,ARG-180
-86.1065,135.837,VAL-181
-162.658,-170.449,CYS-182
-98.6702,-38.4792,ALA-183
-119.737,93.7958,CYS-184
-65.278,-29.3352,PRO-185
-70.979,-26.0824,GLY-186
-71.2804,-59.7787,ARG-187
-55.3023,-52.1746,ASP-188
-44.0886,-49.2049,ARG-189
-69.1139,-35.604,ARG-190
-65.0784,-24.3177,THR-191
-100.619,-18.4315,GLU-192
-92.4563,-30.9665,GLU-193
-49.1808,-30.9195,GLU-194
-67.2595,-23.1951,ASN-195
-97.484,154.785,LEU-196
-74.4666,43.7395,ARG-197
-121.906,147.093,LYS-198
-61.7092,143.905,LYS-199
-118.872,-167.494,GLY-200
-120.34,136.57,GLU-201
-60.8244,124.89,PRO-202
-137.374,-177.373,HIS-203
-65.7137,134.571,HIS-204
-88.9273,-19.2585,GLU-205
-82.5891,-33.7369,LEU-206
-63.3988,153.486,PRO-207
-75.4138,-176.209,PRO-208
-82.3647,160.22,GLY-209
-61.8875,-179.779,SER-210
-73.6382,154.397,THR-211
-60.4243,121.049,LYS-212
87.7302,161.142,ARG-213
-77.0383,154.63,ALA-214
-65.1996,-20.4294,LEU-215
-55.7847,137.335,PRO-216
-82.0965,9.07902,ASN-217
-45.1638,130.4,ASN-218
-145.473,-161.028,SER-2
-81.6199,160.457,SER-3
-117.014,157.113,VAL-4
-67.4129,136.562,PRO-5
-75.4973,139.957,SER-6
-89.9207,5.82942,GLN-7
-80.1349,121.261,LYS-8
-64.819,143.942,THR-9
-166.899,137.594,TYR-10
-90.8574,-22.4244,GLN-11
67.6594,-161.519,GLY-12
-75.6136,-13.5448,SER-13
-77.7589,-26.3693,TYR-14
88.4931,13.6453,GLY-15
-67.0264,107.072,PHE-16
-116.727,157.903,ARG-17
-112,146.584,LEU-18
-127.826,170.752,GLY-19
-136.817,112.338,PHE-20
-68.4826,122.302,LEU-21
-81.7966,134.862,HIS-22
-124.555,-23.6024,SER-23
138.313,-175.933,GLY-24
-121.315,-15.6367,THR-25
-49.3063,152.115,ALA-26
-60.8903,-18.9707,LYS-27
-72.3294,-11.9013,SER-28
-107.536,139.603,VAL-29
-93.8525,-17.7097,THR-30
-161.176,167.321,CYS-31
-158.76,168.352,THR-32
-132.932,131.313,TYR-33
-110.487,111.196,SER-34
-66.6958,-31.968,PRO-35
-86.93,-0.222588,ALA-36
-108.175,-21.7192,LEU-37
48.0577,33.2122,ASN-38
-106.644,134.099,LYS-39
-107.859,125.911,MET-40
-110.525,110.44,PHE-41
-109.571,150.953,CYS-42
-98.8906,127.911,GLN-43
-62.576,144.424,LEU-44
71.9672,10.0755,ALA-45
-140.494,157.332,LYS-46
-60.3336,137.562,THR-47
-132.021,106.106,CYS-48
-76.7668,127.118,PRO-49
-117.836,135.476,VAL-50
-107.007,145.746,GLN-51
-129.942,148.441,LEU-52
-140.282,152.307,TRP-53
-135.661,175.211,VAL-54
-58.9182,-44.5352,ASP-55
-172.97,160.613,SER-56
-59.923,119.139,THR-57
-59.6997,153.823,PRO-58
-58.9946,162.559,PRO-59
-63.2295,132.823,PRO-60
103.224,6.79582,GLY-61
-88.535,145.203,THR-62
-143.542,168.653,ARG-63
-119.691,141.617,VAL-64
-127.906,143.226,ARG-65
-119.582,124.68,ALA-66
-146.513,151.062,MET-67
-152.486,134.004,ALA-68
-102.684,172.851,ILE-69
-166.145,137.398,TYR-70
-128.262,138.365,LYS-71
-131.906,169.126,GLN-72
-75.297,-21.7157,SER-73
-97.0899,-12.6202,GLN-74
-147.477,117.781,HIS-75
-90.8471,-13.132,MET-76
-127.912,46.7224,THR-77
-78.2346,169.769,GLU-78
-117.549,155.168,VAL-79
-74.0592,131.963,VAL-80
-157.057,147.772,ARG-81
-59.5999,152.501,ARG-82
-63.386,162.141,CYS-83
-78.5655,-35.2747,PRO-84
-70.6477,-27.5042,HIS-85
-90.0386,-36.2046,HIS-86
-43.6358,-37.9553,GLU-87
-86.8275,-3.23086,ARG-88
-84.9974,149.234,CYS-89
-59.6235,-17.191,SER-90
-69.5486,-12.7711,ASP-91
-103.937,-7.77115,SER-92
-54.4444,179.77,ASP-93
100.922,-161.155,GLY-94
-50.18,-38.0821,LEU-95
-82.1571,145.472,ALA-96
-72.5462,155.254,PRO-97
-78.2774,-3.41415,PRO-98
-72.9321,-17.4714,GLN-99
-78.0756,116.929,HIS-100
-88.5571,-23.2959,LEU-101
-85.5334,127.642,ILE-102
-147.089,160,ARG-103
-117.973,150.421,VAL-104
-113.393,132.757,GLU-105
64.5916,-15.708,GLY-106
-53.4468,132.097,ASN-107
-83.4276,-51.178,LEU-108
-69.7942,5.18547,ARG-109
-60.415,140.84,VAL-110
-161.318,153.892,GLU-111
-89.8837,121.311,TYR-112
-120.387,161.151,LEU-113
-76.4852,163.624,ASP-114
-100.066,127.808,ASP-115
-53.6709,-59.4537,ARG-116
-59.2295,-31.4038,ASN-117
-147.025,1.61744,THR-118
72.8884,-23.6337,PHE-119
-36.9183,112.546,ARG-120
-68.1009,112.564,HIS-121
-168.644,140.869,SER-122
-65.6767,128.237,VAL-123
-115.36,146.271,VAL-124
-143.511,151.004,VAL-125
-76.7735,151.724,PRO-126
-75.5399,135.643,TYR-127
-133.646,143.731,GLU-128
-67.5463,171.465,PRO-129
-63.7127,148.97,PRO-130
-72.5067,167.311,GLU-131
-60.0221,119.506,VAL-132
92.9723,0.935751,GLY-133
-91.1148,167.623,SER-134
-121.848,-28.0316,ASP-135
-118.077,158.492,CYS-136
-76.4846,158.703,THR-137
-135.905,131.342,THR-138
-104.344,158.431,ILE-139
-130.926,119.205,HIS-140
-91.1252,177.745,TYR-141
-164.171,154.958,ASN-142
-150.644,174.639,TYR-143
-142.479,162.373,MET-144
-166.33,151.593,CYS-145
-119.081,164.6,ASN-146
-58.0262,-26.3308,SER-147
-103.427,-0.412968,SER-148
-77.4976,105.097,CYS-149
-93.3018,-17.7054,MET-150
131.649,-0.588629,GLY-151
77.9345,-130.763,GLY-152
-93.5366,-18.4605,ILE-153
-162.384,113.384,ASN-154
-69.2616,125.071,ARG-155
-155.28,161.434,ARG-156
-88.737,176.041,PRO-157
-145.959,156.346,ILE-158
-110.329,-179.979,LEU-159
-156.668,156.724,THR-160
-123.415,107.287,ILE-161
-95.6913,129.04,ILE-162
-140.899,152.253,THR-163
-108.057,135.887,LEU-164
-156.728,158.218,GLU-165
-74.7924,167.679,ASP-166
-67.7423,-37.4472,SER-167
-64.8716,19.6538,SER-168
73.1782,-2.23741,GLY-169
-63.4857,120.558,ASN-170
-75.1399,141.403,LEU-171
-124.679,-43.6293,LEU-172
-148.876,153.995,GLY-173
-139.74,147.813,ARG-174
-132.124,143.55,ASN-175
-125.319,157.252,SER-176
-157.319,158.525,PHE-177
-90.1784,127.828,GLU-178
-109.003,133.325,VAL-179
-129.974,130.521,ARG-180
-121.338,115.332,VAL-181
-139.672,-154.758,CYS-182
-115.838,-22.0033,ALA-183
-136.973,91.3381,CYS-184
-53.9028,-37.3305,PRO-185
-81.04,-23.2402,GLY-186
-74.0941,-38.5934,ARG-187
-62.5692,-48.5246,ASP-188
-54.5018,-42.8226,ARG-189
-66.1115,-52.9566,ARG-190
-43.1203,-44.6131,THR-191
-87.3237,-29.3886,GLU-192
-94.3812,-18.2674,GLU-193
-72.467,-4.16174,GLU-194
-64.0789,-24.9718,ASN-195
-100.983,160.521,LEU-196
-68.8777,-20.9875,ARG-197
-73.6135,149.099,LYS-198
-55.9829,159.649,LYS-199
-115.282,-148.242,GLY-200
-97.3522,161.985,GLU-201
-83.1179,166.324,PRO-202
-166.253,168.591,HIS-203
-39.1012,123.056,HIS-204
-96.8952,7.6638,GLU-205
-92.8686,-47.5307,LEU-206
-81.9277,161.279,PRO-207
-78.6704,-178.721,PRO-208
-73.8051,160.086,GLY-209
-60.7326,170.57,SER-210
-66.6672,154.469,THR-211
-65.4771,125.241,LYS-212
67.2006,163.843,ARG-213
-72.2649,163.82,ALA-214
-75.798,-24.3165,LEU-215
-54.5816,154.312,PRO-216
-95.6574,31.8979,ASN-217
-73.0889,121.937,ASN-218
-146.87,167.736,SER-2
-86.8579,163.231,SER-3
-101.074,152.205,VAL-4
-48.9151,129.288,PRO-5
-68.7583,148.156,SER-6
-105.169,-31.1179,GLN-7
-59.8764,116.794,LYS-8
-51.5136,146.809,THR-9
-165.82,143.008,TYR-10
-97.8447,-31.3357,GLN-11
64.6234,-167.289,GLY-12
-63.4598,-5.62094,SER-13
-82.6647,-12.4242,TYR-14
62.3467,13.8102,GLY-15
-63.322,114.188,PHE-16
-148.741,126.462,ARG-17
-86.7147,147.3,LEU-18
-139.168,170.331,GLY-19
-139.78,127.829,PHE-20
-76.6577,130.583,LEU-21
-99.6716,113.785,HIS-22
-94.5016,-46.3893,SER-23
168.678,-155.761,GLY-24
-135.979,-15.0344,THR-25
-58.2613,153.952,ALA-26
-53.1384,-23.8439,LYS-27
-69.6701,-19.233,SER-28
-84.6658,128.877,VAL-29
-77.8994,-26.308,THR-30
-164.47,156.879,CYS-31
-153.243,178.931,THR-32
-165.523,133.258,TYR-33
-106.09,102.817,SER-34
-58.7424,-26.7727,PRO-35
-67.0989,-10.0878,ALA-36
-123.046,-14.3103,LEU-37
58.5638,56.0795,ASN-38
-140.809,131.148,LYS-39
-104.251,124.478,MET-40
-114.403,134.315,PHE-41
-141.165,146.891,CYS-42
-109.998,122.206,GLN-43
-54.6767,137.813,LEU-44
73.9795,-24.8571,ALA-45
-80.6085,163.542,LYS-46
-62.8902,138.674,THR-47
-125.829,86.7581,CYS-48
-66.9038,127.59,PRO-49
-137.722,128.099,VAL-50
-104.199,170.864,GLN-51
-134.807,139.902,LEU-52
-136.413,148.404,TRP-53
-150.519,153.976,VAL-54
-60.2495,-29.2401,ASP-55
161.995,148.502,SER-56
-64.6344,115.233,THR-57
-54.8294,149.491,PRO-58
-56.3271,157.899,PRO-59
-41.1128,148.203,PRO-60
83.8256,14.7318,GLY-61
-104.071,157.268,THR-62
-155.276,154.171,ARG-63
-106.791,119.985,VAL-64
-102.748,153.027,ARG-65
-135.433,132.135,ALA-66
-140.603,177.101,MET-67
-161.209,130.264,ALA-68
-94.5546,163.806,ILE-69
-162.178,148.893,TYR-70
-145.131,142.648,LYS-71
-134.331,179.193,GLN-72
-60.0229,8.89571,SER-73
-163.513,-4.61746,GLN-74
-144.764,109.362,HIS-75
-111.598,-24.6747,MET-76
-89.9324,11.1281,THR-77
-67.0811,161.892,GLU-78
-120.236,163.651,VAL-79
-74.0117,113.259,VAL-80
-142.928,157.39,ARG-81
-50.2527,157.296,ARG-82
-61.3083,148.86,CYS-83
-54.0882,-49.8665,PRO-84
-67.4523,-33.3508,HIS-85
-78.0703,-28.49,HIS-86
-53.0513,-26.5492,GLU-87
-97.8481,-2.03472,ARG-88
-89.5502,153.98,CYS-89
-64.0704,-29.3388,SER-90
-59.7697,-31.8494,ASP-91
-83.8107,3.97665,SER-92
-70.9339,144.352,ASP-93
150.795,-163.955,GLY-94
-62.9554,-40.858,LEU-95
-68.882,132.813,ALA-96
-62.375,158.746,PRO-97
-52.8087,-22.6276,PRO-98
-84.2653,-26.0514,GLN-99
-65.7453,112.687,HIS-100
-81.2292,-33.3368,LEU-101
-90.8243,124.526,ILE-102
-149.304,168.077,ARG-103
-126.696,165.458,VAL-104
-122.475,143.249,GLU-105
63.4302,16.0719,GLY-106
-106.473,128.525,ASN-107
-73.1676,-58.5351,LEU-108
-80.9468,-11.708,ARG-109
-44.6439,146.176,VAL-110
-165.746,160.437,GLU-111
-115.051,141.356,TYR-112
-142.896,142.103,LEU-113
-69.9944,127.445,ASP-114
-55.1785,124.625,ASP-115
-53.0081,-20.8277,ARG-116
-103.642,-15.6366,ASN-117
-151.049,-10.6637,THR-118
78.7021,-3.4831,PHE-119
-63.4058,109.76,ARG-120
-60.2609,136.762,HIS-121
-157.816,149.537,SER-122
-60.6647,137.387,VAL-123
-141.175,137.133,VAL-124
-124.832,149.665,VAL-125
-76.5295,162.776,PRO-126
-79.1898,146.388,TYR-127
-144.887,136.233,GLU-128
-76.0087,163.594,PRO-129
-46.9168,142.93,PRO-130
-71.6361,150.902,GLU-131
-54.737,113.82,VAL-132
90.772,-4.56491,GLY-133
-90.1702,168.876,SER-134
-88.0944,-51.0098,ASP-135
-119.568,150.471,CYS-136
-73.1577,152.578,THR-137
-136.385,149.595,THR-138
-113.835,157.258,ILE-139
-123.883,80.9349,HIS-140
-74.9793,169.833,TYR-141
-152.47,154.74,ASN-142
-138.834,167.534,TYR-143
-142.77,139.35,MET-144
-143.117,142.036,CYS-145
-107.06,158.353,ASN-146
-65.2975,-12.9967,SER-147
-79.8868,-18.7238,SER-148
-65.7389,121.347,CYS-149
-116.567,-5.85722,MET-150
113.81,-5.9041,GLY-151
69.879,-130.826,GLY-152
-89.7373,-25.4945,ILE-153
-160.727,119.555,ASN-154
-38.7559,122.871,ARG-155
-143.922,148.224,ARG-156
-85.6913,160.409,PRO-157
-133.383,155.581,ILE-158
-108.445,170.49,LEU-159
-152.513,159.672,THR-160
-142.299,118.104,ILE-161
-114.973,131.619,ILE-162
-132.399,131.861,THR-163
-89.5774,118.353,LEU-164
-116.931,157.85,GLU-165
-69.5024,147.678,ASP-166
-61.4934,-18.8881,SER-167
-67.5024,-12.3519,SER-168
106.652,-7.73985,GLY-169
-81.4769,112.708,ASN-170
-51.4295,109.162,LEU-171
-88.3433,-45.0357,LEU-172
-157.856,146.982,GLY-173
-124.249,127.635,ARG-174
-130.51,131.682,ASN-175
-142.354,147.881,SER-176
-163.3,157.643,PHE-177
-93.3131,142.029,GLU-178
-126.163,148.398,VAL-179
-142.052,134.237,ARG-180
-100.847,154.213,VAL-181
-162.565,172.634,CYS-182
-69.6055,-43.3129,ALA-183
-118.638,101.979,CYS-184
-51.5079,-26.7541,PRO-185
-89.9118,-11.049,GLY-186
-83.996,-44.0918,ARG-187
-71.5372,-42.4923,ASP-188
-61.573,-45.0168,ARG-189
-63.2788,-36.8393,ARG-190
-57.469,-42.7477,THR-191
-83.9286,-34.4478,GLU-192
-105.257,-22.8231,GLU-193
-65.2812,-26.6843,GLU-194
-45.6623,-36.2529,ASN-195
-83.7324,165.814,LEU-196
-81.966,-15.2592,ARG-197
-75.8006,153.74,LYS-198
-65.9004,138.553,LYS-199
-126.44,175.72,GLY-200
-91.2242,148.5,GLU-201
-71.363,161.117,PRO-202
-170.321,165.011,HIS-203
-70.7536,146.568,HIS-204
-98.8517,-11.449,GLU-205
-63.1949,-51.0315,LEU-206
-74.1851,143.435,PRO-207
-76.317,-174.639,PRO-208
-58.2021,149.217,GLY-209
-79.8999,-178.12,SER-210
-78.6567,163.779,THR-211
-77.7305,133.434,LYS-212
70.2146,159.228,ARG-213
-81.7827,152.604,ALA-214
-56.02,-39.7243,LEU-215
-56.9779,139.129,PRO-216
-92.1195,25.596,ASN-217
-48.5179,120.328,ASN-218
-110.865,174.263,SER-2
-134.473,149.27,SER-3
-117.604,155.312,VAL-4
-94.3361,165.002,PRO-5
-91.2492,144.971,SER-6
-96.9589,-18.7819,GLN-7
-49.853,108.428,LYS-8
-48.2272,131.881,THR-9
-155.754,135.605,TYR-10
-90.7691,-43.4776,GLN-11
78.5183,-173.405,GLY-12
-74.3476,-22.7098,SER-13
-53.7975,-29.3929,TYR-14
78.5888,20.8992,GLY-15
-65.2102,105.091,PHE-16
-132.883,139.668,ARG-17
-112.193,174.065,LEU-18
-165.521,164.754,GLY-19
-130.679,114.582,PHE-20
-71.6567,136.568,LEU-21
-99.6218,139.78,HIS-22
-134.04,-53.5831,SER-23
175.65,-156.677,GLY-24
-142.913,-14.063,THR-25
-50.1923,152.664,ALA-26
-50.8932,-42.4407,LYS-27
-61.6356,-19.4779,SER-28
-90.8895,130.315,VAL-29
-87.7174,-15.3093,THR-30
-164.163,158.497,CYS-31
-165.419,137.258,THR-32
-111.49,142.736,TYR-33
-106.251,99.0793,SER-34
-56.0284,-47.4285,PRO-35
-65.2861,-9.55573,ALA-36
-111.948,-5.34548,LEU-37
28.294,56.4371,ASN-38
-133.425,138.372,LYS-39
-114.561,121.481,MET-40
-98.632,151.653,PHE-41
-166.719,131.046,CYS-42
-84.725,129.402,GLN-43
-51.2426,127.795,LEU-44
62.41,-4.19195,ALA-45
-105.134,154.795,LYS-46
-68.7645,142.064,THR-47
-130.741,100.33,CYS-48
-62.4011,118.298,PRO-49
-111.815,127.237,VAL-50
-89.6254,149.571,GLN-51
-137.496,128.609,LEU-52
-121.881,152.425,TRP-53
-148.419,158.235,VAL-54
-52.9975,-39.4224,ASP-55
-177.573,158.362,SER-56
-50.0851,124.932,THR-57
-94.0176,160.646,PRO-58
-64.5802,162.704,PRO-59
-57.6761,142.618,PRO-60
82.7726,-5.11417,GLY-61
-71.1624,147.148,THR-62
-154.845,144.586,ARG-63
-86.6264,132.13,VAL-64
-109.71,147.426,ARG-65
-123.697,129.01,ALA-66
-130.485,165.701,MET-67
-157.833,123.407,ALA-68
-110.913,143.613,ILE-69
-110.453,171.749,TYR-70
-161.958,129.503,LYS-71
-122.421,165.988,GLN-72
-54.5675,-5.62783,SER-73
-139.127,-7.73756,GLN-74
-147.825,107.922,HIS-75
-109.305,-28.7319,MET-76
-93.4053,-7.79183,THR-77
-65.89,152.226,GLU-78
-102.553,142.151,VAL-79
-63.9008,118.207,VAL-80
-134.051,175.22,ARG-81
-68.5323,161.432,ARG-82
-53.1646,150.447,CYS-83
-68.4069,-44.7976,PRO-84
-58.4221,-31.1559,HIS-85
-79.3265,-19.8271,HIS-86
-70.6301,-20.6982,GLU-87
-89.0774,-43.9804,ARG-88
-53.8598,141.761,CYS-89
-56.6158,-19.8108,SER-90
-83.4634,11.3895,ASP-91
-120.407,10.0388,SER-92
-83.2705,166.868,ASP-93
120.703,-159.163,GLY-94
-63.4255,-42.2978,LEU-95
-74.2044,127.495,ALA-96
-62.5855,165.763,PRO-97
-75.9974,-14.4192,PRO-98
-70.9845,-44.644,GLN-99
-58.4832,116.842,HIS-100
-88.2253,-41.7095,LEU-101
-83.1744,119.73,ILE-102
-135.709,173.959,ARG-103
-141.444,130.335,VAL-104
-79.635,130.557,GLU-105
72.2904,-6.30901,GLY-106
-61.5979,128.072,ASN-107
-80.3007,-43.2759,LEU-108
-93.3249,10.5594,ARG-109
-63.1505,135.781,VAL-110
-145.878,167.528,GLU-111
-124.774,115.268,TYR-112
-138.393,166.267,LEU-113
-80.2638,159.051,ASP-114
-77.3753,145.789,ASP-115
-60.7414,-34.2934,ARG-116
-108.231,-31.7549,ASN-117
-130.573,4.27553,THR-118
58.3682,2.09455,PHE-119
-68.1441,125.693,ARG-120
-71.5609,131.351,HIS-121
-158.448,153.659,SER-122
-72.4694,132.346,VAL-123
-121.694,117.954,VAL-124
-115.931,152.04,VAL-125
-56.5492,-175.97,PRO-126
-125.432,149.91,TYR-127
-154.043,165.86,GLU-128
-83.3834,154.974,PRO-129
-77.0855,135.58,PRO-130
-66.8835,155.69,GLU-131
-58.0839,130.781,VAL-132
90.0935,-16.6991,GLY-133
-91.101,147.086,SER-134
-77.8592,-10.463,ASP-135
-152.016,173.583,CYS-136
-85.0158,149.433,THR-137
-136.643,141.128,THR-138
-134.625,138.616,ILE-139
-112.751,79.3104,HIS-140
-60.2864,165.193,TYR-141
-156.995,144.918,ASN-142
-117.92,-175.269,TYR-143
-143.203,152.39,MET-144
-170.307,125.456,CYS-145
-77.2451,153.858,ASN-146
-55.356,-26.6262,SER-147
-72.635,-27.9276,SER-148
-63.5308,144.079,CYS-149
-130.522,-12.1568,MET-150
94.7216,31.9727,GLY-151
64.7527,-116.568,GLY-152
-92.6745,-30.618,ILE-153
-166.649,124.575,ASN-154
-48.8221,121.216,ARG-155
-151.698,152.307,ARG-156
-72.6508,158.393,PRO-157
-132.648,150.222,ILE-158
-135.208,138.142,LEU-159
-101.399,145.159,THR-160
-101.208,117.885,ILE-161
-111.174,125.75,ILE-162
-140.187,129.892,THR-163
-73.5842,134.19,LEU-164
-141.886,178.698,GLU-165
-111.756,163.726,ASP-166
-66.0606,-15.1062,SER-167
-72.7454,-5.69998,SER-168
79.3248,12.9443,GLY-169
-78.1052,109.043,ASN-170
-61.6217,140.765,LEU-171
-130.355,-31.7272,LEU-172
-151.342,167.408,GLY-173
-139.528,143.606,ARG-174
-132.436,152.349,ASN-175
-141.443,150.809,SER-176
-150.099,155.576,PHE-177
-87.2631,141.924,GLU-178
-113.392,141.452,VAL-179
-146.391,102.5,ARG-180
-94.4307,127.205,VAL-181
-152.297,170.48,CYS-182
-71.6546,-20.4418,ALA-183
-152.571,99.4164,CYS-184
-45.0176,-42.2165,PRO-185
-74.7385,-36.4025,GLY-186
-59.3538,-38.4624,ARG-187
-88.1517,-29.668,ASP-188
-58.4219,-48.3653,ARG-189
-63.2285,-53.5772,ARG-190
-32.466,-46.5612,THR-191
-92.6746,-54.2539,GLU-192
-60.0007,-35.0067,GLU-193
-71.4209,7.02324,GLU-194
-87.5547,-14.0352,ASN-195
-72.915,149.707,LEU-196
-111.894,-7.72108,ARG-197
-60.2458,160.834,LYS-198
-70.2822,175.55,LYS-199
-160.682,-143.361,GLY-200
-123.56,152.717,GLU-201
-81.2971,155.778,PRO-202
-154.048,158.683,HIS-203
-53.2327,128.926,HIS-204
-67.8423,-38.2788,GLU-205
-59.5881,-46.5142,LEU-206
-70.9122,143.661,PRO-207
-66.7977,175.619,PRO-208
-70.3925,138.935,GLY-209
-82.3854,179.615,SER-210
-62.5203,155.33,THR-211
-77.0634,145.229,LYS-212
69.0353,154.055,ARG-213
-63.6838,145.465,ALA-214
-61.7755,-12.245,LEU-215
-69.501,158.877,PRO-216
-96.6147,19.3105,ASN-217
-60.591,126.592,ASN-218
-164.264,158.069,SER-2
-143.291,149.445,SER-3
-84.9695,152.958,VAL-4
-61.0807,133.166,PRO-5
-72.8769,142.897,SER-6
-96.9869,-1.32594,GLN-7
-60.003,121.871,LYS-8
-69.5561,144.976,THR-9
-175.393,139.819,TYR-10
-103.079,-35.7595,GLN-11
83.9929,-152.426,GLY-12
-77.5771,-4.06404,SER-13
-116.946,-13.9063,TYR-14
66.4657,15.4617,GLY-15
-49.2906,114.684,PHE-16
-145.091,158.158,ARG-17
-111.23,170.789,LEU-18
-138.819,150.551,GLY-19
-108.251,103.281,PHE-20
-60.1099,112.966,LEU-21
-78.542,130.855,HIS-22
-122.281,-44.4818,SER-23
178.853,-161.332,GLY-24
-125.429,-0.560651,THR-25
-63.434,151.408,ALA-26
-61.3036,-24.1413,LYS-27
-57.465,-34.7849,SER-28
-77.7742,123.868,VAL-29
-69.9281,-13.1457,THR-30
-170.127,175.681,CYS-31
-173.762,146.281,THR-32
-135.832,131.52,TYR-33
-99.8299,94.7427,SER-34
-60.1572,-30.8103,PRO-35
-57.0178,-14.305,ALA-36
-116.263,-14.7264,LEU-37
53.9617,44.428,ASN-38
-127.025,115.113,LYS-39
-79.7393,126.269,MET-40
-114.94,124.787,PHE-41
-139.052,138.364,CYS-42
-81.0816,138.312,GLN-43
-62.5945,126.923,LEU-44
57.7028,25.1596,ALA-45
-102.172,146.026,LYS-46
-66.8372,138.269,THR-47
-120.612,98.1654,CYS-48
-78.4981,81.0246,PRO-49
-69.4107,129.616,VAL-50
-105.854,151.219,GLN-51
-142.334,141.764,LEU-52
-147.305,165.002,TRP-53
-128.152,-173.9,VAL-54
-71.9714,-30.9081,ASP-55
-174.068,147.329,SER-56
-50.3846,125.835,THR-57
-70.7369,165.773,PRO-58
-60.059,164.877,PRO-59
-38.787,161.259,PRO-60
89.6582,-48.9884,GLY-61
-55.5713,133.669,THR-62
-140.292,137.998,ARG-63
-97.3302,152.299,VAL-64
-146.475,137.961,ARG-65
-115.907,154.975,ALA-66
-164.167,149.649,MET-67
-148.438,135.432,ALA-68
-96.8061,161.325,ILE-69
-143.516,159.874,TYR-70
-151.861,147.575,LYS-71
-138.063,161.237,GLN-72
-54.3107,-20.2602,SER-73
-104.995,-1.83228,GLN-74
-160.781,109.831,HIS-75
-82.6815,-43.0464,MET-76
-108.733,24.3099,THR-77
-79.7154,167.315,GLU-78
-111.629,146.1,VAL-79
-68.1154,131.887,VAL-80
-141.519,158.504,ARG-81
-56.1943,163.142,ARG-82
-64.0615,157.217,CYS-83
-59.8194,-45.5815,PRO-84
-58.7969,-36.9343,HIS-85
-85.6781,-25.7135,HIS-86
-58.0326,-56.2291,GLU-87
-62.3828,18.1867,ARG-88
-117.419,144.752,CYS-89
-59.8708,-22.3672,SER-90
-66.9855,6.22841,ASP-91
-122.256,8.38426,SER-92
-53.6834,162.66,ASP-93
124.892,-131.076,GLY-94
-79.3942,-44.2952,LEU-95
-71.0521,136.879,ALA-96
-60.6463,144.887,PRO-97
-50.3515,-29.4733,PRO-98
-72.0008,-35.8731,GLN-99
-65.0193,128.094,HIS-100
-88.0623,-50.1324,LEU-101
-71.4288,118.109,ILE-102
-128.072,145.45,ARG-103
-106.053,122.654,VAL-104
-88.4782,155.805,GLU-105
72.1173,-9.16828,GLY-106
-93.5367,123.174,ASN-107
-78.2742,-43.7028,LEU-108
-79.0374,3.54704,ARG-109
-57.9808,153.34,VAL-110
-163.438,156.977,GLU-111
-103.653,119.018,TYR-112
-132.647,161.061,LEU-113
-80.2168,153.733,ASP-114
-88.2036,142.204,ASP-115
-62.6616,-24.7563,ARG-116
-100.959,-28.9305,ASN-117
-125.281,-1.43415,THR-118
50.7224,9.12714,PHE-119
-60.2777,122.695,ARG-120
-77.4086,163.654,HIS-121
-173.077,147.441,SER-122
-80.6353,134.631,VAL-123
-116.49,151.264,VAL-124
-148.906,162.217,VAL-125
-86.4289,169.485,PRO-126
-87.9575,147.926,TYR-127
-140.386,159.415,GLU-128
-83.2282,171.124,PRO-129
-63.4873,166.62,PRO-130
-76.7285,154.835,GLU-131
-60.7349,120.347,VAL-132
92.6585,-6.86392,GLY-133
-99.7613,157.703,SER-134
-97.4802,-28.8011,ASP-135
-138.476,151.721,CYS-136
-61.1139,164.619,THR-137
-164.362,151.383,THR-138
-128.622,137.82,ILE-139
-108.916,101.228,HIS-140
-86.4882,-179.854,TYR-141
-154.024,156.752,ASN-142
-150.859,154.675,TYR-143
-126.617,145.45,MET-144
-157.434,112.669,CYS-145
-55.7255,150.7,ASN-146
-75.3833,1.8789,SER-147
-109.034,-16.1949,SER-148
-79.3552,137.869,CYS-149
-111.48,-1.34708,MET-150
91.8366,8.70096,GLY-151
62.7542,-89.8374,GLY-152
-105.53,-36.4354,ILE-153
-161.427,123.302,ASN-154
-51.7242,121.075,ARG-155
-154.897,163.914,ARG-156
-84.8822,164.569,PRO-157
-137.124,158.831,ILE-158
-141.096,138.368,LEU-159
-116.852,123.61,THR-160
-89.1784,111.459,ILE-161
-100.992,120.017,ILE-162
-126.94,136.991,THR-163
-99.1283,135.022,LEU-164
-154.251,163.905,GLU-165
-84.0514,160.519,ASP-166
-53.3745,-32.6701,SER-167
-68.8241,3.1295,SER-168
72.0058,18.8701,GLY-169
-80.6169,119.835,ASN-170
-68.537,123.295,LEU-171
-108.178,-44.7271,LEU-172
-146.676,174.78,GLY-173
-157.366,145.399,ARG-174
-143.33,142.185,ASN-175
-142.161,146.79,SER-176
-160.796,149.747,PHE-177
-87.2006,140.391,GLU-178
-107.66,149.369,VAL-179
-145.147,90.9324,ARG-180
-75.0014,141.766,VAL-181
-164.996,174.165,CYS-182
-74.9718,-54.6697,ALA-183
-120.315,102.238,CYS-184
-43.332,-42.69,PRO-185
-75.2595,-28.9959,GLY-186
-70.289,-50.6509,ARG-187
-61.2085,-44.4519,ASP-188
-48.0996,-67.3066,ARG-189
-50.7086,-44.3494,ARG-190
-47.5231,-45.8491,THR-191
-90.322,-27.651,GLU-192
-92.8992,-24.643,GLU-193
-62.4894,-7.77936,GLU-194
-92.2997,9.0733,ASN-195
-119.69,172.307,LEU-196
-140.633,-22.9461,ARG-197
-61.4697,163.144,LYS-198
-61.3962,133.491,LYS-199
-125.927,-168.284,GLY-200
-133.16,139.155,GLU-201
-82.0456,156.45,PRO-202
-141.69,162.484,HIS-203
-41.01,130.91,HIS-204
-76.9471,-15.9024,GLU-205
-80.6605,-42.7104,LEU-206
-71.5997,149.688,PRO-207
-65.4582,177.255,PRO-208
-66.9865,152.941,GLY-209
-69.6189,172.567,SER-210
-76.4062,165.932,THR-211
-78.1116,127.158,LYS-212
87.9886,172.825,ARG-213
-83.4605,160.047,ALA-214
-75.277,-22.8992,LEU-215
-75.1765,148.229,PRO-216
-90.212,29.4684,ASN-217
-58.0652,142.598,ASN-218
-161.243,-164.89,SER-2
159.379,151.543,SER-3
-67.0723,157.34,VAL-4
-86.0546,136.767,PRO-5
-74.7188,141.216,SER-6
-84.2885,-16.2351,GLN-7
-53.1847,112.602,LYS-8
-60.1156,143.015,THR-9
-169.283,130.731,TYR-10
-79.0406,-39.1455,GLN-11
78.2256,-157.075,GLY-12
-73.3311,-44.605,SER-13
-60.755,-17.3812,TYR-14
67.5414,20.0296,GLY-15
-64.1095,119.25,PHE-16
-152,149.157,ARG-17
-108.749,159.088,LEU-18
-163.5,168.798,GLY-19
-131.129,110.117,PHE-20
-55.6948,132.515,LEU-21
-114.632,124.375,HIS-22
-111.639,2.21106,SER-23
97.3662,-174.737,GLY-24
-135.817,5.10275,THR-25
-51.0714,155.613,ALA-26
-51.8959,-27.3349,LYS-27
-54.8864,-40.1239,SER-28
-59.2038,119.784,VAL-29
-70.7716,-20.237,THR-30
-172.391,158.188,CYS-31
-161.387,165.141,THR-32
-145.585,120.402,TYR-33
-83.7579,116.689,SER-34
-70.5209,-20.2064,PRO-35
-79.3276,-7.64597,ALA-36
-116.107,-11.6106,LEU-37
51.925,41.8394,ASN-38
-131.632,114.067,LYS-39
-88.9232,127.561,MET-40
-110.688,119.62,PHE-41
-116.624,157.923,CYS-42
-99.7779,139.471,GLN-43
-60.9242,138.214,LEU-44
74.4397,-16.3753,ALA-45
-98.5178,154.962,LYS-46
-62.1083,134.676,THR-47
-133.109,94.9884,CYS-48
-69.4664,125.714,PRO-49
-119.936,139.067,VAL-50
-119.283,147.928,GLN-51
-142.356,151.354,LEU-52
-141.464,169.289,TRP-53
-151.019,168.537,VAL-54
-77.8774,-29.4804,ASP-55
-168.656,163.497,SER-56
-53.4214,119.006,THR-57
-59.4713,150.498,PRO-58
-60.5137,168.744,PRO-59
-60.0833,148.353,PRO-60
78.9096,-3.85341,GLY-61
-70.2985,156.935,THR-62
-153.2,141.899,ARG-63
-108.997,122.138,VAL-64
-108.674,145.655,ARG-65
-122.527,132.432,ALA-66
-139.423,159.269,MET-67
-150.924,132.191,ALA-68
-102.72,147.026,ILE-69
-127.183,131.581,TYR-70
-117.161,135.581,LYS-71
-139.779,-177.407,GLN-72
-84.9204,13.5176,SER-73
-167.331,1.42546,GLN-74
-125.572,86.5421,HIS-75
-85.2712,-15.6147,MET-76
-92.9812,-21.8911,THR-77
-62.2973,157.739,GLU-78
-114.022,157.484,VAL-79
-73.6213,115.339,VAL-80
-123.775,156.99,ARG-81
-55.1889,143.968,ARG-82
-47.2046,152.128,CYS-83
-54.9474,-39.5377,PRO-84
-87.9556,2.3694,HIS-85
-101.443,-18.7911,HIS-86
-78.5981,-45.8671,GLU-87
-76.7713,18.8648,ARG-88
-104.627,138.663,CYS-89
-67.182,-12.7101,SER-90
-59.4393,-12.5461,ASP-91
-107.308,9.16886,SER-92
-68.927,137.072,ASP-93
154.259,-158.149,GLY-94
-54.8189,-67.2127,LEU-95
-56.2643,142.889,ALA-96
-66.1879,158.605,PRO-97
-36.1046,-49.6392,PRO-98
-71.1001,-17.5929,GLN-99
-80.5879,123.158,HIS-100
-85.1811,-38.2299,LEU-101
-92.1691,109.686,ILE-102
-120.411,168.488,ARG-103
-137.512,137.454,VAL-104
-96.1112,148.824,GLU-105
72.8309,-35.4534,GLY-106
-47.0748,128.685,ASN-107
-92.0798,-45.9503,LEU-108
-78.8833,-0.00641928,ARG-109
-56.9808,142.339,VAL-110
-152.875,144.269,GLU-111
-105.596,109.739,TYR-112
-137.992,158.777,LEU-113
-94.4013,135.09,ASP-114
-65.3654,135.572,ASP-115
-66.5903,-21.6313,ARG-116
-101.511,-28.3057,ASN-117
-135.719,-1.38362,THR-118
68.0643,12.5919,PHE-119
-82.7491,124.212,ARG-120
-80.4386,154.52,HIS-121
-178.449,132.858,SER-122
-56.4738,139.666,VAL-123
-118.848,141.836,VAL-124
-124.733,152.507,VAL-125
-76.3061,152.812,PRO-126
-62.529,139.155,TYR-127
-141.018,124.841,GLU-128
-71.3084,164.437,PRO-129
-74.0358,126.744,PRO-130
-54.4456,155.008,GLU-131
-51.4501,109.923,VAL-132
115.422,-18.1224,GLY-133
-111.59,146.242,SER-134
-95.4026,-50.3254,ASP-135
-122.963,157.684,CYS-136
-60.6966,117.547,THR-137
-133.069,125.759,THR-138
-112.366,129.485,ILE-139
-93.0585,70.1516,HIS-140
-50.3325,174.332,TYR-141
-158.026,154.657,ASN-142
-136.138,172.912,TYR-143
-143.82,165.576,MET-144
-175.968,128.27,CYS-145
-71.6091,128.06,ASN-146
-67.4223,-16.629,SER-147
-65.9305,-21.8278,SER-148
-62.3301,139.32,CYS-149
-105.567,-16.0503,MET-150
119.642,-2.94312,GLY-151
74.0557,-134.909,GLY-152
-66.594,-52.0598,ILE-153
-156.147,126.045,ASN-154
-50.9835,119.122,ARG-155
-150.457,155.985,ARG-156
-84.7258,-179.625,PRO-157
-134.733,156.839,ILE-158
-144.803,116.878,LEU-159
-95.2663,129.898,THR-160
-90.7543,128.534,ILE-161
-114.737,125.894,ILE-162
-128.807,129.984,THR-163
-91.4521,113.205,LEU-164
-133.506,162.419,GLU-165
-83.964,160.043,ASP-166
-66.552,-19.7573,SER-167
-70.5539,-11.8404,SER-168
95.3767,2.59129,GLY-169
-61.6561,133.272,ASN-170
-78.722,127.915,LEU-171
-106.676,-34.6779,LEU-172
-178.993,141.164,GLY-173
-123.854,143.956,ARG-174
-151.095,141.979,ASN-175
-145.96,137.012,SER-176
-137.511,152.562,PHE-177
-82.7215,139.679,GLU-178
-116.163,130.648,VAL-179
-115.351,95.5621,ARG-180
-84.376,129.507,VAL-181
-156.076,-173.348,CYS-182
-88.1033,-55.1808,ALA-183
-114.035,83.8803,CYS-184
-49.1032,-23.8288,PRO-185
-74.4771,-46.5292,GLY-186
-64.5238,-44.8412,ARG-187
-71.4656,-35.7485,ASP-188
-64.6372,-42.5626,ARG-189
-67.4177,-33.5405,ARG-190
-57.6232,-30.388,THR-191
-105.018,-18.1584,GLU-192
-96.0168,-33.2059,GLU-193
-69.7381,-2.44464,GLU-194
-76.2923,-12.1588,ASN-195
-114.482,161.838,LEU-196
-108.128,-7.84449,ARG-197
-70.2064,157.912,LYS-198
-42.1815,137.882,LYS-199
-161.496,175.252,GLY-200
-101.468,158.182,GLU-201
-86.2824,173.895,PRO-202
-162.135,150.901,HIS-203
-34.4219,119.561,HIS-204
-60.708,-30.796,GLU-205
-60.4399,-54.8587,LEU-206
-66.9818,151.685,PRO-207
-84.8832,-171.944,PRO-208
-69.5054,157.956,GLY-209
-86.5882,169.332,SER-210
-53.7291,148.166,THR-211
-81.8079,136.281,LYS-212
78.8339,158.162,ARG-213
-80.047,153.356,ALA-214
-79.589,-13.2394,LEU-215
-48.928,171.223,PRO-216
-130.014,14.5885,ASN-217
-41.4727,116.029,ASN-218
-174.289,171.208,SER-2
-131.471,163.001,SER-3
-82.0908,158.358,VAL-4
-74.9788,152.987,PRO-5
-84.4575,147.272,SER-6
-97.0029,-15.4693,GLN-7
-51.9175,115.71,LYS-8
-71.9414,123.447,THR-9
-137.037,144.396,TYR-10
-75.7636,-44.9473,GLN-11
82.9869,-167.513,GLY-12
-81.0464,-10.8263,SER-13
-95.7499,-10.7466,TYR-14
68.1791,13.2909,GLY-15
-61.488,120.529,PHE-16
-154.475,159.684,ARG-17
-114.114,173.748,LEU-18
-168.938,158.986,GLY-19
-128.099,120.354,PHE-20
-78.6848,120.963,LEU-21
-95.4737,149.513,HIS-22
-140.997,9.13856,SER-23
90.3671,-152.043,GLY-24
-151.704,7.30537,THR-25
-66.2532,158.354,ALA-26
-52.4063,-23.5705,LYS-27
-60.2836,-28.038,SER-28
-74.3237,116.164,VAL-29
-70.1544,-27.1311,THR-30
-149.443,144.904,CYS-31
-151.323,158.041,THR-32
-145.753,138.393,TYR-33
-108.615,110.207,SER-34
-64.6439,-24.2279,PRO-35
-69.4269,-17.2743,ALA-36
-116.161,-20.251,LEU-37
66.1058,31.3716,ASN-38
-119.916,124.374,LYS-39
-106.002,132.73,MET-40
-124.799,121.245,PHE-41
-137.334,138.386,CYS-42
-96.1144,147.291,GLN-43
-64.1665,118.895,LEU-44
76.1859,9.30288,ALA-45
-94.1987,-178.507,LYS-46
-91.6335,145.269,THR-47
-123.735,105.34,CYS-48
-81.9506,116.153,PRO-49
-103.357,141.518,VAL-50
-118.091,130.315,GLN-51
-124.882,161.438,LEU-52
-154.643,149.585,TRP-53
-141.414,168.193,VAL-54
-61.1017,-28.5137,ASP-55
169.059,156.837,SER-56
-71.2695,121.558,THR-57
-72.9099,164.519,PRO-58
-57.6759,171.047,PRO-59
-43.7645,131.675,PRO-60
79.6711,-9.63686,GLY-61
-53.6276,142.249,THR-62
-149.925,150.62,ARG-63
-101.083,127.12,VAL-64
-114.997,132.129,ARG-65
-114.598,144.841,ALA-66
-147.702,168.081,MET-67
-159.803,127.607,ALA-68
-93.7723,155.638,ILE-69
-147.394,153.524,TYR-70
-148.956,130.948,LYS-71
-118.233,-177.076,GLN-72
-70.8893,12.3231,SER-73
-152.787,-54.4598,GLN-74
-79.7226,120.18,HIS-75
-112.011,-22.6063,MET-76
-90.3475,14.7072,THR-77
-71.9318,165.605,GLU-78
-128.775,151.016,VAL-79
-59.1878,129.821,VAL-80
-154.46,161.228,ARG-81
-68.5908,153.971,ARG-82
-67.9382,137.809,CYS-83
-58.7703,-38.9314,PRO-84
-50.3972,-57.0956,HIS-85
-63.4486,-22.002,HIS-86
-70.2226,-31.1909,GLU-87
-82.9146,-15.7244,ARG-88
-77.8405,153.514,CYS-89
-63.9982,-21.0052,SER-90
-73.3862,-5.19331,ASP-91
-111.664,-12.8755,SER-92
-79.2174,108.072,ASP-93
-148.06,-138.505,GLY-94
-80.2664,-40.6755,LEU-95
-63.5164,130.713,ALA-96
-40.337,145.108,PRO-97
-75.2026,-7.23748,PRO-98
-78.7037,-36.3267,GLN-99
-53.3138,143.647,HIS-100
-99.0661,-55.5317,LEU-101
-78.3884,127.675,ILE-102
-128.756,160.656,ARG-103
-111.033,123.043,VAL-104
-88.8395,147.306,GLU-105
68.2524,-5.25842,GLY-106
-83.6202,142.278,ASN-107
-110.372,-32.3928,LEU-108
-83.1813,-4.69748,ARG-109
-48.9031,135.71,VAL-110
-153.809,142.327,GLU-111
-114.745,133.359,TYR-112
-141.963,145.213,LEU-113
-63.2981,141.974,ASP-114
-76.064,132.821,ASP-115
-69.295,-28.6534,ARG-116
-83.0706,-38.5274,ASN-117
-121.002,-4.09954,THR-118
71.4876,-16.5397,PHE-119
-59.0615,122.317,ARG-120
-69.3604,150.108,HIS-121
-170.15,162.145,SER-122
-97.4319,142.721,VAL-123
-124.65,131.644,VAL-124
-125.714,152.767,VAL-125
-69.1873,153.036,PRO-126
-80.6367,117.161,TYR-127
-129.224,135.378,GLU-128
-74.9673,154.265,PRO-129
-55.7542,135.481,PRO-130
-64.8328,143.866,GLU-131
-48.6179,130.541,VAL-132
89.0501,-12.4685,GLY-133
-73.6106,167.404,SER-134
-89.8141,-49.7688,ASP-135
-139.28,-169.899,CYS-136
-77.2378,114.946,THR-137
-103.163,136.796,THR-138
-113.497,134.55,ILE-139
-107.666,101.496,HIS-140
-91.49,169.622,TYR-141
-148.225,134.809,ASN-142
-125.357,163.782,TYR-143
-141.374,142.134,MET-144
-151.111,124.059,CYS-145
-71.1195,138.241,ASN-146
-70.8457,-7.21907,SER-147
-67.5427,-23.6347,SER-148
-73.2145,147.923,CYS-149
-137.963,-3.17569,MET-150
125.646,-10.6569,GLY-151
51.3606,-103.403,GLY-152
-99.1239,-46.5279,ILE-153
-150.4,115.123,ASN-154
-44.4611,120.36,ARG-155
-154.813,164.165,ARG-156
-85.4299,155.473,PRO-157
-107.696,153.435,ILE-158
-138.227,134.529,LEU-159
-101.301,153.702,THR-160
-127.005,134.601,ILE-161
-124.146,127.934,ILE-162
-131.411,131.995,THR-163
-70.8611,125.758,LEU-164
-138.96,166.326,GLU-165
-88.1324,167.657,ASP-166
-66.2918,-22.1021,SER-167
-93.201,15.0993,SER-168
87.0432,-18.8118,GLY-169
-62.096,123.398,ASN-170
-67.9924,130.784,LEU-171
-119.038,-36.7918,LEU-172
-158.01,169.585,GLY-173
-157.696,141.571,ARG-174
-151.607,140.83,ASN-175
-138.478,156.13,SER-176
-156.123,140.403,PHE-177
-67.4746,141.61,GLU-178
-129.907,154.766,VAL-179
-154.332,116.375,ARG-180
-113.201,126.825,VAL-181
-154.515,-155.549,CYS-182
-104.326,-41.5424,ALA-183
-137.247,83.7056,CYS-184
-60.3422,-15.6738,PRO-185
-70.679,-32.1398,GLY-186
-65.0903,-58.5652,ARG-187
-69.5514,-26.2821,ASP-188
-66.1817,-52.8219,ARG-189
-50.7832,-34.852,ARG-190
-60.7632,-34.4045,THR-191
-93.6389,-46.0825,GLU-192
-71.4493,-32.1013,GLU-193
-72.8003,-4.56768,GLU-194
-89.9229,5.843,ASN-195
-93.3737,167.516,LEU-196
-99.1398,-23.3086,ARG-197
-62.0935,156.742,LYS-198
-53.6699,125.205,LYS-199
-124.893,161.997,GLY-200
-86.2765,143.719,GLU-201
-89.5502,160.617,PRO-202
-137.935,169.089,HIS-203
-72.0521,124.008,HIS-204
-64.2104,-23.2172,GLU-205
-65.2432,-52.326,LEU-206
-83.4142,143.007,PRO-207
-82.7503,166.823,PRO-208
-73.3082,172.504,GLY-209
-75.8816,-179.099,SER-210
-73.5721,157.963,THR-211
-70.5524,119.931,LYS-212
86.7039,168.564,ARG-213
-75.047,159.938,ALA-214
-64.6734,-37.0798,LEU-215
-50.2899,138.962,PRO-216
-80.9223,24.4457,ASN-217
-69.2291,91.3158,ASN-218
-123.409,150.339,SER-2
-88.1568,147.77,SER-3
-87.3375,146.103,VAL-4
-77.5833,154.625,PRO-5
-90.9399,156.1,SER-6
-113.154,-19.2274,GLN-7
-49.8168,102.802,LYS-8
-50.5122,144.063,THR-9
-162.309,148.384,TYR-10
-87.3846,-29.2363,GLN-11
75.6605,-172.735,GLY-12
-57.0055,-4.52126,SER-13
-96.4393,-22.0605,TYR-14
70.6798,15.7914,GLY-15
-64.7025,115.953,PHE-16
-149.407,151.844,ARG-17
-101.632,163.111,LEU-18
-149.682,149.451,GLY-19
-120.428,106.126,PHE-20
-63.9192,110.512,LEU-21
-89.9371,115.198,HIS-22
-116.998,-7.01131,SER-23
126.379,-156.347,GLY-24
-149.749,-8.94473,THR-25
-52.4773,150.546,ALA-26
-64.2954,-17.8764,LYS-27
-64.9906,-31.7146,SER-28
-68.1441,116.021,VAL-29
-72.7278,-14.6813,THR-30
-163.675,167.969,CYS-31
-172.674,154.429,THR-32
-145.066,137.434,TYR-33
-113.945,101.761,SER-34
-60.2394,-30.4814,PRO-35
-64.1232,-19.5786,ALA-36
-111.652,-5.58482,LEU-37
45.3656,41.3637,ASN-38
-121.952,137.211,LYS-39
-108.861,119.871,MET-40
-110.715,128.196,PHE-41
-124.444,140.201,CYS-42
-98.2412,133.276,GLN-43
-60.9121,134.657,LEU-44
68.8095,6.64589,ALA-45
-104.774,171.225,LYS-46
-63.6621,130.116,THR-47
-127.137,109.657,CYS-48
-73.3649,130.523,PRO-49
-126.365,128.362,VAL-50
-85.1962,148.112,GLN-51
-138.612,154.65,LEU-52
-146.458,163.11,TRP-53
-154.995,151.63,VAL-54
-55.6705,-44.3735,ASP-55
-154.843,162.025,SER-56
-63.1966,134.805,THR-57
-84.4104,161.362,PRO-58
-67.0946,142.372,PRO-59
-57.694,122.912,PRO-60
121.28,-27.468,GLY-61
-79.4782,150.727,THR-62
-161.997,157.163,ARG-63
-105.922,131.04,VAL-64
-109.174,149.802,ARG-65
-134.136,133.988,ALA-66
-152.312,153.991,MET-67
-142.455,127.129,ALA-68
-83.4309,152.098,ILE-69
-127.574,152.302,TYR-70
-155.666,131.428,LYS-71
-123.734,-179.029,GLN-72
-74.3114,-0.867076,SER-73
-133.93,-39.6761,GLN-74
-87.4131,122.177,HIS-75
-102.08,-23.606,MET-76
-94.7021,-10.4901,THR-77
-64.0828,168.694,GLU-78
-121.052,159.708,VAL-79
-68.6416,131.614,VAL-80
-154.784,151.448,ARG-81
-67.149,165.177,ARG-82
-72.6776,147.836,CYS-83
-37.41,-66.4368,PRO-84
-52.7974,-38.8515,HIS-85
-79.2142,-21.9202,HIS-86
-51.7207,-45.8107,GLU-87
-80.373,5.3863,ARG-88
-104.443,143.269,CYS-89
-58.4239,-22.6681,SER-90
-73.1655,-19.3879,ASP-91
-101.764,10.0471,SER-92
-81.8452,162.487,ASP-93
121.982,-156.764,GLY-94
-76.0824,-22.9536,LEU-95
-59.3643,124.135,ALA-96
-61.1951,152.432,PRO-97
-48.514,-33.8386,PRO-98
-84.3295,-19.3445,GLN-99
-60.4599,134.678,HIS-100
-83.1564,-33.054,LEU-101
-111,114.653,ILE-102
-127.014,172.144,ARG-103
-126.729,141.58,VAL-104
-91.4062,132.375,GLU-105
66.4943,8.63107,GLY-106
-86.2021,142.952,ASN-107
-105.36,-35.0087,LEU-108
-84.0374,-1.10522,ARG-109
-50.391,135.328,VAL-110
-147.204,148.799,GLU-111
-114.341,124.766,TYR-112
-139.815,151.928,LEU-113
-60.3289,131.054,ASP-114
-73.6483,136.72,ASP-115
-47.8685,-47.2327,ARG-116
-79.38,-43.8274,ASN-117
-108.998,-10.2519,THR-118
64.6689,2.33781,PHE-119
-72.2359,114.676,ARG-120
-53.7738,151.278,HIS-121
-179.881,157.898,SER-122
-87.1304,130.269,VAL-123
-121.746,124.18,VAL-124
-122.395,137.508,VAL-125
-67.0121,155.944,PRO-126
-85.6226,137.4,TYR-127
-140.393,141.625,GLU-128
-69.0687,161.121,PRO-129
-56.6548,132.222,PRO-130
-72.9199,153.013,GLU-131
-45.6484,118.749,VAL-132
106.83,-11.0524,GLY-133
-93.4359,124.354,SER-134
-51.5402,-41.3618,ASP-135
-159.742,177.489,CYS-136
-62.4841,118.833,THR-137
-132.112,148.242,THR-138
-146.597,140.329,ILE-139
-110.534,81.4752,HIS-140
-66.697,143.115,TYR-141
-116.418,139.44,ASN-142
-136.755,171.606,TYR-143
-150.533,149.014,MET-144
-177.562,107.929,CYS-145
-59.8421,147.767,ASN-146
-78.9982,-5.03905,SER-147
-92.5051,-1.86601,SER-148
-63.0435,128.415,CYS-149
-63.9086,-39.8295,MET-150
112.185,28.3502,GLY-151
59.4381,-154.918,GLY-152
-90.0754,-15.5546,ILE-153
-155.211,123.313,ASN-154
-55.1546,121.076,ARG-155
-147.048,150.44,ARG-156
-75.5143,-179.685,PRO-157
-157.544,143.848,ILE-158
-132.018,126.35,LEU-159
-111.286,137.073,THR-160
-115.176,113.901,ILE-161
-116.594,122.225,ILE-162
-135.662,128.002,THR-163
-87.909,126.672,LEU-164
-137.309,164.471,GLU-165
-95.3849,171.958,ASP-166
-57.153,-34.3045,SER-167
-76.1817,3.35664,SER-168
59.2235,7.44841,GLY-169
-63.5684,117.419,ASN-170
-55.0461,134.696,LEU-171
-120.058,-46.8078,LEU-172
-147.327,162.424,GLY-173
-149.633,139.675,ARG-174
-131.285,138.429,ASN-175
-129.291,157.031,SER-176
-164.878,173.604,PHE-177
-98.4493,138.383,GLU-178
-109.311,160.88,VAL-179
-165.183,102.277,ARG-180
-83.0522,143.664,VAL-181
-160.686,-177.345,CYS-182
-74.8324,-43.4634,ALA-183
-138.872,110.53,CYS-184
-51.8422,-42.6463,PRO-185
-77.5008,-19.6971,GLY-186
-67.8082,-49.4493,ARG-187
-79.2339,-30.8301,ASP-188
-62.1044,-59.509,ARG-189
-48.8641,-33.8886,ARG-190
-61.3101,-36.3164,THR-191
-99.1631,-21.8033,GLU-192
-102.034,-33.5915,GLU-193
-61.1173,-13.5434,GLU-194
-70.3836,-29.4152,ASN-195
-73.2354,166.335,LEU-196
-113.638,41.716,ARG-197
-141.636,155.208,LYS-198
-39.175,109.191,LYS-199
-106.23,174.787,GLY-200
-94.4686,163.295,GLU-201
-96.1479,146.621,PRO-202
-144.893,141.429,HIS-203
-58.2788,145.958,HIS-204
-78.0394,-12.3262,GLU-205
-62.2499,-50.8071,LEU-206
-77.3581,147.42,PRO-207
-72.4597,-178.779,PRO-208
-54.5237,151.682,GLY-209
-87.4195,158.073,SER-210
-56.1576,160.709,THR-211
-75.2933,130.01,LYS-212
71.6088,157.352,ARG-213
-58.3084,150.974,ALA-214
-69.5962,-15.4435,LEU-215
-55.9223,150.405,PRO-216
-84.415,11.8487,ASN-217
-68.4497,117.756,ASN-218
-176.236,162.409,SER-2
-95.8087,148.916,SER-3
-57.2219,135.346,VAL-4
-58.6347,159.97,PRO-5
-89.6696,130.312,SER-6
-97.5489,-25.0232,GLN-7
-53.2,133.104,LYS-8
-70.1178,151.76,THR-9
-178.868,148.409,TYR-10
-88.0391,-35.7773,GLN-11
67.283,-170.621,GLY-12
-75.0779,-20.6641,SER-13
-70.5812,-14.6244,TYR-14
70.5605,27.311,GLY-15
-84.8414,122.364,PHE-16
-149.76,154.973,ARG-17
-115.737,169.522,LEU-18
-148.98,145.436,GLY-19
-97.8283,150.629,PHE-20
-99.1583,120.39,LEU-21
-87.7111,135.327,HIS-22
-133.775,-12.2228,SER-23
119.776,-150.362,GLY-24
-135.866,-27.3396,THR-25
-39.3517,133.006,ALA-26
-46.762,-20.1878,LYS-27
-63.7883,-30.3165,SER-28
-62.1746,133.704,VAL-29
-77.6042,-42.7652,THR-30
-156.544,154.895,CYS-31
-153.38,144.741,THR-32
-131.673,140.357,TYR-33
-99.0772,112.784,SER-34
-71.817,-21.3118,PRO-35
-87.3426,-26.9588,ALA-36
-88.5763,-45.2255,LEU-37
81.4825,62.0881,ASN-38
-145.93,126.977,LYS-39
-83.5903,141.792,MET-40
-118.591,101.814,PHE-41
-100.541,139.469,CYS-42
-80.2395,135.34,GLN-43
-54.341,136.521,LEU-44
52.1327,3.45398,ALA-45
-85.9298,150.756,LYS-46
-72.0815,123.592,THR-47
-126.341,96.4246,CYS-48
-85.6395,163.129,PRO-49
-146.643,136.584,VAL-50
-96.0266,144.639,GLN-51
-137.236,142.091,LEU-52
-136.672,148.208,TRP-53
-148.362,171.624,VAL-54
-71.2564,-36.5084,ASP-55
-163.329,160.095,SER-56
-56.9367,107.175,THR-57
-68.66,157.705,PRO-58
-72.4816,167.378,PRO-59
-53.571,129.369,PRO-60
98.7425,-6.96862,GLY-61
-75.871,147.675,THR-62
-164.027,139.683,ARG-63
-91.714,122.166,VAL-64
-110.276,124.967,ARG-65
-107.887,132.467,ALA-66
-144.058,143.113,MET-67
-148.344,120.175,ALA-68
-87.3888,144.767,ILE-69
-115.463,143.25,TYR-70
-124.284,147.386,LYS-71
-138.005,177.509,GLN-72
-62.7825,12.0329,SER-73
-165.022,-35.1363,GLN-74
-95.8135,124.761,HIS-75
-117.738,-25.4392,MET-76
-99.4124,24.7462,THR-77
-75.4264,155.101,GLU-78
-114.37,129.459,VAL-79
-48.2363,143.453,VAL-80
-165.725,159.734,ARG-81
-65.2556,157.767,ARG-82
-64.5022,142.99,CYS-83
-73.1668,-27.6888,PRO-84
-66.5233,-31.6319,HIS-85
-81.0937,-32.9225,HIS-86
-64.1854,-42.698,GLU-87
-81.1568,-5.77559,ARG-88
-69.3009,159.028,CYS-89
-65.8618,-26.7321,SER-90
-53.9047,-18.6097,ASP-91
-104.711,-7.51909,SER-92
-73.9889,126.931,ASP-93
166.601,-167.896,GLY-94
-62.7447,-43.4556,LEU-95
-69.6065,119.863,ALA-96
-46.8327,145.669,PRO-97
-71.4584,-14.6502,PRO-98
-54.0679,-32.9439,GLN-99
-74.387,123.438,HIS-100
-76.4678,-42.6422,LEU-101
-93.5847,118.75,ILE-102
-129.932,168.814,ARG-103
-136.688,132.906,VAL-104
-102.767,128.121,GLU-105
92.494,-29.4662,GLY-106
-75.87,123.539,ASN-107
-90.4668,-23.8169,LEU-108
-76.9946,-5.08642,ARG-109
-42.834,143.885,VAL-110
-157.643,131.312,GLU-111
-94.7646,130.87,TYR-112
-148.119,138.264,LEU-113
-68.1003,118.709,ASP-114
-55.1439,130.482,ASP-115
-50.8378,-46.5771,ARG-116
-56.7932,-58.5046,ASN-117
-126.417,5.55864,THR-118
61.0692,-1.25427,PHE-119
-67.1341,141.221,ARG-120
-74.5683,146.478,HIS-121
-161.652,147.5,SER-122
-92.5,146.101,VAL-123
-130.324,127.03,VAL-124
-125.068,158.549,VAL-125
-75.923,161.764,PRO-126
-87.83,177.467,TYR-127
-176.769,145.493,GLU-128
-69.976,151.814,PRO-129
-64.8221,134.355,PRO-130
-60.5732,156.471,GLU-131
-57.8892,133.811,VAL-132
85.4596,-15.1042,GLY-133
-102.183,150.77,SER-134
-97.687,-33.6311,ASP-135
-150.255,169.785,CYS-136
-74.3332,126.16,THR-137
-133.494,149.573,THR-138
-135.628,143.398,ILE-139
-108.462,112.375,HIS-140
-92.363,177.773,TYR-141
-159.253,137.499,ASN-142
-136.662,165.094,TYR-143
-150.79,130.6,MET-144
-145.489,152.44,CYS-145
-72.7825,124.524,ASN-146
-68.9193,-13.1933,SER-147
-92.3443,-5.28212,SER-148
-61.1156,141.581,CYS-149
-58.8779,-43.2693,MET-150
96.6318,27.5897,GLY-151
73.3505,-166.164,GLY-152
-75.9067,-34.9924,ILE-153
-142.242,122.283,ASN-154
-55.638,115.164,ARG-155
-139.104,159.504,ARG-156
-75.6949,165.683,PRO-157
-141.439,137.714,ILE-158
-120.343,137.847,LEU-159
-106.638,143.724,THR-160
-119.699,102.235,ILE-161
-95.4058,144.427,ILE-162
-128.83,161.517,THR-163
-108.053,134.091,LEU-164
-141.116,171.449,GLU-165
-93.3463,175.519,ASP-166
-65.4225,-14.9475,SER-167
-83.9377,-11.3414,SER-168
89.9985,-2.70633,GLY-169
-64.2062,148.166,ASN-170
-100.763,129.103,LEU-171
-112.363,-25.0372,LEU-172
-167.658,148.504,GLY-173
-122.252,157.28,ARG-174
-163.493,120.208,ASN-175
-138.98,141.615,SER-176
-155.379,160.576,PHE-177
-88.5426,141.751,GLU-178
-121.131,150.199,VAL-179
-151.987,120.007,ARG-180
-108.701,146.011,VAL-181
-165.925,175.434,CYS-182
-76.7401,-52.8052,ALA-183
-119.135,94.4296,CYS-184
-55.709,-31.491,PRO-185
-76.9022,-28.1071,GLY-186
-73.7536,-58.2775,ARG-187
-56.1531,-55.454,ASP-188
-40.987,-54.691,ARG-189
-58.4916,-41.3111,ARG-190
-55.6158,-24.2666,THR-191
-107.653,-32.2829,GLU-192
-90.7956,-26.4243,GLU-193
-78.6276,-10.0904,GLU-194
-67.8061,-29.2099,ASN-195
-62.9872,157.642,LEU-196
-78.0605,-17.9634,ARG-197
-67.6938,162.783,LYS-198
-62.9581,143.084,LYS-199
-156.877,169.526,GLY-200
-77.5171,147.146,GLU-201
-83.7852,168.462,PRO-202
-150.971,170.393,HIS-203
-55.3434,127.427,HIS-204
-73.4647,-21.1588,GLU-205
-63.3675,-44.2766,LEU-206
-68.1613,139.04,PRO-207
-79.1847,-169.74,PRO-208
-72.1078,157.078,GLY-209
-103.064,168.148,SER-210
-60.1873,141.286,THR-211
-50.1701,125.736,LYS-212
73.2499,172.915,ARG-213
-83.0467,167.964,ALA-214
-74.4454,-11.6198,LEU-215
-67.3607,146.396,PRO-216
-93.5933,16.329,ASN-217
-50.2414,135.317,ASN-218
-135.039,157.11,SER-2
-81.0047,158.02,SER-3
-63.8443,139.88,VAL-4
-67.9792,153.975,PRO-5
-104.104,128.726,SER-6
-73.3619,-4.14733,GLN-7
-79.6363,107.927,LYS-8
-72.2004,131.367,THR-9
-162.402,158.409,TYR-10
-88.1453,-35.4755,GLN-11
67.2586,-169.343,GLY-12
-72.8058,0.75176,SER-13
-93.2541,-18.6161,TYR-14
75.4936,15.1945,GLY-15
-45.1959,102.37,PHE-16
-138.327,148.969,ARG-17
-98.3367,170.506,LEU-18
-156.36,171.43,GLY-19
-128.064,131.565,PHE-20
-63.4778,130.073,LEU-21
-102.016,126.476,HIS-22
-123.056,4.5131,SER-23
105.365,-150.782,GLY-24
-153.04,-8.79744,THR-25
-51.2263,152.132,ALA-26
-59.071,-28.5476,LYS-27
-66.7402,-25.7576,SER-28
-68.6935,123.032,VAL-29
-84.0191,-24.0878,THR-30
-166.263,150.272,CYS-31
-149.862,141.546,THR-32
-116.473,118.986,TYR-33
-90.7265,106.412,SER-34
-59.5073,-22.7348,PRO-35
-64.0892,-12.5694,ALA-36
-139.691,-8.48981,LEU-37
43.0726,44.7758,ASN-38
-121.031,130.453,LYS-39
-101.765,113.534,MET-40
-105.413,126.867,PHE-41
-130,161.021,CYS-42
-107.222,137.858,GLN-43
-48.2038,131.95,LEU-44
48.4523,16.5526,ALA-45
-106.717,157.281,LYS-46
-73.8617,147.341,THR-47
-136.316,93.9749,CYS-48
-74.1549,119.82,PRO-49
-121.672,146.028,VAL-50
-112.032,150.913,GLN-51
-134.301,154.792,LEU-52
-146.867,149.602,TRP-53
-144.541,153.758,VAL-54
-70.8951,-41.4693,ASP-55
-133.006,162.069,SER-56
-78.9496,124.752,THR-57
-54.7537,147.073,PRO-58
-40.3004,152.973,PRO-59
-64.3121,149.146,PRO-60
90.122,-8.83326,GLY-61
-69.4147,149.239,THR-62
-146.693,157.19,ARG-63
-106.665,135.312,VAL-64
-112.244,161.229,ARG-65
-152.919,111.536,ALA-66
-116.855,146.221,MET-67
-140.428,128.347,ALA-68
-90.4209,149.029,ILE-69
-131.155,79.1976,TYR-70
-64.4086,144.334,LYS-71
-128.077,179.817,GLN-72
-62.1307,-0.263899,SER-73
-163.179,-31.9793,GLN-74
-89.2421,96.9082,HIS-75
-85.2538,-21.6044,MET-76
-107.221,8.21502,THR-77
-75.4664,158.489,GLU-78
-111.256,145.119,VAL-79
-60.0525,132.659,VAL-80
-157.683,158.513,ARG-81
-54.6433,149.685,ARG-82
-66.6411,163.736,CYS-83
-63.4526,-40.2999,PRO-84
-57.7976,-36.563,HIS-85
-90.5361,-45.7859,HIS-86
-39.6598,-45.7529,GLU-87
-88.9513,8.26701,ARG-88
-88.2086,141.585,CYS-89
-56.6746,-11.3078,SER-90
-70,-20.7067,ASP-91
-83.9797,-8.34175,SER-92
-75.341,151.819,ASP-93
136.577,-159.758,GLY-94
-47.9968,-51.0341,LEU-95
-74.5956,124.503,ALA-96
-62.1477,144.458,PRO-97
-75.1558,-14.4064,PRO-98
-53.4716,-51.6232,GLN-99
-59.7173,132.409,HIS-100
-73.3008,-47.2492,LEU-101
-102.846,114.721,ILE-102
-123.275,175.849,ARG-103
-138.939,119.727,VAL-104
-76.476,132.234,GLU-105
71.1005,-13.3575,GLY-106
-64.9824,126.968,ASN-107
-98.1676,-19.7559,LEU-108
-88.1477,0.190998,ARG-109
-59.1184,164.922,VAL-110
-166.656,167.636,GLU-111
-119.909,127.964,TYR-112
-143.396,154.682,LEU-113
-58.7383,141.66,ASP-114
-79.9112,129.031,ASP-115
-52.0139,-47.8816,ARG-116
-73.3738,-23.5719,ASN-117
-136.116,-12.2568,THR-118
60.8604,22.6127,PHE-119
-83.5913,126.893,ARG-120
-80.2794,140.366,HIS-121
-168.21,160.264,SER-122
-73.2652,125.89,VAL-123
-121.589,132.44,VAL-124
-134.598,150.836,VAL-125
-67.4048,154.345,PRO-126
-90.6224,118.52,TYR-127
-125.861,128.154,GLU-128
-65.9039,159.947,PRO-129
-68.7991,146.583,PRO-130
-68.4295,163.75,GLU-131
-61.2846,130.123,VAL-132
86.7309,10.9302,GLY-133
-101.637,174.249,SER-134
-98.6612,-54.6829,ASP-135
-140.638,178.316,CYS-136
-66.8048,133.542,THR-137
-136.978,140.658,THR-138
-123.929,143.515,ILE-139
-112.102,92.1639,HIS-140
-76.7573,176.153,TYR-141
-165.101,134.626,ASN-142
-146.219,165.559,TYR-143
-141.238,145.363,MET-144
-174.354,123.118,CYS-145
-79.3113,131.704,ASN-146
-77.9836,5.13216,SER-147
-100.941,4.79246,SER-148
-66.139,117.25,CYS-149
-71.7431,-2.93864,MET-150
88.1028,22.4584,GLY-151
70.5778,-139.928,GLY-152
-90.9938,-27.8537,ILE-153
-155.355,120.435,ASN-154
-52.5665,113.481,ARG-155
-142.734,142.297,ARG-156
-67.8199,160.923,PRO-157
-144.641,151.592,ILE-158
-136.634,123.632,LEU-159
-89.9148,137.618,THR-160
-116.981,114.146,ILE-161
-119.816,124.736,ILE-162
-134.912,121.118,THR-163
-75.1409,123.74,LEU-164
-146.318,147.504,GLU-165
-71.1137,152.407,ASP-166
-31.4648,-30.8537,SER-167
-84.289,3.38492,SER-168
90.8506,-1.4852,GLY-169
-88.7012,125.009,ASN-170
-70.162,147.79,LEU-171
-120.822,-39.8758,LEU-172
-166.71,139.928,GLY-173
-130.338,155.562,ARG-174
-149.946,133.215,ASN-175
-136.093,132.301,SER-176
-139.039,160.538,PHE-177
-86.1871,134.912,GLU-178
-105.247,154.287,VAL-179
-156.015,119.145,ARG-180
-109.741,136.952,VAL-181
-147.239,-174.695,CYS-182
-72.233,-31.8911,ALA-183
-144.846,99.2896,CYS-184
-50.9803,-40.2812,PRO-185
-82.8296,-20.134,GLY-186
-75.1725,-49.7646,ARG-187
-64.3623,-35.4913,ASP-188
-51.7267,-57.1654,ARG-189
-55.0745,-52.1409,ARG-190
-54.3778,-30.5352,THR-191
-93.6699,-39.657,GLU-192
-73.5084,-37.2192,GLU-193
-72.0145,-18.6971,GLU-194
-92.4602,7.77678,ASN-195
-86.2681,138.244,LEU-196
-71.3235,-19.6312,ARG-197
-69.3101,141.154,LYS-198
-60.6506,136.328,LYS-199
-133.968,155.926,GLY-200
-78.796,165.401,GLU-201
-92.6331,-178.547,PRO-202
-140.32,-170.909,HIS-203
-84.6702,142.091,HIS-204
-78.5291,-21.4683,GLU-205
-68.1464,-43.252,LEU-206
-82.3912,143.82,PRO-207
-78.1938,160.78,PRO-208
-62.003,147.26,GLY-209
-70.2271,-174.463,SER-210
-74.5038,152.58,THR-211
-65.4197,114.802,LYS-212
84.1501,162.543,ARG-213
-55.0174,155.215,ALA-214
-78.3655,-22.9805,LEU-215
-55.2365,135.864,PRO-216
-90.3798,23.96,ASN-217
-52.895,140.187,ASN-218
178.039,163.648,SER-2
-54.4763,156.124,SER-3
-78.1065,146.559,VAL-4
-83.8204,127.45,PRO-5
-58.0093,130.902,SER-6
-94.1441,-13.9692,GLN-7
-57.1863,113.649,LYS-8
-44.8695,136.554,THR-9
-166.238,146.667,TYR-10
-93.9131,-21.9611,GLN-11
79.8476,-154.967,GLY-12
-89.4775,-15.189,SER-13
-74.5,-17.9427,TYR-14
84.3783,20.5462,GLY-15
-54.8611,119.182,PHE-16
-146.095,134.689,ARG-17
-95.0912,140.429,LEU-18
-130.149,-178.665,GLY-19
-151.237,133.078,PHE-20
-87.0067,108.135,LEU-21
-64.5476,153.585,HIS-22
-164.543,12.539,SER-23
96.296,-150.812,GLY-24
-161.353,-7.63964,THR-25
-62.8022,152.598,ALA-26
-55.8878,-24.0608,LYS-27
-59.628,-46.3541,SER-28
-54.7129,143.238,VAL-29
-92.1341,-24.7024,THR-30
-164.448,167.774,CYS-31
-170.588,140.178,THR-32
-121.166,139.901,TYR-33
-103.094,101.619,SER-34
-61.6656,-32.0171,PRO-35
-76.3973,-41.7336,ALA-36
-77.7049,-24.1268,LEU-37
70.035,42.9402,ASN-38
-137.999,123.853,LYS-39
-79.8719,129.386,MET-40
-112.001,130.611,PHE-41
-131.407,147.356,CYS-42
-88.1301,130.484,GLN-43
-56.6497,124.495,LEU-44
62.1782,16.1735,ALA-45
-106.028,156.222,LYS-46
-52.9205,152.065,THR-47
-143.373,100.952,CYS-48
-78.519,100.823,PRO-49
-109.075,130.08,VAL-50
-100.197,148.849,GLN-51
-140.279,133.291,LEU-52
-121.66,160.9,TRP-53
-163.56,152.695,VAL-54
-69.4136,-8.51005,ASP-55
173.008,164.124,SER-56
-58.5605,118.806,THR-57
-60.8276,159.981,PRO-58
-81.5603,163.956,PRO-59
-48.0266,152.762,PRO-60
72.6491,-10.3359,GLY-61
-77.3761,145.322,THR-62
-148.081,136.543,ARG-63
-81.2602,129.802,VAL-64
-117.174,146.303,ARG-65
-127.866,143.212,ALA-66
-147.485,163.253,MET-67
-160.432,128.357,ALA-68
-107.877,149.035,ILE-69
-130.362,141.595,TYR-70
-131.785,155.448,LYS-71
-137.468,177.592,GLN-72
-84.1456,54.5827,SER-73
-177.678,-33.3869,GLN-74
-117.597,127.436,HIS-75
-121.414,-24.9686,MET-76
-98.9996,2.62256,THR-77
-73.9368,148.733,GLU-78
-105.207,146.691,VAL-79
-55.278,137.134,VAL-80
-159.192,146.211,ARG-81
-55.1421,137.593,ARG-82
-55.6949,150.328,CYS-83
-47.5436,-49.0726,PRO-84
-58.9012,-25.6579,HIS-85
-91.6764,-38.9154,HIS-86
-57.251,-24.7949,GLU-87
-86.8775,-12.3715,ARG-88
-78.9158,147.619,CYS-89
-61.1771,-30.2809,SER-90
-61.2575,-4.28675,ASP-91
-96.8814,-1.66219,SER-92
-82.4954,172.992,ASP-93
122.368,-156.661,GLY-94
-64.6,-41.9006,LEU-95
-53.5838,123.521,ALA-96
-51.5506,134.033,PRO-97
-70.8916,2.56293,PRO-98
-82.4403,-37.2345,GLN-99
-68.817,138.912,HIS-100
-72.301,-47.966,LEU-101
-94.901,135.759,ILE-102
-142.088,161.199,ARG-103
-114.583,145.797,VAL-104
-112.065,132.133,GLU-105
80.2901,-15.1703,GLY-106
-65.6267,137.499,ASN-107
-94.9032,-41.5483,LEU-108
-85.8918,26.8535,ARG-109
-90.5592,145.265,VAL-110
-161.927,175.77,GLU-111
-130.654,143.118,TYR-112
-168.657,-174.99,LEU-113
-118.754,139.887,ASP-114
-60.7679,114.654,ASP-115
-41.4433,-51.66,ARG-116
-75.2544,-26.5538,ASN-117
-132.237,2.84841,THR-118
60.2606,10.5145,PHE-119
-61.4007,137.854,ARG-120
-77.3611,150.675,HIS-121
-168.038,133.452,SER-122
-56.6658,139.332,VAL-123
-128.017,145.933,VAL-124
-150.32,146.026,VAL-125
-67.0811,154.143,PRO-126
-92.1998,116.47,TYR-127
-127.121,153.909,GLU-128
-88.3067,152.555,PRO-129
-79.3299,139.755,PRO-130
-75.0235,157.387,GLU-131
-67.7216,127.046,VAL-132
104.728,-18.3404,GLY-133
-110.342,147.803,SER-134
-97.9707,-29.3253,ASP-135
-165.83,153.551,CYS-136
-52.9694,127.913,THR-137
-154.435,138.757,THR-138
-129.327,131.296,ILE-139
-93.0027,97.4211,HIS-140
-80.2135,175.333,TYR-141
-170.643,135.716,ASN-142
-135.526,159.628,TYR-143
-130.854,144.252,MET-144
-146.756,124.048,CYS-145
-68.7193,149.886,ASN-146
-91.7072,-22.8363,SER-147
-87.0211,3.15953,SER-148
-46.8114,125.119,CYS-149
-58.5485,-38.1924,MET-150
93.3003,22.2985,GLY-151
57.5686,-136.674,GLY-152
-89.4367,-34.8269,ILE-153
-145.1,134.928,ASN-154
-61.939,114.213,ARG-155
-136.494,161.524,ARG-156
-69.9136,163.473,PRO-157
-137.68,138,ILE-158
-109.643,126.282,LEU-159
-94.4002,146.257,THR-160
-129.873,108.18,ILE-161
-115.162,119.449,ILE-162
-109.716,153.29,THR-163
-108.454,142.373,LEU-164
-159.502,160.268,GLU-165
-69.0488,167.501,ASP-166
-67.2066,-24.1825,SER-167
-65.4854,-26.1745,SER-168
105.74,-11.8727,GLY-169
-58.8778,129.469,ASN-170
-74.347,133.871,LEU-171
-121.889,-25.1815,LEU-172
174.618,171.644,GLY-173
-161.357,150.555,ARG-174
-147.635,132.047,ASN-175
-124.79,147.44,SER-176
-166.647,144.128,PHE-177
-67.7049,145.886,GLU-178
-104.898,160.719,VAL-179
-152.053,99.7649,ARG-180
-96.5892,129.959,VAL-181
-149.572,-179.1,CYS-182
-72.9769,-54.4803,ALA-183
-129.447,93.8793,CYS-184
-38.0036,-44.7795,PRO-185
-59.5347,-58.7061,GLY-186
-45.8542,-53.6004,ARG-187
-71.392,-31.243,ASP-188
-71.1602,-43.6447,ARG-189
-58.8817,-45.1314,ARG-190
-57.7384,-44.4851,THR-191
-79.8729,-34.1946,GLU-192
-87.505,-37.2135,GLU-193
-61.3251,-10.2668,GLU-194
-63.466,-39.9371,ASN-195
-70.7052,155.726,LEU-196
-78.5173,-13.1626,ARG-197
-69.5214,159.815,LYS-198
-45.7262,144.041,LYS-199
-167.715,155.85,GLY-200
-62.8848,147.822,GLU-201
-94.4866,158.165,PRO-202
-152.787,165.415,HIS-203
-53.6335,147.746,HIS-204
-93.0917,-19.7032,GLU-205
-68.5247,-42.8035,LEU-206
-77.186,136.664,PRO-207
-72.5086,-160.786,PRO-208
-86.2383,154.707,GLY-209
-81.546,158.847,SER-210
-55.6438,150.528,THR-211
-77.6042,125.903,LYS-212
73.9774,164.093,ARG-213
-63.5146,147.99,ALA-214
-59.0936,-27.8498,LEU-215
-60.9992,140.455,PRO-216
-97.6147,5.02131,ASN-217
-30.6313,121.903,ASN-218
-94.1011,129.818,SER-2
-73.5262,155.604,SER-3
-62.4886,127.724,VAL-4
-70.7963,155.746,PRO-5
-71.7732,136.155,SER-6
-106.681,-18.8461,GLN-7
-46.1544,122.608,LYS-8
-72.7144,113.458,THR-9
-142.135,154.678,TYR-10
-100.823,-21.409,GLN-11
77.4804,-156.343,GLY-12
-85.8776,-17.1458,SER-13
-81.4274,-19.627,TYR-14
84.2854,12.3506,GLY-15
-58.8378,122.726,PHE-16
-164.923,155.158,ARG-17
-121.018,148.049,LEU-18
-131.595,177.916,GLY-19
-133.297,139.25,PHE-20
-83.2625,111.707,LEU-21
-81.5762,65.7363,HIS-22
-76.7329,-9.61303,SER-23
141.972,-159.926,GLY-24
-147.93,-17.3091,THR-25
-59.0095,151.036,ALA-26
-46.5248,-28.5907,LYS-27
-55.9243,-50.9615,SER-28
-62.3246,123.525,VAL-29
-56.9924,-26.741,THR-30
-166.033,159.727,CYS-31
-147.293,176.455,THR-32
-162.145,132.353,TYR-33
-105.768,121.407,SER-34
-67.2532,-37.1073,PRO-35
-67.0365,-22.4686,ALA-36
-118.143,2.42477,LEU-37
42.4214,58.227,ASN-38
-131.039,124.979,LYS-39
-83.811,147.045,MET-40
-124.22,116.155,PHE-41
-115.234,165.143,CYS-42
-103.083,132.08,GLN-43
-52.1061,135.898,LEU-44
60.9161,21.4894,ALA-45
-112.443,162.49,LYS-46
-72.8989,114.216,THR-47
-118.296,100.541,CYS-48
-58.9293,138.052,PRO-49
-133.723,149.688,VAL-50
-94.2425,146.949,GLN-51
-133.162,147.276,LEU-52
-140.886,120.656,TRP-53
-124.218,151.918,VAL-54
-76.791,10.5028,ASP-55
148.836,150.006,SER-56
-68.8691,131.427,THR-57
-62.8691,153.38,PRO-58
-66.874,158.164,PRO-59
-51.9963,139.178,PRO-60
92.9725,-20.8363,GLY-61
-67.3122,151.959,THR-62
-152.847,140.752,ARG-63
-87.1055,120.813,VAL-64
-100.302,125.436,ARG-65
-106.053,132.14,ALA-66
-147.229,159.811,MET-67
-155.074,115.363,ALA-68
-90.5058,142.216,ILE-69
-116.432,-171.862,TYR-70
-161.975,160.84,LYS-71
-129.871,175.406,GLN-72
-62.8452,12.6245,SER-73
-167.701,-40.7014,GLN-74
-69.9593,99.6336,HIS-75
-79.8755,-48.2881,MET-76
-80.829,19.5751,THR-77
-71.799,155.685,GLU-78
-132.635,152.514,VAL-79
-71.2645,133.395,VAL-80
-156.232,163.876,ARG-81
-62.1765,146.011,ARG-82
-68.7382,148.07,CYS-83
-43.5497,-38.3798,PRO-84
-80.4477,-28.6198,HIS-85
-91.6698,-21.1251,HIS-86
-64.1279,-46.5085,GLU-87
-89.14,49.8506,ARG-88
-143.871,149.383,CYS-89
-56.2807,-22.2083,SER-90
-58.6962,-32.1254,ASP-91
-94.313,10.2128,SER-92
-93.7132,151.281,ASP-93
161.353,-161.642,GLY-94
-64.6361,-28.8404,LEU-95
-78.9456,143.322,ALA-96
-58.5054,155.696,PRO-97
-83.5776,-15.2728,PRO-98
-77.5355,-26.9902,GLN-99
-78.2248,140.827,HIS-100
-74.6627,-45.7443,LEU-101
-105.886,118.567,ILE-102
-130.954,163.288,ARG-103
-122.335,130.167,VAL-104
-93.2723,133.404,GLU-105
78.0527,12.0271,GLY-106
-93.9506,142.425,ASN-107
-106.056,-20.4556,LEU-108
-97.3464,-9.73176,ARG-109
-45.3701,138.259,VAL-110
-146.125,163.879,GLU-111
-127.737,135.679,TYR-112
-165.792,139.338,LEU-113
-75.0139,165.636,ASP-114
-85.0962,140.239,ASP-115
-53.7521,-35.2248,ARG-116
-96.5924,-60.5141,ASN-117
-82.3011,-2.46503,THR-118
59.8833,10.8233,PHE-119
-79.6902,126.545,ARG-120
-72.2422,161.787,HIS-121
-166.894,168.64,SER-122
-111.639,118.24,VAL-123
-101.299,138.266,VAL-124
-146.242,137.646,VAL-125
-71.2886,140.062,PRO-126
-70.8091,145.753,TYR-127
-140.823,151.66,GLU-128
-63.0643,131.561,PRO-129
-72.9445,163.149,PRO-130
-83.7516,138.294,GLU-131
-62.8107,115.3,VAL-132
107.602,-16.7421,GLY-133
-69.7337,142.309,SER-134
-69.8384,-41.3996,ASP-135
-154.088,167.415,CYS-136
-61.5391,141.753,THR-137
-152.117,137.135,THR-138
-108.335,135.207,ILE-139
-107.392,104.62,HIS-140
-84.523,177.639,TYR-141
-141.108,137.172,ASN-142
-133.236,169.799,TYR-143
-151.754,140.222,MET-144
178.063,118.181,CYS-145
-54.333,145.896,ASN-146
-83.7721,-17.9359,SER-147
-71.111,-0.516443,SER-148
-70.7763,126.443,CYS-149
-80.9247,-22.587,MET-150
78.9375,38.049,GLY-151
67.0772,-101.093,GLY-152
-116.289,-22.705,ILE-153
-157.198,117.276,ASN-154
-65.4166,124.658,ARG-155
-146.207,154.891,ARG-156
-54.7589,158.356,PRO-157
-145.346,162.632,ILE-158
-141.81,149.609,LEU-159
-111.778,149.704,THR-160
-116.1,120.159,ILE-161
-126.377,122.051,ILE-162
-119.078,145.646,THR-163
-92.8259,124.637,LEU-164
-127.04,147.889,GLU-165
-79.4749,177.612,ASP-166
-63.8173,-17.7081,SER-167
-87.3643,-6.28228,SER-168
78.5846,9.07643,GLY-169
-86.8548,140.256,ASN-170
-87.987,134.011,LEU-171
-110.561,-31.4123,LEU-172
176.118,169.605,GLY-173
-145.521,145.09,ARG-174
-139.619,135.623,ASN-175
-140.432,144.273,SER-176
-160.948,142.656,PHE-177
-55.7674,145.235,GLU-178
-133.885,138.857,VAL-179
-143.717,104.386,ARG-180
-97.4027,117.097,VAL-181
-148.226,-172.306,CYS-182
-90.7798,-36.8593,ALA-183
-133.548,100.161,CYS-184
-47.2513,-53.7707,PRO-185
-74.9434,-18.8572,GLY-186
-64.5558,-49.2852,ARG-187
-63.4743,-31.2777,ASP-188
-75.3519,-43.3243,ARG-189
-63.0071,-41.0862,ARG-190
-45.0345,-41.46,THR-191
-101.23,-26.0269,GLU-192
-81.2434,-42.9592,GLU-193
-54.8321,-13.7192,GLU-194
-77.6416,-14.8586,ASN-195
-82.4608,147.414,LEU-196
-90.759,-14.9497,ARG-197
-71.0965,175.219,LYS-198
-64.9474,151.135,LYS-199
-154.082,166.505,GLY-200
-84.9246,148.355,GLU-201
-83.7077,-179.354,PRO-202
-154.676,-171.254,HIS-203
-78.7143,120.264,HIS-204
-71.8466,-1.33413,GLU-205
-97.453,-62.2666,LEU-206
-61.965,158.091,PRO-207
-76.4765,-164.68,PRO-208
-85.5402,-157.572,GLY-209
-112.147,160.992,SER-210
-75.1449,162.561,THR-211
-86.8988,107.641,LYS-212
78.5235,169.054,ARG-213
-59.8573,150.023,ALA-214
-71.6238,-14.9319,LEU-215
-57.7001,125.943,PRO-216
-80.1192,51.4825,ASN-217
-92.7647,111.322,ASN-218
-173.067,138.843,SER-2
-77.7024,163.102,SER-3
-62.4448,160.713,VAL-4
-95.8888,147.785,PRO-5
-77.7231,136.247,SER-6
-80.6127,-17.1214,GLN-7
-68.8112,123.954,LYS-8
-68.9138,127.868,THR-9
-148.494,135.386,TYR-10
-89.8388,-30.3253,GLN-11
68.682,-142.346,GLY-12
-80.9503,-26.6314,SER-13
-84.2862,-14.5323,TYR-14
81.2786,9.13055,GLY-15
-65.295,131.39,PHE-16
-164.234,156.881,ARG-17
-119.306,167.301,LEU-18
-165.957,162.649,GLY-19
-115.89,116.345,PHE-20
-67.3874,115.384,LEU-21
-84.3711,138.127,HIS-22
-135.831,18.2143,SER-23
104.759,-178.144,GLY-24
-111.374,-9.6964,THR-25
-51.9267,139.911,ALA-26
-47.281,-36.6747,LYS-27
-71.1307,-11.7973,SER-28
-72.6227,137.789,VAL-29
-82.8395,-24.6421,THR-30
-168.98,171.096,CYS-31
-154.77,140.36,THR-32
-117.135,138.005,TYR-33
-100.478,100.632,SER-34
-60.2085,-39.2816,PRO-35
-66.893,-21.0662,ALA-36
-104.991,-32.4319,LEU-37
64.7091,63.8034,ASN-38
-147.122,129.331,LYS-39
-87.3813,139.454,MET-40
-113.29,121.004,PHE-41
-123.412,133.805,CYS-42
-75.3935,130.191,GLN-43
-58.7263,139.068,LEU-44
53.2445,28.9618,ALA-45
-108.427,164.193,LYS-46
-77.5117,146.323,THR-47
-139.43,91.4727,CYS-48
-77.3072,135.278,PRO-49
-132.827,134.707,VAL-50
-87.8239,148.299,GLN-51
-125.72,141.001,LEU-52
-127.931,150.798,TRP-53
-149.067,154.677,VAL-54
-53.5472,-38.659,ASP-55
-172.518,162.187,SER-56
-70.0834,122.916,THR-57
-58.2709,136.449,PRO-58
-72.1047,179.931,PRO-59
-68.1995,174.752,PRO-60
66.9375,1.55295,GLY-61
-95.9744,154.809,THR-62
-153.863,159.524,ARG-63
-117.47,107.428,VAL-64
-78.8665,141.419,ARG-65
-116.311,143.554,ALA-66
-159.769,149.056,MET-67
-148.194,130.489,ALA-68
-92.6311,152.806,ILE-69
-141.829,158.346,TYR-70
-139.259,157.969,LYS-71
-151.996,164.326,GLN-72
-68.5563,-11.4847,SER-73
-138.397,5.88546,GLN-74
-134.437,111.271,HIS-75
-117.811,-11.8512,MET-76
-97.7515,19.8573,THR-77
-88.2596,150.926,GLU-78
-114.165,148.625,VAL-79
-62.9073,123.28,VAL-80
-145.846,160.813,ARG-81
-69.5621,125.813,ARG-82
-63.986,155.787,CYS-83
-50.9424,-45.8558,PRO-84
-64.1035,-31.1014,HIS-85
-91.6682,-27.9551,HIS-86
-45.0544,-51.4895,GLU-87
-72.8575,-6.31521,ARG-88
-98.0358,152.787,CYS-89
-67.0887,-29.212,SER-90
-50.9794,-35.0123,ASP-91
-87.8348,-2.46072,SER-92
-76.0489,151.835,ASP-93
147.401,-148.553,GLY-94
-74.6761,-46.6924,LEU-95
-53.4615,119.682,ALA-96
-63.7915,152.294,PRO-97
-73.9578,-10.6032,PRO-98
-71.9725,-31.6456,GLN-99
-77.2518,144.142,HIS-100
-108.871,-41.9551,LEU-101
-86.6823,123.262,ILE-102
-136.324,174.39,ARG-103
-138.15,125.59,VAL-104
-95.7629,122.84,GLU-105
77.3643,9.78088,GLY-106
-95.6908,143.418,ASN-107
-112.005,-35.7396,LEU-108
-73.3327,-13.3077,ARG-109
-47.6684,153.42,VAL-110
-159.116,149.583,GLU-111
-108.485,127.271,TYR-112
-134.937,148.501,LEU-113
-67.8519,126.952,ASP-114
-55.3662,117.724,ASP-115
-43.1602,-38.8762,ARG-116
-98.2896,-34.4222,ASN-117
-121.294,5.62166,THR-118
67.435,-6.38229,PHE-119
-68.187,108.645,ARG-120
-62.1624,153.67,HIS-121
-162.243,166.1,SER-122
-101.31,141.486,VAL-123
-131.256,120.915,VAL-124
-106.157,140.843,VAL-125
-84.9183,151.874,PRO-126
-82.9808,114.905,TYR-127
-113.928,156.005,GLU-128
-67.0546,155.684,PRO-129
-58.8286,150.682,PRO-130
-82.8814,148.791,GLU-131
-60.6082,126.306,VAL-132
92.0406,37.8077,GLY-133
-134.405,127.686,SER-134
-82.0033,4.76929,ASP-135
-175.247,179.785,CYS-136
-100.612,149.044,THR-137
-124.811,146.593,THR-138
-126.624,139.209,ILE-139
-103.063,108.241,HIS-140
-92.7492,-174.641,TYR-141
-165.709,135.825,ASN-142
-130.805,-179.051,TYR-143
-151.696,153.663,MET-144
176.795,114.34,CYS-145
-66.2465,126.893,ASN-146
-58.3375,-14.4651,SER-147
-72.1882,-17.6907,SER-148
-69.4578,145.804,CYS-149
-95.9029,-23.9411,MET-150
79.8947,21.5339,GLY-151
66.0649,-115.614,GLY-152
-87.0078,-30.3698,ILE-153
-168.234,125.171,ASN-154
-54.5813,123.437,ARG-155
-147.824,167.708,ARG-156
-86.4901,151.646,PRO-157
-122.467,165.839,ILE-158
-150.04,139.362,LEU-159
-97.3235,139.03,THR-160
-110.227,127.888,ILE-161
-122.389,133.729,ILE-162
-136.707,132.958,THR-163
-73.8806,140.324,LEU-164
-157.141,146.825,GLU-165
-67.5617,158.306,ASP-166
-55.7437,-18.2232,SER-167
-76.8807,-32.1862,SER-168
116.434,-6.44108,GLY-169
-68.1565,123.879,ASN-170
-71.8586,124.437,LEU-171
-119.095,-23.4808,LEU-172
177.192,-172.013,GLY-173
-164.919,138.793,ARG-174
-145.975,140.583,ASN-175
-144.497,143.315,SER-176
-162.281,148.239,PHE-177
-64.3403,137.949,GLU-178
-110.865,132.644,VAL-179
-128.49,94.6026,ARG-180
-78.0909,129.119,VAL-181
-156.837,176.638,CYS-182
-78.3233,-47.8692,ALA-183
-126.546,109.221,CYS-184
-48.963,-56.5069,PRO-185
-53.5656,-26.9287,GLY-186
-80.472,-42.9892,ARG-187
-73.3869,-39.9203,ASP-188
-56.0492,-64.529,ARG-189
-46.5485,-46.7076,ARG-190
-55.8748,-43.7306,THR-191
-84.3665,-27.8417,GLU-192
-83.4184,-30.343,GLU-193
-55.3557,-17.6977,GLU-194
-93.57,-17.4771,ASN-195
-67.7012,156.729,LEU-196
-86.0885,-32.6356,ARG-197
-56.2644,174.602,LYS-198
-64.8606,146.933,LYS-199
-110.279,153.15,GLY-200
-94.6556,142.113,GLU-201
-79.4333,170.412,PRO-202
-174.371,141.452,HIS-203
-38.7582,127.115,HIS-204
-111.901,-0.544694,GLU-205
-69.9682,-59.5945,LEU-206
-85.8807,170.478,PRO-207
-72.6003,-170.733,PRO-208
-92.2724,172.011,GLY-209
-74.4344,-175.733,SER-210
-77.0469,162.964,THR-211
-75.4156,130.095,LYS-212
69.9557,156.067,ARG-213
-64.5219,152.25,ALA-214
-54.7911,-46.2314,LEU-215
-42.3541,127.437,PRO-216
-75.5269,39.7945,ASN-217
-68.4258,120.014,ASN-218
-172.027,167.263,SER-2
-90.5863,162.805,SER-3
-71.7268,149.596,VAL-4
-72.8793,167.003,PRO-5
-107.429,141.819,SER-6
-87.516,-8.8454,GLN-7
-47.4708,118.919,LYS-8
-75.7182,134.818,THR-9
-160.289,139.777,TYR-10
-76.0521,-24.4861,GLN-11
62.2496,177.249,GLY-12
-59.8306,-26.2505,SER-13
-66.005,-29.6069,TYR-14
73.4586,22.9839,GLY-15
-57.3538,113.552,PHE-16
-146.384,151.989,ARG-17
-105.89,169.279,LEU-18
-160.73,156.365,GLY-19
-118.729,124.384,PHE-20
-69.3526,123.195,LEU-21
-108.653,116.819,HIS-22
-112.255,-38.8252,SER-23
179.958,-151.628,GLY-24
-145.287,-9.1493,THR-25
-67.0763,136.634,ALA-26
-38.6954,-32.0762,LYS-27
-62.3872,-12.3735,SER-28
-73.3655,132.074,VAL-29
-71.178,-31.8745,THR-30
-172.461,166.845,CYS-31
-165.203,154.843,THR-32
-124.525,145.688,TYR-33
-107.833,109.388,SER-34
-54.6759,-33.17,PRO-35
-71.3545,-6.14049,ALA-36
-133.435,-5.88476,LEU-37
59.3318,43.9014,ASN-38
-119.235,135.173,LYS-39
-110.979,129.094,MET-40
-111.838,127.896,PHE-41
-123.271,126.862,CYS-42
-65.6462,146.846,GLN-43
-71.6053,132.68,LEU-44
78.0776,-1.73919,ALA-45
-92.7441,145.344,LYS-46
-64.4007,101.992,THR-47
-93.1065,103.669,CYS-48
-72.9516,141.428,PRO-49
-128.166,130.406,VAL-50
-85.6358,140.545,GLN-51
-131.967,145.84,LEU-52
-141.083,150.027,TRP-53
-141.385,167.802,VAL-54
-66.0356,-56.3519,ASP-55
-133.682,149.747,SER-56
-57.0263,111.742,THR-57
-72.7291,158.596,PRO-58
-48.7138,156.947,PRO-59
-59.9713,123.663,PRO-60
102.427,2.62322,GLY-61
-82.2069,142.278,THR-62
-142.899,146.87,ARG-63
-101.279,129.826,VAL-64
-121.71,140.391,ARG-65
-126.723,125.994,ALA-66
-134.035,148.309,MET-67
-146.619,129.582,ALA-68
-96.1811,152.133,ILE-69
-142.817,162.961,TYR-70
-151.551,144.235,LYS-71
-126.178,172.721,GLN-72
-73.8926,0.710765,SER-73
-140.645,16.7381,GLN-74
-143.122,108.69,HIS-75
-98.53,-3.65046,MET-76
-132.919,24.3116,THR-77
-66.1797,149.561,GLU-78
-114.509,153.403,VAL-79
-74.7611,119.123,VAL-80
-143.222,167.152,ARG-81
-67.2266,144.037,ARG-82
-71.9469,140.99,CYS-83
-42,-34.2472,PRO-84
-83.8918,-33.5085,HIS-85
-75.5843,-28.0979,HIS-86
-61.289,-24.0619,GLU-87
-106.962,40.8413,ARG-88
-127.53,146.78,CYS-89
-46.1399,-27.8963,SER-90
-64.988,-9.19682,ASP-91
-93.6827,-11.6547,SER-92
-81.8102,146.602,ASP-93
137.048,-153.051,GLY-94
-71.775,-40.2132,LEU-95
-60.417,144.082,ALA-96
-73.0411,157.865,PRO-97
-58.3948,-25.9236,PRO-98
-75.8796,-25.2089,GLN-99
-70.9322,136.707,HIS-100
-100.843,-50.6867,LEU-101
-80.0587,115.629,ILE-102
-113.493,165.418,ARG-103
-121.27,149.368,VAL-104
-116.462,159.392,GLU-105
53.6704,30.1481,GLY-106
-153.191,129.427,ASN-107
-107.175,-24.6967,LEU-108
-74.5195,-14.8075,ARG-109
-42.4975,149.842,VAL-110
-161.283,174.801,GLU-111
-128.532,119.723,TYR-112
-136.598,156.481,LEU-113
-74.7843,131.423,ASP-114
-58.3819,141.439,ASP-115
-45.8757,-76.3173,ARG-116
-56.2052,-29.8468,ASN-117
-127.191,-18.9139,THR-118
67.5439,-6.54812,PHE-119
-58.1852,118.132,ARG-120
-64.7782,160.57,HIS-121
-170.326,163.771,SER-122
-101.146,136.47,VAL-123
-129.167,120.41,VAL-124
-121.593,140.612,VAL-125
-70.3507,145.125,PRO-126
-75.2077,138.863,TYR-127
-155.307,126.381,GLU-128
-71.1207,165.614,PRO-129
-51.7305,140.581,PRO-130
-75.0345,151.704,GLU-131
-50.0729,114.105,VAL-132
90.2441,-9.13201,GLY-133
-86.3445,169.784,SER-134
-100.528,-18.1017,ASP-135
-158.141,149.084,CYS-136
-53.5068,135.292,THR-137
-113.521,151.197,THR-138
-131.128,144.197,ILE-139
-108.958,107.311,HIS-140
-86.2745,-174.436,TYR-141
178.235,143.975,ASN-142
-151.642,162.132,TYR-143
-135.842,144.914,MET-144
-169.333,118.429,CYS-145
-84.5989,139.644,ASN-146
-73.5661,-24.0216,SER-147
-69.8466,-7.69343,SER-148
-55.2183,147.541,CYS-149
-107.525,-17.1312,MET-150
96.8705,3.19366,GLY-151
60.1439,-142.834,GLY-152
-86.026,-22.4516,ILE-153
-157.498,111.585,ASN-154
-54.6709,139.376,ARG-155
-161.227,156.907,ARG-156
-82.275,160.645,PRO-157
-133.58,158.237,ILE-158
-144.972,144.797,LEU-159
-103.136,137.145,THR-160
-108.109,96.319,ILE-161
-104.265,115.167,ILE-162
-112.984,170.067,THR-163
-118.06,145.04,LEU-164
-166.334,145.042,GLU-165
-75.4787,164.693,ASP-166
-67.8021,3.46823,SER-167
-119.502,7.05454,SER-168
77.7902,-3.45574,GLY-169
-74.6704,125.276,ASN-170
-74.004,139.074,LEU-171
-118.428,-45.9545,LEU-172
-154.288,178.136,GLY-173
-157.57,137.869,ARG-174
-137.193,144.396,ASN-175
-140.546,143.431,SER-176
-147.286,147.975,PHE-177
-75.7519,149.534,GLU-178
-136.835,154.188,VAL-179
-154.713,97.6482,ARG-180
-99.1604,126.308,VAL-181
-160.828,177.812,CYS-182
-74.3147,-23.6571,ALA-183
-154.88,104.969,CYS-184
-71.7841,-13.6965,PRO-185
-85.2872,-28.2978,GLY-186
-55.7876,-59.2174,ARG-187
-73.4567,-34.3063,ASP-188
-56.1524,-59.4207,ARG-189
-47.803,-58.4004,ARG-190
-42.5583,-48.3297,THR-191
-79.733,-49.3516,GLU-192
-65.4901,-30.5075,GLU-193
-79.7095,-5.06846,GLU-194
-60.6785,-28.1578,ASN-195
-94.4304,156.107,LEU-196
-90.0187,-32.8489,ARG-197
-43.2884,156.766,LYS-198
-59.8935,134.63,LYS-199
-109.493,157.136,GLY-200
-99.6673,156.703,GLU-201
-81.1845,179.236,PRO-202
-174.5,163.497,HIS-203
-63.596,122.302,HIS-204
-74.7985,-36.9182,GLU-205
-52.039,-51.6256,LEU-206
-83.123,155.302,PRO-207
-80.8409,164.044,PRO-208
-86.9724,-178.387,GLY-209
-85.8311,167.375,SER-210
-65.218,165.201,THR-211
-65.4523,112.179,LYS-212
75.7027,149.916,ARG-213
-54.8803,148.734,ALA-214
-53.8241,-32.8677,LEU-215
-53.2959,145.084,PRO-216
-90.3888,44.7403,ASN-217
-66.5955,120.461,ASN-218
174.112,173.364,SER-2
-65.7306,153.8,SER-3
-84.9621,134.114,VAL-4
-76.499,127.222,PRO-5
-66.986,139.956,SER-6
-84.142,-19.4298,GLN-7
-63.6688,131.163,LYS-8
-82.3005,144.032,THR-9
-168.36,133.572,TYR-10
-85.6033,-21.4515,GLN-11
73.079,172.715,GLY-12
-63.5886,-29.0883,SER-13
-68.9679,-16.8624,TYR-14
68.2747,27.7002,GLY-15
-67.7309,132.034,PHE-16
-166.964,164.903,ARG-17
-113.465,161.704,LEU-18
-140.374,133.491,GLY-19
-98.2804,118.677,PHE-20
-78.1503,127.057,LEU-21
-104.641,113.979,HIS-22
-119.866,1.83013,SER-23
144.52,-171.259,GLY-24
-123.318,-13.6076,THR-25
-46.4136,150.219,ALA-26
-63.1003,-20.6061,LYS-27
-73.0997,-27.6103,SER-28
-74.1274,133.246,VAL-29
-78.5118,-20.4686,THR-30
-175.474,148.454,CYS-31
-169.497,156.884,THR-32
-136.06,129.491,TYR-33
-106.406,100.235,SER-34
-64.167,-32.0416,PRO-35
-70.8447,-31.3663,ALA-36
-80.8174,-20.3857,LEU-37
55.465,38.9136,ASN-38
-125.142,128.014,LYS-39
-98.9872,135.759,MET-40
-120.741,125.515,PHE-41
-122.849,148.903,CYS-42
-94.069,127.67,GLN-43
-43.1823,137.377,LEU-44
71.3073,-0.762577,ALA-45
-116,154.644,LYS-46
-63.3122,135.396,THR-47
-126.664,78.0922,CYS-48
-64.1859,114.215,PRO-49
-107.261,119.745,VAL-50
-77.2168,147.126,GLN-51
-130.644,145.462,LEU-52
-135.166,171.384,TRP-53
-147.61,149.935,VAL-54
-64.426,-39.831,ASP-55
-158.286,170.593,SER-56
-68.7751,123.822,THR-57
-78.9421,168.526,PRO-58
-65.1669,148.525,PRO-59
-67.9893,153.738,PRO-60
111.213,-14.6785,GLY-61
-61.3641,148.914,THR-62
-152.562,146.772,ARG-63
-98.471,124.213,VAL-64
-90.9836,148.754,ARG-65
-136.5,145.181,ALA-66
-163.262,157.717,MET-67
-153.025,129.221,ALA-68
-90.9251,159.829,ILE-69
-143.244,161.055,TYR-70
-162.03,149.463,LYS-71
-160.545,162.381,GLN-72
-63.12,19.8761,SER-73
-175.838,-18.06,GLN-74
-127.177,130.108,HIS-75
-116.83,-25.845,MET-76
-113.339,19.4485,THR-77
-69.9016,164.927,GLU-78
-130.517,144.326,VAL-79
-58.5292,105.691,VAL-80
-125.547,163.167,ARG-81
-62.3817,146.362,ARG-82
-74.8164,158.679,CYS-83
-63.5646,-40.4688,PRO-84
-73.7889,-15.2556,HIS-85
-92.3472,-31.723,HIS-86
-61.3273,-25.0867,GLU-87
-95.8615,3.01013,ARG-88
-98.7681,146.563,CYS-89
-49.295,-19.8983,SER-90
-68.8536,-24.854,ASP-91
-93.7454,-0.584424,SER-92
-76.2731,174.024,ASP-93
141.901,-146.151,GLY-94
-88.5941,-29.8793,LEU-95
-60.3431,142.951,ALA-96
-55.1576,152.734,PRO-97
-66.5127,-35.2696,PRO-98
-62.1682,-18.9353,GLN-99
-68.4507,113.628,HIS-100
-85.8767,-26.9999,LEU-101
-109.467,101.894,ILE-102
-107.209,179.185,ARG-103
-142.083,132.895,VAL-104
-90.8346,132.762,GLU-105
90.3488,-35.5104,GLY-106
-70.967,130.907,ASN-107
-94.0129,-46.6175,LEU-108
-44.2026,-34.4467,ARG-109
-39.5457,145.676,VAL-110
-156.7,156.492,GLU-111
-117.998,130.714,TYR-112
-146.173,158.856,LEU-113
-110.964,148.8,ASP-114
-73.459,139.921,ASP-115
-58.8071,-30.2865,ARG-116
-109.507,-53.5107,ASN-117
-98.7784,4.6796,THR-118
58.8214,-10.0106,PHE-119
-58.6686,121.055,ARG-120
-62.3178,156.559,HIS-121
-164.949,172.607,SER-122
-101.813,149.55,VAL-123
-138.493,122.911,VAL-124
-117.951,129.64,VAL-125
-56.731,128.825,PRO-126
-66.4185,129.899,TYR-127
-124.041,126.312,GLU-128
-63.0363,153.68,PRO-129
-68.7098,148.636,PRO-130
-80.0822,148.797,GLU-131
-55.369,124.162,VAL-132
89.157,-4.15064,GLY-133
-83.9565,162.036,SER-134
-86.3455,-25.9661,ASP-135
-174.78,158.781,CYS-136
-59.7111,137.208,THR-137
-142.985,133.213,THR-138
-100.112,145.96,ILE-139
-115.637,80.7647,HIS-140
-73.2493,172.071,TYR-141
-162.263,139.202,ASN-142
-139.345,173.588,TYR-143
-147.33,159.415,MET-144
179.532,117.84,CYS-145
-76.3201,129.88,ASN-146
-65.9697,-31.4136,SER-147
-57.1769,-17.3379,SER-148
-41.1189,139.24,CYS-149
-87.1092,-5.1195,MET-150
66.0302,22.4231,GLY-151
69.2725,-154.444,GLY-152
-87.6246,-13.889,ILE-153
-160.033,144.192,ASN-154
-85.6879,124.541,ARG-155
-145.742,152.578,ARG-156
-88.657,169.474,PRO-157
-128.712,139.943,ILE-158
-113.33,140.821,LEU-159
-103.929,148.486,THR-160
-107.213,126.702,ILE-161
-128.768,128.535,ILE-162
-140.096,155.167,THR-163
-109.728,140.228,LEU-164
-135.947,157.832,GLU-165
-91.5024,156.764,ASP-166
-61.4109,-8.45142,SER-167
-85.6373,-2.29143,SER-168
82.5351,2.67149,GLY-169
-70.0715,119.41,ASN-170
-63.9646,132.962,LEU-171
-114.78,-30.2905,LEU-172
-163.839,167.69,GLY-173
-156.806,134.767,ARG-174
-141.852,123.623,ASN-175
-123.721,153.659,SER-176
-165.98,158.116,PHE-177
-89.8283,146.457,GLU-178
-119.944,140.498,VAL-179
-140.325,117.569,ARG-180
-107.379,135.5,VAL-181
-159.337,174.788,CYS-182
-71.9131,-31.5393,ALA-183
-139.5,105.905,CYS-184
-45.0308,-51.627,PRO-185
-64.3095,-25.2258,GLY-186
-68.7756,-40.376,ARG-187
-83.205,-41.0344,ASP-188
-53.8656,-52.1606,ARG-189
-68.4145,-39.5887,ARG-190
-45.3875,-63.4391,THR-191
-63.1759,-57.9975,GLU-192
-71.009,-25.4672,GLU-193
-71.5247,-4.33071,GLU-194
-71.2189,-19.639,ASN-195
-76.563,134.733,LEU-196
-81.7292,48.0431,ARG-197
-144.148,164.598,LYS-198
-64.2054,123.135,LYS-199
-112.367,163.043,GLY-200
-82.4196,135.757,GLU-201
-73.9076,171.779,PRO-202
-169.893,150.948,HIS-203
-53.7641,124.595,HIS-204
-87.4336,-31.6023,GLU-205
-62.3914,-45.0267,LEU-206
-73.1866,157.171,PRO-207
-66.8735,159.474,PRO-208
-89.5611,-176.788,GLY-209
-98.3674,-179.955,SER-210
-79.5301,168.705,THR-211
-72.0787,118.145,LYS-212
69.1468,170.496,ARG-213
-70.3336,158.916,ALA-214
-70.3666,-28.1328,LEU-215
-60.0079,145.054,PRO-216
-84.9298,33.0143,ASN-217
-72.4168,115.427,ASN-218
156.996,161.914,SER-2
-82.8248,159.318,SER-3
-90.2998,124.063,VAL-4
-68.1335,134.262,PRO-5
-72.0045,136.903,SER-6
-86.5868,-6.99557,GLN-7
-62.2206,128.889,LYS-8
-68.4472,124.454,THR-9
-156.395,141.645,TYR-10
-73.5893,-22.3826,GLN-11
70.2987,-178.166,GLY-12
-66.1422,-12.2592,SER-13
-84.7834,-10.9613,TYR-14
78.2856,10.3756,GLY-15
-50.0095,138.432,PHE-16
-172.05,152.456,ARG-17
-119.158,158.379,LEU-18
-149.836,164.381,GLY-19
-132.28,98.9158,PHE-20
-57.4531,127.951,LEU-21
-94.1679,134.889,HIS-22
-119.913,-11.3582,SER-23
128.125,-166.429,GLY-24
-129.158,-2.00657,THR-25
-65.9952,161.319,ALA-26
-74.3606,5.09759,LYS-27
-84.646,-25.1881,SER-28
-78.7058,132.945,VAL-29
-71.016,-32.3438,THR-30
-156.537,151.973,CYS-31
-145.06,166.509,THR-32
-154.143,151.424,TYR-33
-103.448,93.0572,SER-34
-43.3471,-44.5179,PRO-35
-71.7084,-19.0527,ALA-36
-108.539,-18.4005,LEU-37
57.5869,39.9332,ASN-38
-116.057,126.485,LYS-39
-96.3707,138.114,MET-40
-113.958,127.854,PHE-41
-129.815,141.737,CYS-42
-88.3489,126.851,GLN-43
-42.2724,125.244,LEU-44
73.1929,11.8359,ALA-45
-106.474,164.139,LYS-46
-73.2236,145.686,THR-47
-132.655,98.809,CYS-48
-66.383,106.64,PRO-49
-100.614,135.566,VAL-50
-109.937,149.389,GLN-51
-135.962,144.149,LEU-52
-142.576,162.462,TRP-53
-152.345,159.353,VAL-54
-53.7375,-48.6309,ASP-55
-147.006,150.544,SER-56
-52.7183,111.713,THR-57
-67.7767,170.154,PRO-58
-54.0809,158.904,PRO-59
-68.479,160.777,PRO-60
85.8867,-24.0842,GLY-61
-70.2891,151.901,THR-62
-153.292,148.193,ARG-63
-98.6215,107.378,VAL-64
-80.3484,163.228,ARG-65
-147.841,135.605,ALA-66
-156.073,155.523,MET-67
-150.909,137.604,ALA-68
-112.284,150.116,ILE-69
-128.37,155.138,TYR-70
-140.114,138.807,LYS-71
-137.785,167.424,GLN-72
-63.3322,-7.41643,SER-73
-129.719,-1.41273,GLN-74
-135.94,97.2306,HIS-75
-74.9184,-37.1953,MET-76
-102.939,9.92888,THR-77
-68.3737,144.341,GLU-78
-93.3776,140.966,VAL-79
-66.3316,133.582,VAL-80
-168.949,156.262,ARG-81
-75.8214,145.764,ARG-82
-52.4853,149.79,CYS-83
-43.1192,-55.5727,PRO-84
-60.3892,-34.4235,HIS-85
-82.5956,-29.8386,HIS-86
-66.8345,-39.0405,GLU-87
-82.3507,9.38146,ARG-88
-92.3555,140.45,CYS-89
-58.5036,-12.7756,SER-90
-70.827,-13.6698,ASP-91
-99.5315,3.71842,SER-92
-61.9209,119.647,ASP-93
175.712,172.337,GLY-94
-47.1653,-44.6127,LEU-95
-46.9775,136.285,ALA-96
-37.9657,143.2,PRO-97
-46.4193,-41.5718,PRO-98
-64.5475,-8.13605,GLN-99
-90.2809,140.019,HIS-100
-107.674,-47.3939,LEU-101
-67.2998,115.698,ILE-102
-126.968,160.687,ARG-103
-132.001,130.52,VAL-104
-95.5471,147.562,GLU-105
74.9124,-47.6339,GLY-106
-52.6328,140.273,ASN-107
-111.998,-33.8564,LEU-108
-68.9766,-7.89156,ARG-109
-54.1289,146.48,VAL-110
-141.579,160.373,GLU-111
-130.061,104.937,TYR-112
-129.304,154.86,LEU-113
-96.0106,145.72,ASP-114
-71.2673,138.289,ASP-115
-61.4905,-40.6826,ARG-116
-102.422,-23.4746,ASN-117
-128.857,3.74779,THR-118
63.5886,5.26585,PHE-119
-79.4925,114.741,ARG-120
-62.1362,142.271,HIS-121
-151.71,168.758,SER-122
-115.049,139.751,VAL-123
-126.649,109.879,VAL-124
-106.575,126.391,VAL-125
-67.8784,147.766,PRO-126
-80.5279,120.629,TYR-127
-117.647,139.433,GLU-128
-85.5311,153.791,PRO-129
-51.6067,125.647,PRO-130
-63.7224,157.933,GLU-131
-73.2861,109.986,VAL-132
103.894,-4.55584,GLY-133
-87.7385,131.363,SER-134
-62.055,-10.3148,ASP-135
175.321,168.366,CYS-136
-76.7035,142.804,THR-137
-135.745,142.597,THR-138
-122.09,121.58,ILE-139
-79.5709,107.31,HIS-140
-90.5112,170.698,TYR-141
-146.13,140.71,ASN-142
-135.348,163.081,TYR-143
-153.969,153.031,MET-144
-173.308,134.971,CYS-145
-94.4467,144.079,ASN-146
-69.8952,-29.8354,SER-147
-61.5224,-15.0592,SER-148
-61.4692,130.618,CYS-149
-80.0625,-16.3133,MET-150
81.586,39.5921,GLY-151
58.3693,-159.178,GLY-152
-75.6346,-37.6198,ILE-153
-137.906,135.898,ASN-154
-63.6521,125.469,ARG-155
-144.921,153.092,ARG-156
-75.3962,147.353,PRO-157
-115.531,147.419,ILE-158
-112.061,144.66,LEU-159
-104.247,146.265,THR-160
-112.368,114.127,ILE-161
-121.586,121.398,ILE-162
-128.666,158.261,THR-163
-111.123,136.546,LEU-164
-152.808,157.748,GLU-165
-89.7416,148.362,ASP-166
-60.4095,-21.5103,SER-167
-76.7353,-1.43331,SER-168
85.896,-6.83707,GLY-169
-61.4955,130.297,ASN-170
-88.5963,132.311,LEU-171
-112.897,-35.0407,LEU-172
-160.871,165.535,GLY-173
-147.116,165.022,ARG-174
-165.31,152.454,ASN-175
-142.31,151.467,SER-176
-160.499,147.165,PHE-177
-79.6281,141.071,GLU-178
-114.842,147.151,VAL-179
-153.431,103.271,ARG-180
-108.023,128.068,VAL-181
-156.927,-174.075,CYS-182
-71.8537,-46.7727,ALA-183
-137.895,86.3537,CYS-184
-60.9126,-21.972,PRO-185
-71.0261,-31.0435,GLY-186
-72.2411,-37.4048,ARG-187
-68.675,-46.0737,ASP-188
-59.6248,-46.0771,ARG-189
-47.6343,-60.5564,ARG-190
-50.5323,-51.4089,THR-191
-69.034,-59.5263,GLU-192
-71.9971,-28.4261,GLU-193
-58.1598,-9.41507,GLU-194
-95.7565,10.1972,ASN-195
-94.2099,175.046,LEU-196
-84.0107,-24.9538,ARG-197
-77.9896,166.266,LYS-198
-66.3233,145.236,LYS-199
-122.349,-140.63,GLY-200
-144.904,156.283,GLU-201
-62.7656,159.842,PRO-202
-154.048,176.109,HIS-203
-58.3906,107.849,HIS-204
-66.4567,-27.6936,GLU-205
-57.8106,-53.5779,LEU-206
-89.3786,148.194,PRO-207
-74.1018,-172.599,PRO-208
-74.9313,166.583,GLY-209
-62.1218,169.482,SER-210
-54.4885,143.796,THR-211
-68.0288,117.309,LYS-212
71.6252,155.247,ARG-213
-62.6587,151.65,ALA-214
-48.7348,-34.6997,LEU-215
-60.9249,140.08,PRO-216
-78.6212,20.8909,ASN-217
-63.6826,93.2189,ASN-218
-86.4936,146.471,SER-2
-60.7806,151.304,SER-3
-78.2573,126.602,VAL-4
-64.5815,125.561,PRO-5
-74.7232,143.726,SER-6
-107.615,14.8553,GLN-7
-63.3448,113.807,LYS-8
-66.4176,123.946,THR-9
-152.182,140.561,TYR-10
-86.4764,-30.7019,GLN-11
86.3474,-177.35,GLY-12
-79.7081,-14.0237,SER-13
-77.0519,-19.3931,TYR-14
74.5966,31.4197,GLY-15
-70.0452,116.594,PHE-16
-142.822,159.574,ARG-17
-123.43,155.515,LEU-18
-151.261,174.925,GLY-19
-129.449,124.111,PHE-20
-71.1558,112.275,LEU-21
-83.1795,155.997,HIS-22
-152.171,16.5703,SER-23
100.017,-171.135,GLY-24
-127.006,15.5084,THR-25
-90.1728,164.634,ALA-26
-51.1952,-27.112,LYS-27
-86.7751,-17.3553,SER-28
-74.0205,131.047,VAL-29
-85.2914,-12.9265,THR-30
-176.477,164.821,CYS-31
-178.014,152.09,THR-32
-126.358,132.218,TYR-33
-101.652,104.284,SER-34
-70.1759,-27.6538,PRO-35
-80.6862,2.75618,ALA-36
-120.443,-1.5426,LEU-37
33.196,51.9047,ASN-38
-129.042,119.901,LYS-39
-96.9211,134.307,MET-40
-106.112,142.912,PHE-41
-139.989,153.623,CYS-42
-100.207,139.781,GLN-43
-64.0503,137.636,LEU-44
61.2097,30.5871,ALA-45
-141.049,147.035,LYS-46
-71.4628,147.628,THR-47
-142.665,85.4242,CYS-48
-60.7413,123.117,PRO-49
-106.441,127.557,VAL-50
-111.509,135.441,GLN-51
-117.771,148.16,LEU-52
-130.486,156.719,TRP-53
-147.066,168.403,VAL-54
-82.3011,-25.7327,ASP-55
-173.708,140.843,SER-56
-50.1601,117.57,THR-57
-59.8062,153.356,PRO-58
-80.5604,158.724,PRO-59
-51.1228,153.179,PRO-60
92.6687,-26.4266,GLY-61
-66.5298,156.699,THR-62
-156.853,152.68,ARG-63
-117.909,127.663,VAL-64
-115.839,137.088,ARG-65
-125.131,138.546,ALA-66
-141.911,152.542,MET-67
-143.529,116.844,ALA-68
-81.4366,136.733,ILE-69
-116.116,175.105,TYR-70
-172.616,143.913,LYS-71
-140.039,173.636,GLN-72
-54.5226,-13.5747,SER-73
-134.364,3.42023,GLN-74
-149.625,108.094,HIS-75
-96.1652,-36.5459,MET-76
-86.2774,6.70818,THR-77
-61.6024,157.38,GLU-78
-107.688,142.928,VAL-79
-54.7676,120.303,VAL-80
-132.735,160.973,ARG-81
-56.8667,163.163,ARG-82
-71.7279,153.205,CYS-83
-68.4847,-33.633,PRO-84
-76.9396,-33.7543,HIS-85
-75.1558,-34.7971,HIS-86
-61.8748,-20.0344,GLU-87
-99.4859,-12.7397,ARG-88
-81.9839,153.831,CYS-89
-65.309,-12.7124,SER-90
-64.1716,-19.1767,ASP-91
-103.225,0.608747,SER-92
-56.8525,165.554,ASP-93
122.054,-173.781,GLY-94
-66.3438,-27.8118,LEU-95
-72.906,139.027,ALA-96
-71.3634,153.931,PRO-97
-71.0389,-14.2196,PRO-98
-79.2756,-25.0657,GLN-99
-75.2743,148.495,HIS-100
-103.145,-46.0035,LEU-101
-91.9858,102.045,ILE-102
-113.829,162.473,ARG-103
-114.64,148.016,VAL-104
-102.174,131.367,GLU-105
78.9481,-30.1906,GLY-106
-76.1516,131.333,ASN-107
-101.911,-28.8538,LEU-108
-76.448,-14.3118,ARG-109
-45.1525,138.076,VAL-110
-149.74,162.926,GLU-111
-124.152,123.249,TYR-112
-143.781,156.921,LEU-113
-73.1463,143.554,ASP-114
-85.5322,125.455,ASP-115
-67.4221,-25.8591,ARG-116
-97.4788,-46.4319,ASN-117
-99.2104,-13.7625,THR-118
70.2459,-3.41619,PHE-119
-59.7119,132.235,ARG-120
-77.0676,152.27,HIS-121
-153.597,168.414,SER-122
-104.96,134.282,VAL-123
-120.195,118.692,VAL-124
-108.428,136.963,VAL-125
-76.5583,137.526,PRO-126
-74.308,137.463,TYR-127
-134.74,119.155,GLU-128
-69.5318,172.26,PRO-129
-80.4022,-175.39,PRO-130
-85.1459,153.468,GLU-131
-62.5481,135.327,VAL-132
90.4138,-38.2343,GLY-133
-68.7931,153.464,SER-134
-57.3573,-49.7522,ASP-135
-157.04,-175.433,CYS-136
-94.393,137.522,THR-137
-119.61,143.428,THR-138
-119.087,139.463,ILE-139
-96.0724,110.313,HIS-140
-96.3855,177.837,TYR-141
-161.675,131.508,ASN-142
-126.416,161.629,TYR-143
-134.364,143.191,MET-144
-156.515,124.905,CYS-145
-87.5207,142.548,ASN-146
-77.1411,-12.4416,SER-147
-85.6627,0.683523,SER-148
-71.8,127.868,CYS-149
-78.6416,-26.4949,MET-150
97.1835,17.7133,GLY-151
57.7467,-147.441,GLY-152
-91.1774,-20.4576,ILE-153
-160.577,123.02,ASN-154
-52.7668,118.484,ARG-155
-143.773,172.153,ARG-156
-84.4033,161.636,PRO-157
-142.027,134.861,ILE-158
-120.091,132.715,LEU-159
-101.263,132.32,THR-160
-98.3941,126.863,ILE-161
-125.07,127.538,ILE-162
-127.696,175.054,THR-163
-127.616,143.326,LEU-164
-157.679,156.558,GLU-165
-90.9835,167.571,ASP-166
-55.8454,-36.6739,SER-167
-83.6506,2.54984,SER-168
81.5966,14.4641,GLY-169
-77.2006,131.674,ASN-170
-70.4788,133.346,LEU-171
-121.899,-15.0782,LEU-172
176.652,160.931,GLY-173
-156.477,156.011,ARG-174
-157.852,157.209,ASN-175
-154.526,140.969,SER-176
-160.345,151.172,PHE-177
-77.0254,152.132,GLU-178
-127.752,141.113,VAL-179
-145.591,95.9985,ARG-180
-85.1326,137.096,VAL-181
-160.797,166.433,CYS-182
-67.4552,-36.7901,ALA-183
-136.112,108.157,CYS-184
-44.2032,-45.0836,PRO-185
-68.5708,-20.3094,GLY-186
-80.4211,-41.6726,ARG-187
-79.8064,-35.9807,ASP-188
-59.7235,-55.983,ARG-189
-60.0164,-32.033,ARG-190
-61.041,-47.6146,THR-191
-80.0735,-44.504,GLU-192
-76.7244,-30.8238,GLU-193
-79.6791,2.36088,GLU-194
-72.5853,-7.36263,ASN-195
-100.114,139.234,LEU-196
-79.3671,-3.82268,ARG-197
-97.8725,155.925,LYS-198
-49.2358,150.94,LYS-199
-140.013,-160.134,GLY-200
-89.7087,154.463,GLU-201
-66.4164,157.608,PRO-202
-144.59,162.692,HIS-203
-55.7078,119.907,HIS-204
-91.7192,-24.0687,GLU-205
-61.7641,-48.409,LEU-206
-64.0546,136.278,PRO-207
-77.1207,160.416,PRO-208
-85.5241,-178.517,GLY-209
-72.2456,168.11,SER-210
-87.4995,158.842,THR-211
-51.0803,128.211,LYS-212
76.006,157.151,ARG-213
-63.9263,163.857,ALA-214
-79.0743,-16.0382,LEU-215
-70.4003,133.278,PRO-216
-83.8397,15.6533,ASN-217
-41.8055,134.155,ASN-218
-63.2824,157.306,SER-2
-86.0296,-173.337,SER-3
-95.1237,139.921,VAL-4
-72.8845,154.431,PRO-5
-90.8506,131.251,SER-6
-111.036,-23.7417,GLN-7
-51.799,123.751,LYS-8
-63.1027,138.174,THR-9
-158.235,145.096,TYR-10
-76.2325,-40.6765,GLN-11
75.233,-170.279,GLY-12
-72.8099,-6.04047,SER-13
-117.359,7.87673,TYR-14
73.9171,15.4848,GLY-15
-55.6764,124.075,PHE-16
-136.13,159.701,ARG-17
-117.793,155.98,LEU-18
-139.784,164.182,GLY-19
-131.972,106.671,PHE-20
-68.632,118.867,LEU-21
-70.5581,139.63,HIS-22
-132.192,-21.9648,SER-23
142.031,-152.087,GLY-24
-151.74,-3.90106,THR-25
-56.2859,153.632,ALA-26
-36.1165,-50.5561,LYS-27
-75.3906,1.67193,SER-28
-81.2987,130.401,VAL-29
-76.4791,-26.3467,THR-30
-168.611,165.701,CYS-31
-172.573,154.577,THR-32
-137.044,116.031,TYR-33
-69.9308,119.691,SER-34
-78.0879,-32.5559,PRO-35
-73.9024,-26.8181,ALA-36
-86.6945,-27.7473,LEU-37
70.1194,44.3513,ASN-38
-134.725,119.114,LYS-39
-97.3179,108.551,MET-40
-98.4874,119.24,PHE-41
-117.195,146.145,CYS-42
-89.4673,140.127,GLN-43
-72.936,146.48,LEU-44
68.012,-7.39799,ALA-45
-107.019,-176.668,LYS-46
-101.068,130.743,THR-47
-131.711,94.3229,CYS-48
-71.3538,106.779,PRO-49
-98.9947,122.009,VAL-50
-94.0443,148.316,GLN-51
-132.487,141.047,LEU-52
-142.359,149.757,TRP-53
-122.084,149.871,VAL-54
-40.0961,-43.458,ASP-55
-163.934,141.453,SER-56
-54.083,116.824,THR-57
-59.6553,155.74,PRO-58
-68.1725,167.109,PRO-59
-46.4109,141.589,PRO-60
99.9431,-22.509,GLY-61
-54.796,142.901,THR-62
-138.491,133.058,ARG-63
-87.4459,128.111,VAL-64
-121.95,140.678,ARG-65
-123.083,136.588,ALA-66
-138.712,153.276,MET-67
-140.546,141.85,ALA-68
-105.654,133.889,ILE-69
-97.7837,169.59,TYR-70
-159.773,140.092,LYS-71
-128.699,165.297,GLN-72
-63.6764,-11.1026,SER-73
-138.774,22.3505,GLN-74
-147.905,105.245,HIS-75
-90.5701,-36.3515,MET-76
-91.4036,20.2648,THR-77
-75.4169,166.168,GLU-78
-119.839,139.839,VAL-79
-54.7295,135.997,VAL-80
-159.267,170.391,ARG-81
-75.7149,169.155,ARG-82
-70.3307,149.59,CYS-83
-44.0694,-44.8846,PRO-84
-70.4412,-51.1747,HIS-85
-63.5781,-30.0666,HIS-86
-77.5826,-4.61885,GLU-87
-117.014,22.5638,ARG-88
-119.146,177.907,CYS-89
-83.5559,-6.0105,SER-90
-66.9663,-18.6662,ASP-91
-109.579,13.2064,SER-92
-90.8017,136.964,ASP-93
172.392,-154.181,GLY-94
-78.9125,-38.7826,LEU-95
-68.4785,135.559,ALA-96
-57.6588,151.363,PRO-97
-64.6073,-16.4156,PRO-98
-79.749,-45.3166,GLN-99
-52.0236,119.4,HIS-100
-76.77,-32.3028,LEU-101
-103.035,108.091,ILE-102
-114.616,171.094,ARG-103
-133.885,136.547,VAL-104
-115.514,147.851,GLU-105
74.1607,-25.3673,GLY-106
-82.8293,133.585,ASN-107
-95.8242,-28.3135,LEU-108
-83.2545,-10.4417,ARG-109
-46.5483,132.152,VAL-110
-132.05,166.005,GLU-111
-129.858,94.6457,TYR-112
-117.058,158.702,LEU-113
-87.3308,143.421,ASP-114
-60.0565,109.95,ASP-115
-49.3634,-21.7474,ARG-116
-99.8754,-44.2843,ASN-117
-89.7801,-12.4401,THR-118
77.4474,-11.0771,PHE-119
-67.9729,117.492,ARG-120
-77.3542,156.335,HIS-121
-164.353,162.599,SER-122
-99.3062,140.189,VAL-123
-123.844,146.614,VAL-124
-143.06,125.56,VAL-125
-70.9915,126.917,PRO-126
-71.1633,117.443,TYR-127
-108.902,148.179,GLU-128
-71.4394,167.421,PRO-129
-67.5192,157.88,PRO-130
-76.4039,151.993,GLU-131
-48.9067,128.548,VAL-132
99.2926,-32.6334,GLY-133
-54.6031,149.427,SER-134
-80.1398,-24.7172,ASP-135
-172.975,153.902,CYS-136
-81.7171,140.584,THR-137
-139.735,123.124,THR-138
-105.64,135.4,ILE-139
-83.354,114.965,HIS-140
-94.0571,163.969,TYR-141
-144.07,133.756,ASN-142
-127.793,150.746,TYR-143
-113.957,158.712,MET-144
-162.996,137.363,CYS-145
-113.618,138.638,ASN-146
-99.981,-9.82578,SER-147
-67.3573,-31.1103,SER-148
-83.2317,154.538,CYS-149
-70.0675,-10.3312,MET-150
71.4024,50.2259,GLY-151
72.5035,-156.005,GLY-152
-69.0078,-22.3219,ILE-153
-159.05,122.338,ASN-154
-56.7941,112.77,ARG-155
-145.83,162.038,ARG-156
-79.5641,149.507,PRO-157
-121.805,136.232,ILE-158
-104.536,140.31,LEU-159
-100.599,155.83,THR-160
-130.455,124.315,ILE-161
-117.671,131.09,ILE-162
-136.1,157.515,THR-163
-120.786,131.58,LEU-164
-151.956,166.06,GLU-165
-94.736,152.226,ASP-166
-59.7693,-10.0056,SER-167
-77.8939,-16.1395,SER-168
93.7529,3.40658,GLY-169
-72.1639,117.796,ASN-170
-72.7366,127.336,LEU-171
-110.376,-32.3028,LEU-172
-163.91,160.258,GLY-173
-163.276,135.95,ARG-174
-142.685,143.445,ASN-175
-141.634,139.459,SER-176
-155.364,153.338,PHE-177
-84.1846,142.357,GLU-178
-106.951,136.383,VAL-179
-128.372,129.117,ARG-180
-114.599,140.327,VAL-181
-157.991,-174.505,CYS-182
-76.4847,-52.6299,ALA-183
-128.891,106.048,CYS-184
-59.8502,-45.7005,PRO-185
-57.6248,-52.9934,GLY-186
-53.4412,-54.591,ARG-187
-62.3752,-28.3715,ASP-188
-66.2203,-58.5754,ARG-189
-52.3425,-45.2765,ARG-190
-45.5025,-33.0079,THR-191
-104.382,-48.5404,GLU-192
-70.2337,-41.0219,GLU-193
-47.344,-16.827,GLU-194
-81.4636,-12.1046,ASN-195
-74.6809,163.986,LEU-196
-75.0687,-39.2285,ARG-197
-67.0911,145.175,LYS-198
-76.4089,143.578,LYS-199
-150.93,159.205,GLY-200
-81.1876,147.449,GLU-201
-72.5548,-173.622,PRO-202
-165.447,-174.877,HIS-203
-65.0867,105.25,HIS-204
-59.6964,-39.0506,GLU-205
-59.5449,-55.2091,LEU-206
-78.9726,160.746,PRO-207
-53.8149,168.696,PRO-208
-99.9011,-176.162,GLY-209
-82.8423,165.77,SER-210
-66.6566,175.451,THR-211
-79.3668,128.184,LYS-212
74.6617,149.933,ARG-213
-62.7561,151.763,ALA-214
-85.3255,-6.98983,LEU-215
-56.5898,160.864,PRO-216
-122.79,18.4239,ASN-217
-46.3353,134.794,ASN-218
-100.131,152.321,SER-2
-60.399,161.597,SER-3
-95.6622,143.383,VAL-4
-78.3353,128.86,PRO-5
-67.363,145.806,SER-6
-106.014,-11.505,GLN-7
-59.4398,107.591,LYS-8
-56.3932,127.812,THR-9
-154.182,150.035,TYR-10
-85.1828,-17.5029,GLN-11
54.0499,-143.393,GLY-12
-62.1299,-34.1472,SER-13
-111.287,-4.56065,TYR-14
70.5221,33.8972,GLY-15
-67.1743,133.4,PHE-16
-156.956,142.707,ARG-17
-107.314,163.106,LEU-18
-142.764,120.761,GLY-19
-95.3248,71.1354,PHE-20
-18.1621,111.791,LEU-21
-82.533,125.609,HIS-22
-139.863,22.4817,SER-23
100.701,-158.256,GLY-24
-141.07,-28.7088,THR-25
-50.7271,150.588,ALA-26
-33.4384,-41.3188,LYS-27
-66.6256,-18.5739,SER-28
-68.9547,123.519,VAL-29
-74.4132,-33.6743,THR-30
-165.229,148.855,CYS-31
-152.615,145.236,THR-32
-137.793,124.543,TYR-33
-96.2758,100.089,SER-34
-54.8666,-28.5736,PRO-35
-82.1747,-17.373,ALA-36
-98.5404,-23.5187,LEU-37
49.6832,62.2155,ASN-38
-143.987,137.035,LYS-39
-100.364,128.538,MET-40
-108.34,130.377,PHE-41
-136.61,144.029,CYS-42
-86.1581,122.409,GLN-43
-58.7411,127.762,LEU-44
80.5405,-2.36372,ALA-45
-90.7513,171.337,LYS-46
-92.6669,154.502,THR-47
-143.692,98.7414,CYS-48
-71.0662,131.363,PRO-49
-129.496,146.5,VAL-50
-139.285,141.706,GLN-51
-121.942,125.938,LEU-52
-115.25,165.961,TRP-53
-142.912,169.089,VAL-54
-89.7146,-34.3416,ASP-55
-150.412,144.123,SER-56
-64.3423,108.911,THR-57
-65.2583,137.154,PRO-58
-52.0435,145.914,PRO-59
-59.0751,151.748,PRO-60
99.0916,-45.4052,GLY-61
-46.8837,149.397,THR-62
-151.561,142.8,ARG-63
-99.9647,115.793,VAL-64
-103.776,133.901,ARG-65
-119.823,142.465,ALA-66
-155,167.203,MET-67
-152.359,146.116,ALA-68
-116.903,130.381,ILE-69
-122.899,154.528,TYR-70
-135.373,145.54,LYS-71
-130.285,161.772,GLN-72
-67.0862,1.32147,SER-73
-135.459,2.34415,GLN-74
-153.067,128.196,HIS-75
-117.221,-21.87,MET-76
-88.763,4.50977,THR-77
-77.9553,155.071,GLU-78
-103.178,156.306,VAL-79
-66.1127,111.284,VAL-80
-135.01,166.605,ARG-81
-64.6278,162.468,ARG-82
-68.2316,157.973,CYS-83
-74.221,-23.6618,PRO-84
-87.698,-13.8856,HIS-85
-94.7036,-39.0595,HIS-86
-51.4008,-23.0279,GLU-87
-98.0585,-28.5559,ARG-88
-77.9526,157.323,CYS-89
-59.4261,-19.8338,SER-90
-64.0734,-15.3649,ASP-91
-99.4924,-6.63857,SER-92
-63.6611,131.6,ASP-93
178.671,-160.084,GLY-94
-78.7797,-44.2506,LEU-95
-68.4927,140.34,ALA-96
-41.6121,140.325,PRO-97
-54.4605,-36.3361,PRO-98
-73.2795,-20.7114,GLN-99
-68.0654,128.223,HIS-100
-86.7601,-50.7453,LEU-101
-89.6843,115.748,ILE-102
-130.218,175.51,ARG-103
-139.281,142.025,VAL-104
-124.063,129.056,GLU-105
91.6829,-13.466,GLY-106
-99.0227,135.211,ASN-107
-103.555,-14.7096,LEU-108
-92.5752,-29.2448,ARG-109
-28.2536,143.446,VAL-110
-145.975,168.73,GLU-111
-129.491,105.989,TYR-112
-143.931,151.831,LEU-113
-92.0131,141.899,ASP-114
-66.5196,126.26,ASP-115
-61.1452,-40.2894,ARG-116
-69.7632,-44.4373,ASN-117
-98.2251,-15.6773,THR-118
82.9426,-21.4177,PHE-119
-80.8629,140.632,ARG-120
-92.1398,151.498,HIS-121
-163.324,163.726,SER-122
-96.1476,144.48,VAL-123
-135.317,127.331,VAL-124
-124.489,143.531,VAL-125
-77.3148,141.902,PRO-126
-71.3192,111.548,TYR-127
-103.13,132.389,GLU-128
-74.1479,156.511,PRO-129
-84.3561,161.234,PRO-130
-64.3523,160.876,GLU-131
-57.4717,146.86,VAL-132
94.13,-28.6209,GLY-133
-75.6358,160.724,SER-134
-93.9109,-18.2806,ASP-135
-174.224,154.854,CYS-136
-70.7941,144.2,THR-137
-132.257,132.939,THR-138
-115.919,135.815,ILE-139
-92.0953,130.864,HIS-140
-116.686,165.743,TYR-141
-154.815,146.299,ASN-142
-142.476,140.191,TYR-143
-116.976,149.458,MET-144
-153.525,137.975,CYS-145
-120.282,127.766,ASN-146
-116.371,-12.248,SER-147
-76.0603,11.3859,SER-148
-99.9495,160.293,CYS-149
-74.8714,-34.3696,MET-150
102.337,51.7427,GLY-151
42.792,-144.766,GLY-152
-84.2193,-28.1687,ILE-153
-147.897,118.177,ASN-154
-46.5205,124.295,ARG-155
-140.771,166.22,ARG-156
-90.2414,168.091,PRO-157
-149.499,143.502,ILE-158
-106.638,146.312,LEU-159
-93.3142,151.974,THR-160
-111.957,123.191,ILE-161
-112.408,125.234,ILE-162
-138.506,128.89,THR-163
-81.4314,149.477,LEU-164
-170.865,145.525,GLU-165
-82.6856,165.565,ASP-166
-62.7343,-27.0195,SER-167
-82.2759,-17.8197,SER-168
104.598,1.12496,GLY-169
-64.22,118.474,ASN-170
-71.4453,123.599,LEU-171
-111.754,-13.4315,LEU-172
158.337,156.113,GLY-173
-150.342,143.436,ARG-174
-137.586,131.773,ASN-175
-133.145,154.429,SER-176
-167.594,150.615,PHE-177
-85.9416,146.088,GLU-178
-123.82,152.601,VAL-179
-168.61,88.5543,ARG-180
-91.585,135.485,VAL-181
-170.39,-178.9,CYS-182
-93.4537,-10.9102,ALA-183
-167.589,93.5177,CYS-184
-65.372,-27.4003,PRO-185
-64.7586,-39.1927,GLY-186
-69.9272,-49.1363,ARG-187
-74.9663,-23.2598,ASP-188
-61.468,-62.9028,ARG-189
-57.0609,-31.9297,ARG-190
-59.1085,-39.9259,THR-191
-99.6121,-37.1407,GLU-192
-78.6632,-33.6849,GLU-193
-70.9954,-13.7632,GLU-194
-90.2697,37.7977,ASN-195
-137.054,151.064,LEU-196
-83.3429,33.5667,ARG-197
-137.758,162.186,LYS-198
-57.4286,140.88,LYS-199
-135.599,159.138,GLY-200
-87.6384,137.162,GLU-201
-78.6168,150.678,PRO-202
-138.102,163.568,HIS-203
-35.9823,129.364,HIS-204
-72.0125,-26.6847,GLU-205
-54.932,-58.2396,LEU-206
-73.4862,146.119,PRO-207
-81.6484,163.337,PRO-208
-51.8946,140.177,GLY-209
-59.3749,150.513,SER-210
-50.1964,141.336,THR-211
-53.1638,126.091,LYS-212
65.9635,155.463,ARG-213
-71.5181,142.121,ALA-214
-65.6754,-19.7001,LEU-215
-66.585,144.187,PRO-216
-102.739,22.5602,ASN-217
-58.141,127.985,ASN-218
-79.9342,122.766,SER-2
-63.3642,162.887,SER-3
-62.9976,118.849,VAL-4
-63.3654,124.613,PRO-5
-71.8663,141.714,SER-6
-86.3704,1.29531,GLN-7
-64.5668,96.523,LYS-8
-40.1864,137.951,THR-9
-170.569,131.694,TYR-10
-72.9111,-35.1457,GLN-11
70.3275,-128.889,GLY-12
-83.6148,-36.9159,SER-13
-118.828,1.51672,TYR-14
89.007,35.0679,GLY-15
-75.6717,122.269,PHE-16
-160.025,156.797,ARG-17
-107.267,156.495,LEU-18
-133.025,116.919,GLY-19
-82.8124,112.856,PHE-20
-74.2434,120.403,LEU-21
-86.6758,143.091,HIS-22
-133.288,17.0793,SER-23
102.534,-165.448,GLY-24
-134.136,-17.9355,THR-25
-51.1534,162.719,ALA-26
-44.0413,-39.9062,LYS-27
-79.2505,-10.0546,SER-28
-77.7527,134.242,VAL-29
-90.8543,-6.80739,THR-30
-172.513,161.981,CYS-31
-164.878,148.534,THR-32
-123.178,128.074,TYR-33
-102.941,100.687,SER-34
-53.8866,-30.6208,PRO-35
-69.6119,-14.6413,ALA-36
-119.775,-15.3023,LEU-37
44.2223,59.9346,ASN-38
-139.373,132.375,LYS-39
-93.7867,124.293,MET-40
-106.936,125.055,PHE-41
-142.423,151.355,CYS-42
-98.843,135.096,GLN-43
-68.8238,143.868,LEU-44
67.9116,8.48558,ALA-45
-124.002,160.101,LYS-46
-75.1338,137.177,THR-47
-119.81,105.352,CYS-48
-75.388,113.801,PRO-49
-120.015,131.728,VAL-50
-95.5258,153.67,GLN-51
-124.382,153.66,LEU-52
-138.546,151.658,TRP-53
-142.072,146.628,VAL-54
-53.9923,-42.0619,ASP-55
-143.065,163.376,SER-56
-61.1078,120.594,THR-57
-77.1327,160.429,PRO-58
-73.7185,166.489,PRO-59
-40.5396,151.485,PRO-60
80.5793,-16.9076,GLY-61
-70.0427,128.459,THR-62
-126.163,160.077,ARG-63
-116.94,118.52,VAL-64
-112.647,126.223,ARG-65
-95.8267,136.774,ALA-66
-150.395,148.438,MET-67
-148.965,123.22,ALA-68
-91.7119,153.373,ILE-69
-142.135,158.769,TYR-70
-139.35,138.933,LYS-71
-128.062,164.546,GLN-72
-60.6488,-4.42877,SER-73
-129.255,-10.06,GLN-74
-154.154,124.495,HIS-75
-110.636,-28.7346,MET-76
-75.2581,35.0183,THR-77
-112.013,162.294,GLU-78
-118.883,160.306,VAL-79
-67.0087,106.105,VAL-80
-125.775,157.527,ARG-81
-60.8505,154.374,ARG-82
-60.1775,157.714,CYS-83
-61.6427,-39.4986,PRO-84
-70.2683,-40.1924,HIS-85
-61.0883,-42.1533,HIS-86
-79.2776,-12.2241,GLU-87
-97.2787,-12.081,ARG-88
-99.0468,157.89,CYS-89
-78.8743,-4.51419,SER-90
-62.0769,-6.183,ASP-91
-115.204,7.24234,SER-92
-92.0238,129.367,ASP-93
167.256,-148.438,GLY-94
-81.7412,-55.5659,LEU-95
-69.5342,145.197,ALA-96
-70.8676,153.971,PRO-97
-68.6079,-14.0572,PRO-98
-97,-20.4651,GLN-99
-72.4661,129.461,HIS-100
-78.0711,-37.6016,LEU-101
-91.1912,121.589,ILE-102
-130.646,-173.256,ARG-103
-156.362,131.639,VAL-104
-123.839,133.308,GLU-105
83.4453,1.74628,GLY-106
-102.53,140.756,ASN-107
-105.109,-29.9185,LEU-108
-80.357,-11.6618,ARG-109
-48.3516,138.911,VAL-110
-149.673,179.887,GLU-111
-138.007,129.749,TYR-112
-147.216,144.405,LEU-113
-65.5616,141.197,ASP-114
-71.8548,133.457,ASP-115
-64.0532,-22.2654,ARG-116
-92.0344,-45.9621,ASN-117
-98.3459,-1.96986,THR-118
63.9978,-13.6939,PHE-119
-70.2857,128.635,ARG-120
-74.3177,163.48,HIS-121
-175.797,134.942,SER-122
-78.8869,129.058,VAL-123
-116.399,128.789,VAL-124
-121.576,116.761,VAL-125
-48.9422,142.813,PRO-126
-83.1926,152.909,TYR-127
-144.667,135.478,GLU-128
-59.0917,146.589,PRO-129
-47.1148,154.122,PRO-130
-80.376,151.736,GLU-131
-59.8291,112.424,VAL-132
100.67,-14.7343,GLY-133
-78.3389,147.836,SER-134
-83.3165,-44.1296,ASP-135
-99.8761,166.19,CYS-136
-86.9376,141.558,THR-137
-119.581,142.71,THR-138
-134.369,123.397,ILE-139
-81.0022,119.079,HIS-140
-91.0482,-178.161,TYR-141
-151.506,134.266,ASN-142
-120.403,170.087,TYR-143
-131.601,146.573,MET-144
-153.334,135.471,CYS-145
-89.8496,155.975,ASN-146
-127.338,-30.2222,SER-147
-93.5106,17.7908,SER-148
-86.9097,-175.036,CYS-149
-83.0642,-30.4289,MET-150
74.8886,39.0198,GLY-151
76.4879,-176.941,GLY-152
-81.2093,-30.9577,ILE-153
-141.052,119.183,ASN-154
-47.5723,128.898,ARG-155
-158.273,146.324,ARG-156
-63.3228,171.681,PRO-157
-157.412,143.741,ILE-158
-138.494,144.676,LEU-159
-120.46,152.773,THR-160
-133.119,121.753,ILE-161
-111.687,126.678,ILE-162
-129.023,128.903,THR-163
-85.1803,130.789,LEU-164
-147.424,149.941,GLU-165
-83.9036,160.287,ASP-166
-68.7215,-25.8478,SER-167
-69.1085,-4.51998,SER-168
101.178,-26.4819,GLY-169
-57.734,123.43,ASN-170
-84.8615,138.457,LEU-171
-125.577,-34.7152,LEU-172
-167.232,150.099,GLY-173
-154.12,145.607,ARG-174
-149.252,142.833,ASN-175
-132.114,152.812,SER-176
-153.728,142.165,PHE-177
-74.4137,143.938,GLU-178
-110.616,157.113,VAL-179
-161.663,98.7566,ARG-180
-102.521,117.469,VAL-181
-139.991,175.335,CYS-182
-76.9822,-34.4604,ALA-183
-140.919,87.4089,CYS-184
-30.3267,-55.3509,PRO-185
-72.4396,-31.864,GLY-186
-57.1175,-57.961,ARG-187
-71.0916,-34.0489,ASP-188
-59.051,-66.0913,ARG-189
-60.4766,-30.1841,ARG-190
-64.3667,-44.1652,THR-191
-84.7779,-8.26497,GLU-192
-124.036,-25.8326,GLU-193
-62.6884,-25.701,GLU-194
-59.1382,-20.5256,ASN-195
-84.4366,154.748,LEU-196
-66.9489,-34.6424,ARG-197
-64.5713,116.733,LYS-198
-65.7688,129.682,LYS-199
-120.524,-147.147,GLY-200
-130.862,150.101,GLU-201
-85.0764,-177.14,PRO-202
-155.522,156.527,HIS-203
-52.1597,156.226,HIS-204
-69.4324,-46.0034,GLU-205
-48.8646,-43.6684,LEU-206
-58.0833,127.95,PRO-207
-70.6295,178.827,PRO-208
-78.8536,131.297,GLY-209
-70.3095,163.357,SER-210
-69.1594,142.908,THR-211
-60.8624,115.7,LYS-212
68.4534,166.346,ARG-213
-58.1334,163.696,ALA-214
-77.1165,-18.1013,LEU-215
-70.7483,174.569,PRO-216
-116.879,24.8581,ASN-217
-57.0234,109.128,ASN-218
-73.3254,164.037,SER-2
-78.8367,145.75,SER-3
-69.0917,138.421,VAL-4
-78.4949,140.629,PRO-5
-68.446,147.966,SER-6
-109.852,-2.60547,GLN-7
-61.3027,135.12,LYS-8
-83.0696,148.151,THR-9
-174.96,142.533,TYR-10
-75.5197,-25.3537,GLN-11
68.221,-157.971,GLY-12
-77.8874,-25.1772,SER-13
-118.653,10.5068,TYR-14
74.7295,20.8668,GLY-15
-69.4825,122.891,PHE-16
-155.825,147.881,ARG-17
-101.804,160.818,LEU-18
-170.848,-175.736,GLY-19
-137.15,145.827,PHE-20
-86.45,105.367,LEU-21
-67.9155,84.7921,HIS-22
-88.312,-4.11394,SER-23
109.935,-127.796,GLY-24
-148.383,-22.3847,THR-25
-57.1933,169.234,ALA-26
-75.9971,-12.9753,LYS-27
-74.7745,-25.3178,SER-28
-71.9399,138.345,VAL-29
-81.9058,-23.5851,THR-30
-179.173,142.743,CYS-31
-138.114,134.002,THR-32
-100.508,132.191,TYR-33
-105.337,104.642,SER-34
-64.9191,-31.5089,PRO-35
-77.0646,-13.7243,ALA-36
-102.079,-5.67343,LEU-37
31.9672,54.7342,ASN-38
-137.702,140.023,LYS-39
-100.856,134.614,MET-40
-101.793,131.743,PHE-41
-124.24,160.807,CYS-42
-105.5,140.369,GLN-43
-70.4868,142.017,LEU-44
63.0246,-1.23464,ALA-45
-84.1418,158.98,LYS-46
-67.0936,119.113,THR-47
-120.145,95.4027,CYS-48
-65.6807,127.205,PRO-49
-133.419,122.042,VAL-50
-113.697,135.426,GLN-51
-119.743,122.558,LEU-52
-98.5512,160.122,TRP-53
-143.804,160.304,VAL-54
-81.3249,-20.4185,ASP-55
-167.324,146.121,SER-56
-62.8706,125.484,THR-57
-64.0857,158.647,PRO-58
-68.2712,162.579,PRO-59
-45.9511,151.237,PRO-60
74.7613,-10.1442,GLY-61
-59.6757,161.032,THR-62
-153.412,162.935,ARG-63
-109.018,133.414,VAL-64
-119.569,145.555,ARG-65
-128.868,124.324,ALA-66
-132.435,155.488,MET-67
-142.338,131.749,ALA-68
-113.273,151.045,ILE-69
-134.047,151.189,TYR-70
-149.279,144.441,LYS-71
-129.499,177.485,GLN-72
-56.5366,-7.97511,SER-73
-149.633,-35.9917,GLN-74
-105.831,125.317,HIS-75
-125.942,-6.14702,MET-76
-106.628,14.4929,THR-77
-82.7196,155.18,GLU-78
-93.6915,164.841,VAL-79
-71.0466,129.07,VAL-80
-146.492,149.297,ARG-81
-57.745,163.077,ARG-82
-59.8269,151.468,CYS-83
-68.8261,-41.2126,PRO-84
-54.0408,-33.3066,HIS-85
-84.3446,-32.4295,HIS-86
-61.186,-38.7535,GLU-87
-89.6576,3.19819,ARG-88
-136.11,-177.997,CYS-89
-78.8522,3.88641,SER-90
-83.2589,-6.19566,ASP-91
-114.871,18.9694,SER-92
-55.8344,167.101,ASP-93
115.708,-165.492,GLY-94
-63.0189,-40.566,LEU-95
-76.8454,162.995,ALA-96
-71.6687,158.923,PRO-97
-68.9055,-15.569,PRO-98
-95.9074,-17.7208,GLN-99
-58.0469,114.349,HIS-100
-85.8486,-34.8865,LEU-101
-85.411,115.473,ILE-102
-128.575,-177.875,ARG-103
-124.572,145.061,VAL-104
-120.03,117.949,GLU-105
88.7725,-25.9916,GLY-106
-66.2304,125.597,ASN-107
-92.6834,-19.7704,LEU-108
-86.1769,-9.43307,ARG-109
-54.5693,143.961,VAL-110
-150.626,159.455,GLU-111
-120.181,101.338,TYR-112
-131.652,156.71,LEU-113
-95.0562,135.982,ASP-114
-74.8334,130.129,ASP-115
-57.3005,-43.3943,ARG-116
-74.1177,-25.7188,ASN-117
-131.004,-4.13578,THR-118
62.8048,21.4342,PHE-119
-92.9386,127.724,ARG-120
-73.7156,159.619,HIS-121
-171.28,168.011,SER-122
-111.349,124.325,VAL-123
-132.693,110.296,VAL-124
-98.5694,112.898,VAL-125
-46.4127,150.945,PRO-126
-83.0745,140.323,TYR-127
-142.593,129.4,GLU-128
-69.0318,161.816,PRO-129
-53.1457,148.111,PRO-130
-62.3695,168.415,GLU-131
-48.4215,120.069,VAL-132
91.1402,-28.1537,GLY-133
-93.8095,161.375,SER-134
-102.615,-25.4116,ASP-135
-150.268,163.941,CYS-136
-87.1598,136.064,THR-137
-110.62,130.46,THR-138
-112.197,132.232,ILE-139
-100.939,118.059,HIS-140
-85.056,176.509,TYR-141
-141.506,144.193,ASN-142
-131.229,170.447,TYR-143
-142.393,160.03,MET-144
-151.435,161.34,CYS-145
-123.046,90.3654,ASN-146
-67.2279,-22.9777,SER-147
-64.1341,-11.1037,SER-148
-67.3118,169.334,CYS-149
-56.8472,-47.1534,MET-150
82.3572,40.406,GLY-151
68.5043,-155.385,GLY-152
-92.0796,-11.0774,ILE-153
-160.985,128.507,ASN-154
-59.4716,118.613,ARG-155
-150.606,159.133,ARG-156
-69.1654,148.941,PRO-157
-128.073,140.782,ILE-158
-122.241,147.753,LEU-159
-104.951,148.021,THR-160
-118.486,115.18,ILE-161
-109.028,120.594,ILE-162
-126.044,160.113,THR-163
-113.275,137.192,LEU-164
-150.09,143.558,GLU-165
-83.261,168.953,ASP-166
-57.6637,-30.6016,SER-167
-78.1426,-8.8338,SER-168
96.5142,5.61328,GLY-169
-70.8356,125.583,ASN-170
-78.7244,123.021,LEU-171
-98.7013,-28.9574,LEU-172
-179.567,-172.839,GLY-173
-158.976,161.71,ARG-174
-172.351,137.179,ASN-175
-147.417,151.715,SER-176
-153.741,159.873,PHE-177
-77.0412,146.323,GLU-178
-112.143,151.498,VAL-179
-146.988,128.978,ARG-180
-107.85,157.661,VAL-181
179.046,-172.903,CYS-182
-91.0426,-24.4439,ALA-183
-144.022,99.8943,CYS-184
-62.5993,-24.7839,PRO-185
-71.945,-38.4594,GLY-186
-64.7732,-44.6312,ARG-187
-74.5203,-36.6035,ASP-188
-51.2623,-59.865,ARG-189
-52.867,-49.9325,ARG-190
-43.525,-47.8955,THR-191
-100.139,-19.3598,GLU-192
-110.849,-40.6156,GLU-193
-63.1498,-25.7949,GLU-194
-69.6538,-35.5927,ASN-195
-55.0474,166.492,LEU-196
-84.4857,-15.013,ARG-197
-88.8788,145.816,LYS-198
-60.6165,137.075,LYS-199
-142.22,-162.64,GLY-200
-113.698,144.81,GLU-201
-82.8925,-165.954,PRO-202
-164.978,169.114,HIS-203
-44.0213,133.979,HIS-204
-80.6099,-28.7621,GLU-205
-50.8332,-46.9003,LEU-206
-85.6043,151.098,PRO-207
-86.4704,-159.779,PRO-208
-76.2905,153.591,GLY-209
-73.8115,162.546,SER-210
-66.9028,155.395,THR-211
-69.1424,122.701,LYS-212
70.9154,170.108,ARG-213
-62.0723,163.625,ALA-214
-67.7909,-24.1058,LEU-215
-59.8692,154.759,PRO-216
-95.3825,16.1562,ASN-217
-66.4876,121.351,ASN-218
-57.3252,161.47,SER-2
-77.1933,-170.721,SER-3
-91.0549,137.005,VAL-4
-76.1149,131.551,PRO-5
-65.7879,134.999,SER-6
-79.945,2.92445,GLN-7
-84.4019,112.88,LYS-8
-61.6836,136.899,THR-9
-164.797,151.971,TYR-10
-90.9212,-3.52312,GLN-11
65.8768,-142.771,GLY-12
-93.021,-4.18678,SER-13
-147.921,4.82736,TYR-14
84.7856,25.523,GLY-15
-61.2013,114.913,PHE-16
-153.493,141.796,ARG-17
-110.719,155.224,LEU-18
-158.485,179.045,GLY-19
-128.062,179.789,PHE-20
-122.207,120.69,LEU-21
-78.3483,144.606,HIS-22
-149.217,9.61848,SER-23
97.5087,-145.786,GLY-24
-145.791,-10.0471,THR-25
-67.3889,160.965,ALA-26
-47.374,-29.9844,LYS-27
-53.5461,-30.1073,SER-28
-88.7719,118.771,VAL-29
-70.6941,-26.6598,THR-30
-158.454,143.941,CYS-31
-157.172,146.057,THR-32
-125.977,147.952,TYR-33
-113.979,112.92,SER-34
-70.2964,-18.5011,PRO-35
-71.0685,-36.4146,ALA-36
-86.3969,-18.9167,LEU-37
58.7348,36.0087,ASN-38
-128.864,134.997,LYS-39
-100.37,132.88,MET-40
-97.5016,116.968,PHE-41
-106.135,144.969,CYS-42
-90.5908,126.421,GLN-43
-46.9601,123.658,LEU-44
79.8728,-8.28256,ALA-45
-102.144,-179.142,LYS-46
-89.3334,149.188,THR-47
-135.048,87.2672,CYS-48
-75.0953,123.833,PRO-49
-112.393,134.057,VAL-50
-95.0593,151.791,GLN-51
-144.569,136.161,LEU-52
-115.104,147.092,TRP-53
-136.563,146.437,VAL-54
-84.2813,-22.5923,ASP-55
-139.383,157.796,SER-56
-78.4777,132.448,THR-57
-94.1043,146.166,PRO-58
-67.0058,162.145,PRO-59
-58.6294,148.229,PRO-60
75.6419,-1.49803,GLY-61
-79.0787,144.422,THR-62
-151.637,145.907,ARG-63
-95.1463,112.327,VAL-64
-104.841,128.074,ARG-65
-115.181,120.312,ALA-66
-124.967,155.553,MET-67
-150.338,104.056,ALA-68
-70.8148,146.907,ILE-69
-129.226,154.04,TYR-70
-153.535,161.488,LYS-71
-139.91,173.623,GLN-72
-62.3702,10.3856,SER-73
-159.432,-41.698,GLN-74
-92.3433,136.072,HIS-75
-125.66,-18.434,MET-76
-92.779,5.31189,THR-77
-85.2472,160.722,GLU-78
-131.15,148.544,VAL-79
-59.3584,129.505,VAL-80
-142.999,164.911,ARG-81
-63.879,148.765,ARG-82
-49.4524,145.08,CYS-83
-64.6364,-37.1651,PRO-84
-61.975,-18.0795,HIS-85
-103.402,-32.287,HIS-86
-62.9883,-37.2939,GLU-87
-88.816,34.4805,ARG-88
-147.019,-174.765,CYS-89
-71.4003,-16.5396,SER-90
-73.4239,21.134,ASP-91
-135.995,24.2014,SER-92
-70.286,170.822,ASP-93
132.07,-170.471,GLY-94
-77.9098,-26.8022,LEU-95
-67.3529,141.67,ALA-96
-54.0362,145.538,PRO-97
-55.6772,-24.6246,PRO-98
-87.2424,-24.2109,GLN-99
-61.9731,134.11,HIS-100
-97.3131,-35.804,LEU-101
-96.1418,121.267,ILE-102
-135.053,165.566,ARG-103
-137.12,143.032,VAL-104
-108.321,145.25,GLU-105
77.7062,-41.2472,GLY-106
-71.5808,138.121,ASN-107
-96.4155,-38.0084,LEU-108
-60.7282,-28.3475,ARG-109
-43.1708,134.941,VAL-110
-134.345,-175.769,GLU-111
-144.592,116.571,TYR-112
-146.664,155.594,LEU-113
-74.0516,150.864,ASP-114
-67.8286,122.793,ASP-115
-58.0103,-32.5381,ARG-116
-82.7351,-28.8591,ASN-117
-132.753,-9.29216,THR-118
69.3363,6.66433,PHE-119
-79.3765,117.653,ARG-120
-70.6966,154.287,HIS-121
-162.843,158.851,SER-122
-86.5808,132.653,VAL-123
-119.284,109.017,VAL-124
-93.5919,113.135,VAL-125
-63.4351,143.279,PRO-126
-78.8114,146.93,TYR-127
-130.656,121.359,GLU-128
-59.6136,159.575,PRO-129
-71.668,129.565,PRO-130
-57.2468,151.472,GLU-131
-58.4033,116.724,VAL-132
90.4792,-7.73382,GLY-133
-82.8729,142.237,SER-134
-84.8864,-26.1405,ASP-135
-153.283,-179.334,CYS-136
-89.6336,120.937,THR-137
-104.254,119.487,THR-138
-104.781,137.659,ILE-139
-107.142,109.62,HIS-140
-78.7668,177.425,TYR-141
-176.004,114.823,ASN-142
-112.653,-170.583,TYR-143
-154.024,143.845,MET-144
-128.998,146.076,CYS-145
-131.013,76.7524,ASN-146
-78.4831,10.8737,SER-147
-82.9267,-6.25316,SER-148
-76.7086,171.416,CYS-149
-81.5484,-16.847,MET-150
70.0418,31.2856,GLY-151
48.2887,-121.121,GLY-152
-85.1427,-31.7504,ILE-153
-163.823,121.553,ASN-154
-58.8257,114.413,ARG-155
-136.898,168.295,ARG-156
-72.1441,169.479,PRO-157
-135.351,122.745,ILE-158
-101.047,132.721,LEU-159
-101.285,138.019,THR-160
-109.409,125.54,ILE-161
-105.216,137.534,ILE-162
-139.546,132.813,THR-163
-92.0829,129.707,LEU-164
-138.451,160.074,GLU-165
-105.338,153.733,ASP-166
-55.4924,-13.2869,SER-167
-96.2125,0.769011,SER-168
86.1592,1.12313,GLY-169
-57.4322,128.764,ASN-170
-76.7822,124.525,LEU-171
-116.521,-2.84507,LEU-172
158.371,163.999,GLY-173
-140.17,145.048,ARG-174
-143.487,155.025,ASN-175
-144.918,142.554,SER-176
-142.454,166.107,PHE-177
-83.2727,130.225,GLU-178
-99.9896,147.406,VAL-179
-151.825,102.72,ARG-180
-89.2132,131.57,VAL-181
-149.1,160.076,CYS-182
-63.8307,-28.5599,ALA-183
-137.366,104.575,CYS-184
-54.8191,-33.079,PRO-185
-73.9196,-21.6424,GLY-186
-71.239,-48.7748,ARG-187
-59.5555,-39.1986,ASP-188
-63.2849,-64.1239,ARG-189
-47.0376,-47.0877,ARG-190
-48.7629,-60.4167,THR-191
-68.8087,-54.0756,GLU-192
-67.7972,-26.9158,GLU-193
-75.5709,15.835,GLU-194
-94.0623,-27.1914,ASN-195
-80.4882,151.411,LEU-196
-83.0233,-18.1819,ARG-197
-57.7239,137.883,LYS-198
-44.1246,141.627,LYS-199
-99.0992,-137.471,GLY-200
-138.732,137.259,GLU-201
-77.1795,165.44,PRO-202
-158.213,148.811,HIS-203
-31.7207,141.95,HIS-204
-96.5339,-18.9858,GLU-205
-73.3744,-39.3549,LEU-206
-70.4224,147.562,PRO-207
-85.3134,179.559,PRO-208
-66.5499,166.134,GLY-209
-78.4117,175.86,SER-210
-45.9191,150.862,THR-211
-84.6983,129.76,LYS-212
58.3402,166.034,ARG-213
-68.2883,171.028,ALA-214
-72.9936,-31.4744,LEU-215
-66.3821,138.318,PRO-216
-78.306,5.20517,ASN-217
-45.1855,127.811,ASN-218
-62.8386,158.11,SER-2
-68.8118,156.252,SER-3
-77.6058,135.516,VAL-4
-75.8245,133.732,PRO-5
-67.4894,136.08,SER-6
-84.5078,-16.8415,GLN-7
-56.6267,127.279,LYS-8
-71.08,131.3,THR-9
-172.963,147.31,TYR-10
-74.389,-37.7439,GLN-11
61.1949,-151.653,GLY-12
-71.1751,-30.9428,SER-13
-113.014,15.814,TYR-14
71.2514,25.0064,GLY-15
-61.7559,138.844,PHE-16
-148.956,162.901,ARG-17
-130.141,156.511,LEU-18
-148.28,153.238,GLY-19
-115.353,170.477,PHE-20
-132.198,117.285,LEU-21
-82.384,111.369,HIS-22
-113.587,-7.95725,SER-23
122.64,-160.945,GLY-24
-129.074,-19.4328,THR-25
-64.7322,159.001,ALA-26
-51.7262,-28.1403,LYS-27
-61.2901,-37.5522,SER-28
-68.9161,127.217,VAL-29
-80.6458,-36.1619,THR-30
-152.926,175.718,CYS-31
-173.829,139.116,THR-32
-113.815,132.777,TYR-33
-99.4116,102.787,SER-34
-59.2144,-32.9053,PRO-35
-86.1875,-8.12969,ALA-36
-106.583,-14.9754,LEU-37
52.9494,46.8345,ASN-38
-133.739,133.782,LYS-39
-107.778,125.358,MET-40
-101.213,126.662,PHE-41
-128.15,130.059,CYS-42
-69.6,134.476,GLN-43
-61.3085,145.056,LEU-44
53.3688,19.1859,ALA-45
-123.672,150.498,LYS-46
-52.9246,139.635,THR-47
-131.04,106.418,CYS-48
-78.9212,131.6,PRO-49
-127.717,103.079,VAL-50
-80.0823,150.234,GLN-51
-143.867,129.51,LEU-52
-128.205,160.515,TRP-53
-131.804,147.716,VAL-54
-81.8149,-15.3943,ASP-55
-145.165,148.327,SER-56
-68.7307,134.887,THR-57
-82.9613,166.344,PRO-58
-74.1422,-169.292,PRO-59
-70.5775,155.336,PRO-60
82.9321,-21.5681,GLY-61
-63.9502,149.458,THR-62
-149.415,131.372,ARG-63
-75.1476,130.91,VAL-64
-121.326,136.697,ARG-65
-124.215,131.225,ALA-66
-135.329,154.439,MET-67
-149.164,106.437,ALA-68
-86.6483,157.514,ILE-69
-144.861,157.172,TYR-70
-144.624,145.63,LYS-71
-128.585,178.144,GLN-72
-69.4965,-4.14536,SER-73
-137.046,9.14923,GLN-74
-145.091,118.972,HIS-75
-111.674,-15.936,MET-76
-93.6521,14.2032,THR-77
-72.2655,158.652,GLU-78
-120.25,159.848,VAL-79
-70.365,133.47,VAL-80
-169.338,165.202,ARG-81
-68.1506,134.891,ARG-82
-36.2152,148.511,CYS-83
-70.4394,-19.4543,PRO-84
-76.1405,-34.2034,HIS-85
-94.2069,-28.1082,HIS-86
-52.8532,-39.8033,GLU-87
-95.6723,-26.2554,ARG-88
-64.7907,160.937,CYS-89
-69.2519,-14.613,SER-90
-57.2669,-28.0194,ASP-91
-93.841,21.0709,SER-92
-49.9025,-175.316,ASP-93
96.6021,-173.858,GLY-94
-78.4963,-39.1231,LEU-95
-64.6698,133.777,ALA-96
-62.4693,173.051,PRO-97
-91.4049,-5.11137,PRO-98
-79.0572,-34.0616,GLN-99
-61.3507,125.008,HIS-100
-90.0076,-51.939,LEU-101
-70.3638,98.0776,ILE-102
-110.042,164.97,ARG-103
-135.622,145.298,VAL-104
-119.605,155.415,GLU-105
69.3554,-41.0637,GLY-106
-65.4949,121.515,ASN-107
-100.341,-25.9857,LEU-108
-83.1294,-15.4964,ARG-109
-46.4467,152.504,VAL-110
-161.604,154.421,GLU-111
-118.651,100.99,TYR-112
-126.097,141.66,LEU-113
-79.5249,109.719,ASP-114
-51.6422,135.295,ASP-115
-71.1671,-39.1721,ARG-116
-76.8034,-25.399,ASN-117
-131.105,-5.13689,THR-118
58.2152,32.5,PHE-119
-111.07,128.843,ARG-120
-65.2048,156.266,HIS-121
-171.703,161.213,SER-122
-90.635,136.184,VAL-123
-118.669,131.57,VAL-124
-125.387,107.803,VAL-125
-55.8299,145.14,PRO-126
-56.1977,129.286,TYR-127
-132.968,104.666,GLU-128
-54.4221,140.481,PRO-129
-64.2906,145.745,PRO-130
-61.1263,139.873,GLU-131
-48.2964,111.985,VAL-132
112.631,-21.2885,GLY-133
-85.3679,160.603,SER-134
-80.5466,-51.3076,ASP-135
-141.488,152.548,CYS-136
-56.4995,133.063,THR-137
-134.812,131.307,THR-138
-114.311,143.124,ILE-139
-106.501,111.299,HIS-140
-90.4915,-175.407,TYR-141
-170.646,122.91,ASN-142
-112.987,-174.003,TYR-143
-146.56,156.224,MET-144
-149.071,121.933,CYS-145
-119.28,73.8439,ASN-146
-46.4675,-16.3154,SER-147
-88.0294,9.00334,SER-148
-70.6511,161.172,CYS-149
-69.3709,-19.8862,MET-150
80.936,-8.32288,GLY-151
80.08,-168.004,GLY-152
-72.2771,-22.4546,ILE-153
-157.122,115.811,ASN-154
-67.8182,125.983,ARG-155
-153.684,149.898,ARG-156
-73.1756,178.105,PRO-157
-138.085,140.9,ILE-158
-117.653,146.617,LEU-159
-98.271,146.86,THR-160
-123.758,113.414,ILE-161
-106.244,115.682,ILE-162
-110.546,149.768,THR-163
-98.2801,118.748,LEU-164
-117.066,161.706,GLU-165
-91.4599,161.321,ASP-166
-71.481,-17.9825,SER-167
-82.701,-5.7476,SER-168
100.337,-8.41063,GLY-169
-68.5323,116.022,ASN-170
-56.6706,131.711,LEU-171
-118.26,-15.5689,LEU-172
169.044,164.924,GLY-173
-143.95,144.887,ARG-174
-148.08,154.864,ASN-175
-156.51,148.352,SER-176
-157.861,155.765,PHE-177
-75.1885,129.665,GLU-178
-93.866,138.248,VAL-179
-134.48,102.389,ARG-180
-88.2252,145.454,VAL-181
-166.1,-179.188,CYS-182
-85.5031,-30.6443,ALA-183
-145.404,99.4072,CYS-184
-51.4377,-48.3121,PRO-185
-72.1683,-32.8666,GLY-186
-65.7221,-52.6654,ARG-187
-53.5568,-39.8983,ASP-188
-57.7512,-61.039,ARG-189
-54.3378,-28.6476,ARG-190
-68.3573,-46.1059,THR-191
-91.1247,-29.9423,GLU-192
-94.1396,-27.264,GLU-193
-80.3751,0.216336,GLU-194
-61.7678,-37.5323,ASN-195
-72.732,151.609,LEU-196
-81.589,-28.3738,ARG-197
-67.3068,141.477,LYS-198
-60.9934,145.033,LYS-199
-129.736,-152.278,GLY-200
-105.887,139.477,GLU-201
-61.726,177.208,PRO-202
-155.611,-174.504,HIS-203
-67.413,138.106,HIS-204
-90.7442,-16.2311,GLU-205
-78.6025,-51.0984,LEU-206
-77.2869,123.804,PRO-207
-57.3832,166.797,PRO-208
-67.9502,169.39,GLY-209
-84.5802,176.451,SER-210
-90.8138,147.159,THR-211
-81.7391,115.345,LYS-212
76.9563,158.965,ARG-213
-57.1218,159.538,ALA-214
-72.1734,-30.3981,LEU-215
-66.4706,144.731,PRO-216
-86.5046,35.4746,ASN-217
-72.0766,99.2426,ASN-218
-69.7288,-175.71,SER-2
-87.785,166.68,SER-3
-83.299,147.45,VAL-4
-88.9691,130.699,PRO-5
-64.4428,134.435,SER-6
-100.204,-19.1197,GLN-7
-51.8584,128.191,LYS-8
-86.2707,135.669,THR-9
-158.705,152.069,TYR-10
-104.521,-33.419,GLN-11
98.5032,-137.481,GLY-12
-70.513,-27.8652,SER-13
-132.679,2.73282,TYR-14
76.9567,23.739,GLY-15
-52.7073,118.51,PHE-16
-146.919,-178.103,ARG-17
-160.529,145.6,LEU-18
-155.856,159.873,GLY-19
-98.8485,-179.138,PHE-20
-122.762,105.953,LEU-21
-79.7807,87.9937,HIS-22
-91.6822,-21.3109,SER-23
142.405,-156.972,GLY-24
-131.143,-23.3553,THR-25
-58.96,155.166,ALA-26
-53.3326,-25.8327,LYS-27
-67.3373,-40.9295,SER-28
-58.5763,114.829,VAL-29
-70.0421,-25.5622,THR-30
-153.149,143.062,CYS-31
-135.568,150.493,THR-32
-143.699,136.824,TYR-33
-108.014,108.291,SER-34
-74.7256,-19.2519,PRO-35
-57.5656,-5.7116,ALA-36
-142.282,-12.8649,LEU-37
57.6896,40.2317,ASN-38
-125.571,130.868,LYS-39
-103.502,133.964,MET-40
-120.072,127.592,PHE-41
-119.82,159.462,CYS-42
-93.5114,132.219,GLN-43
-54.2983,140.367,LEU-44
73.9641,-9.65255,ALA-45
-78.0851,158.458,LYS-46
-59.8908,135.036,THR-47
-138.582,106.351,CYS-48
-66.9079,132.873,PRO-49
-125.834,131.308,VAL-50
-103.465,148.611,GLN-51
-132.074,147.57,LEU-52
-148.7,150.005,TRP-53
-121.078,160.019,VAL-54
-97.695,-18.1784,ASP-55
-144.776,144.736,SER-56
-76.2894,123.692,THR-57
-68.3899,154.883,PRO-58
-72.5654,161.071,PRO-59
-67.1466,154.267,PRO-60
81.4013,0.509122,GLY-61
-71.2345,156.733,THR-62
-149.786,145.049,ARG-63
-107.219,137.168,VAL-64
-122.65,136.689,ARG-65
-106.032,137.555,ALA-66
-139.811,158.505,MET-67
-143.115,132.269,ALA-68
-103.242,132.342,ILE-69
-95.9061,155.994,TYR-70
-159.836,149.198,LYS-71
-141.433,172.752,GLN-72
-68.887,0.865366,SER-73
-150.88,15.469,GLN-74
-154.694,121.633,HIS-75
-105.861,-18.508,MET-76
-111.62,4.22639,THR-77
-71.4765,149.173,GLU-78
-97.7859,146.262,VAL-79
-69.5763,139.444,VAL-80
-167.422,162.251,ARG-81
-69.2084,156.979,ARG-82
-65.2632,167.831,CYS-83
-63.7582,-51.7213,PRO-84
-60.4959,-23.2646,HIS-85
-80.8853,-38.5238,HIS-86
-62.2074,-36.756,GLU-87
-86.7482,-7.04749,ARG-88
-124.675,177.189,CYS-89
-63.1895,-19.8399,SER-90
-84.0383,3.35818,ASP-91
-114.759,9.41653,SER-92
-74.7243,146.334,ASP-93
158.519,-167.234,GLY-94
-68.1917,-51.8951,LEU-95
-66.7194,171.924,ALA-96
-61.4418,154.439,PRO-97
-76.2977,-23.9362,PRO-98
-73.9127,-25.9362,GLN-99
-59.7953,131.024,HIS-100
-94.8007,-33.8811,LEU-101
-97.7494,96.5338,ILE-102
-114.117,160.794,ARG-103
-132.587,138.112,VAL-104
-117.006,164.783,GLU-105
75.2064,-80.6107,GLY-106
-53.7542,136.355,ASN-107
-93.0292,-34.7786,LEU-108
-74.6642,-21.2558,ARG-109
-21.8294,131.692,VAL-110
-145.06,170.149,GLU-111
-130.792,108.204,TYR-112
-135.06,155.692,LEU-113
-70.9843,129.23,ASP-114
-66.6579,113.627,ASP-115
-49.1601,-7.50831,ARG-116
-101.476,-69.8974,ASN-117
-82.2081,-6.0675,THR-118
71.0353,-19.1004,PHE-119
-48.0164,135.195,ARG-120
-75.9822,159.978,HIS-121
-163.317,164.64,SER-122
-106.822,125.633,VAL-123
-108.338,123.985,VAL-124
-119.617,127.429,VAL-125
-56.7756,151.845,PRO-126
-65.8352,103.329,TYR-127
-89.7124,120.956,GLU-128
-71.999,158.82,PRO-129
-81.4301,122.824,PRO-130
-65.8198,156.134,GLU-131
-53.8608,126.722,VAL-132
85.3845,-8.09337,GLY-133
-77.542,166.174,SER-134
-106.435,-20.6327,ASP-135
-148.746,178.875,CYS-136
-104.891,125.704,THR-137
-103.468,130.675,THR-138
-127.31,130.751,ILE-139
-97.4692,112.518,HIS-140
-86.7814,172.944,TYR-141
-148.795,128.909,ASN-142
-127.056,178.881,TYR-143
-143.512,163.3,MET-144
-153.459,102.756,CYS-145
-85.9004,91.4472,ASN-146
-65.7833,-17.5086,SER-147
-70.4314,-16.7999,SER-148
-95.6112,156.1,CYS-149
-62.7701,-28.2825,MET-150
83.4466,43.6553,GLY-151
44.5175,-138.932,GLY-152
-112.466,-6.18873,ILE-153
-166.748,105.598,ASN-154
-40.8432,119.426,ARG-155
-143.452,156.544,ARG-156
-74.3388,159.023,PRO-157
-139.386,143.288,ILE-158
-120.94,146.352,LEU-159
-104.797,142.274,THR-160
-106.4,114.656,ILE-161
-121.323,130.487,ILE-162
-145.337,129.349,THR-163
-85.4074,145.694,LEU-164
-152.221,148.09,GLU-165
-90.2567,156.709,ASP-166
-64.4389,-26.2364,SER-167
-68.5483,-7.23036,SER-168
94.7115,1.21534,GLY-169
-75.8275,135.177,ASN-170
-79.7906,136.329,LEU-171
-126.001,-32.4414,LEU-172
-172.711,171.76,GLY-173
-156.146,142.704,ARG-174
-139.761,136.844,ASN-175
-148.844,147.442,SER-176
-166.047,161.309,PHE-177
-81.4969,137.896,GLU-178
-121.228,151.85,VAL-179
-150.936,97.6767,ARG-180
-82.0288,136.772,VAL-181
-148.163,-168.358,CYS-182
-83.5068,-61.3394,ALA-183
-112.722,105.816,CYS-184
-70.214,-22.4213,PRO-185
-83.4704,-27.7871,GLY-186
-70.4965,-62.4862,ARG-187
-52.8193,-26.7328,ASP-188
-80.8376,-48.8139,ARG-189
-50.1995,-53.4507,ARG-190
-48.0759,-29.6252,THR-191
-99.2577,-28.9768,GLU-192
-107.886,-15.2187,GLU-193
-77.2439,-21.7479,GLU-194
-62.2387,-25.8106,ASN-195
-77.1953,165.424,LEU-196
-77.8002,-17.4405,ARG-197
-86.0225,147.953,LYS-198
-63.7067,122.006,LYS-199
-111.71,-171.695,GLY-200
-87.3304,134.918,GLU-201
-62.9485,171.525,PRO-202
-168.689,146.65,HIS-203
-27.1085,118.646,HIS-204
-73.0516,-19.8367,GLU-205
-66.3167,-50.2548,LEU-206
-47.5349,126.223,PRO-207
-57.2698,170.203,PRO-208
-66.3881,145.442,GLY-209
-64.7975,163.047,SER-210
-52.2581,143.726,THR-211
-61.1071,89.1293,LYS-212
80.0508,162.814,ARG-213
-56.514,166.736,ALA-214
-76.7441,-28.9629,LEU-215
-54.9853,139.668,PRO-216
-74.4764,10.1638,ASN-217
-47.6644,146.458,ASN-218
-88.9572,141.281,SER-2
-58.6416,178.091,SER-3
-105.201,135.351,VAL-4
-67.1069,116.506,PRO-5
-62.5689,149.519,SER-6
-99.7955,-19.4658,GLN-7
-49.8236,123.766,LYS-8
-65.8465,139.067,THR-9
-152.549,134.717,TYR-10
-73.7657,-31.3993,GLN-11
77.7424,-130.955,GLY-12
-110.95,-0.844725,SER-13
-133.148,-18.486,TYR-14
102.202,37.3634,GLY-15
-69.962,118.77,PHE-16
-152.815,164.3,ARG-17
-149.785,118.642,LEU-18
-126.251,139.904,GLY-19
-94.0362,120.85,PHE-20
-77.6555,104.385,LEU-21
-87.0051,160.939,HIS-22
-153.064,-6.31071,SER-23
121.399,-169.152,GLY-24
-133.386,-12.1474,THR-25
-47.9314,151.33,ALA-26
-60.1324,-21.1613,LYS-27
-64.1622,-34.1298,SER-28
-84.0687,119.197,VAL-29
-71.2382,-13.7647,THR-30
-167.915,157.689,CYS-31
-165.593,168.398,THR-32
-146.101,150.085,TYR-33
-116.922,107.806,SER-34
-68.4688,-28.9015,PRO-35
-81.7072,-2.33373,ALA-36
-116.821,-12.9324,LEU-37
58.5918,24.1748,ASN-38
-107.452,122.228,LYS-39
-99.2291,123.345,MET-40
-99.842,110.156,PHE-41
-113.075,153.695,CYS-42
-95.8023,135.849,GLN-43
-70.3816,143.475,LEU-44
76.757,22.1468,ALA-45
-151.181,160.982,LYS-46
-77.4047,125.018,THR-47
-116.357,87.4164,CYS-48
-76.6909,132.663,PRO-49
-116.268,139.824,VAL-50
-106.553,148.62,GLN-51
-134.611,138.932,LEU-52
-122.019,162.702,TRP-53
-149.841,153.414,VAL-54
-91.913,-49.8476,ASP-55
-92.4809,132.463,SER-56
-53.2369,119.054,THR-57
-73.5446,152.178,PRO-58
-77.8377,162.037,PRO-59
-48.3166,146.598,PRO-60
83.0929,-7.68665,GLY-61
-58.9903,154.238,THR-62
-151.281,152.004,ARG-63
-92.3464,129.95,VAL-64
-100.767,141.955,ARG-65
-128.4,135.918,ALA-66
-155.296,155.493,MET-67
-153.544,111.134,ALA-68
-90.9933,169.879,ILE-69
-147.5,168.593,TYR-70
-155.759,147.987,LYS-71
-144.315,171.856,GLN-72
-49.9264,-19.0687,SER-73
-147.964,13.4511,GLN-74
-145.775,122.529,HIS-75
-107.37,-16.2736,MET-76
-112.059,-10.2673,THR-77
-56.2316,159.468,GLU-78
-111.494,158.675,VAL-79
-64.7331,124.291,VAL-80
-146.885,159.39,ARG-81
-51.4869,158.76,ARG-82
-78.0341,157.476,CYS-83
-68.9879,-32.102,PRO-84
-66.1064,-29.3353,HIS-85
-81.5191,-23.7823,HIS-86
-67.8821,-39.3788,GLU-87
-82.743,-24.7814,ARG-88
-80.0226,170.6,CYS-89
-60.0194,-30.5158,SER-90
-72.2498,-25.4061,ASP-91
-88.1548,-6.14642,SER-92
-83.9553,92.2688,ASP-93
-145.716,-162.457,GLY-94
-76.0319,-46.0661,LEU-95
-66.9887,131.216,ALA-96
-58.1795,164.928,PRO-97
-65.1698,-27.0649,PRO-98
-73.6181,-46.8738,GLN-99
-55.7607,130.695,HIS-100
-90.4076,-41.0696,LEU-101
-74.7428,127.407,ILE-102
-140.791,173.29,ARG-103
-134.277,166.83,VAL-104
-133.945,155.666,GLU-105
74.9682,-58.4924,GLY-106
-77.0008,128.698,ASN-107
-87.4566,-42.2633,LEU-108
-58.8761,-4.9971,ARG-109
-48.7223,151.117,VAL-110
-161.362,155.892,GLU-111
-114.188,127.931,TYR-112
-154.736,140.54,LEU-113
-84.8065,140.014,ASP-114
-70.6325,125.731,ASP-115
-60.6681,-27.4449,ARG-116
-83.6648,-48.4691,ASN-117
-129.926,7.47507,THR-118
73.5662,-7.15268,PHE-119
-68.298,132.06,ARG-120
-69.4542,154.922,HIS-121
-171.002,172.821,SER-122
-93.5273,134.351,VAL-123
-133.446,146.407,VAL-124
-144.639,120.441,VAL-125
-56.1427,133.241,PRO-126
-62.2431,103.958,TYR-127
-81.5699,96.9759,GLU-128
-53.8643,164.284,PRO-129
-69.7168,153.781,PRO-130
-90.2276,167.865,GLU-131
-62.2749,128.659,VAL-132
84.0128,10.8045,GLY-133
-114.227,155.393,SER-134
-104.544,-28.0901,ASP-135
-148.924,176.477,CYS-136
-82.0346,136.397,THR-137
-122.174,134.877,THR-138
-128.307,147.592,ILE-139
-122.217,121.038,HIS-140
-82.4433,-178.465,TYR-141
-167.761,134.823,ASN-142
-139.326,177.232,TYR-143
-126.027,167.612,MET-144
-136.372,118.966,CYS-145
-82.5758,90.9264,ASN-146
-73.3112,-2.03874,SER-147
-87.6023,-5.79118,SER-148
-76.4538,165.726,CYS-149
-78.4387,-24.3022,MET-150
83.4347,11.5076,GLY-151
59.3395,-147.831,GLY-152
-80.5439,-11.1333,ILE-153
-176.353,108.157,ASN-154
-53.5372,118.863,ARG-155
-145.434,176.175,ARG-156
-105.017,160.22,PRO-157
-140.072,163.58,ILE-158
-149.671,136.209,LEU-159
-98.6157,137.512,THR-160
-107.927,116.701,ILE-161
-119.291,134.138,ILE-162
-146.905,159.721,THR-163
-106.372,134.594,LEU-164
-137.271,146.905,GLU-165
-91.1346,161.477,ASP-166
-73.7015,-32.1597,SER-167
-68.4786,-8.21332,SER-168
81.2155,24.3484,GLY-169
-78.6059,147.535,ASN-170
-108.721,128.698,LEU-171
-116.518,-8.25939,LEU-172
179.996,160.298,GLY-173
-160.121,141.653,ARG-174
-140.933,141.152,ASN-175
-139.249,155.131,SER-176
-157.611,153.893,PHE-177
-74.2342,136.973,GLU-178
-125.393,143.735,VAL-179
-156.844,111.113,ARG-180
-103.343,128.727,VAL-181
-148.853,-175.233,CYS-182
-72.0476,-41.4893,ALA-183
-139.794,107.419,CYS-184
-50.107,-40.8903,PRO-185
-76.9236,-35.5689,GLY-186
-70.5822,-45.913,ARG-187
-65.6607,-33.0372,ASP-188
-62.7476,-68.2448,ARG-189
-52.7829,-38.7216,ARG-190
-45.0676,-54.6132,THR-191
-92.1323,-30.7303,GLU-192
-88.3355,-37.762,GLU-193
-77.0421,-9.5732,GLU-194
-75.107,-19.3485,ASN-195
-74.3591,144.276,LEU-196
-59.3116,-42.2868,ARG-197
-50.2866,154.627,LYS-198
-79.0061,137.524,LYS-199
-148.777,-179.372,GLY-200
-103.626,143.35,GLU-201
-75.0003,169.803,PRO-202
-171.03,161.191,HIS-203
-53.3091,131.227,HIS-204
-86.3607,3.08448,GLU-205
-72.081,-59.612,LEU-206
-63.0539,158.149,PRO-207
-74.9365,-165.47,PRO-208
-57.4005,130.544,GLY-209
-51.0254,163.858,SER-210
-55.8047,155.047,THR-211
-81.9073,106.588,LYS-212
78.3421,167.272,ARG-213
-65.8571,159.937,ALA-214
-73.5922,-23.4705,LEU-215
-68.7153,155.074,PRO-216
-92.9492,12.284,ASN-217
-42.5482,127.443,ASN-218
-76.1654,166.321,SER-2
-75.509,163.699,SER-3
-121.377,122.056,VAL-4
-59.5741,147.327,PRO-5
-66.5677,151.668,SER-6
-121.836,-4.67264,GLN-7
-58.2416,123.585,LYS-8
-67.6914,137.734,THR-9
-167.39,137.858,TYR-10
-78.0477,-22.8083,GLN-11
66.7775,-167.158,GLY-12
-75.7496,-11.7655,SER-13
-87.0986,-21.4561,TYR-14
86.1823,33.0288,GLY-15
-74.1273,109.179,PHE-16
-135.191,149.564,ARG-17
-118.529,156.474,LEU-18
-153.46,-151.237,GLY-19
-145.739,174.555,PHE-20
-128.221,111.376,LEU-21
-80.8562,116.706,HIS-22
-126.324,15.3794,SER-23
95.0804,179.925,GLY-24
-120.805,2.34188,THR-25
-62.865,154.799,ALA-26
-63.5982,-21.2865,LYS-27
-68.9387,-16.2487,SER-28
-86.6193,127.724,VAL-29
-68.7892,-38.5032,THR-30
-147.158,141.846,CYS-31
-151.662,139.401,THR-32
-103.991,130.019,TYR-33
-110.917,98.195,SER-34
-50.213,-36.3606,PRO-35
-63.7733,-32.0957,ALA-36
-106.912,-9.89793,LEU-37
67.0908,50.9769,ASN-38
-155.225,124.077,LYS-39
-100.822,118.749,MET-40
-86.058,136.783,PHE-41
-137.139,160.164,CYS-42
-116.73,133.608,GLN-43
-61.7353,135.944,LEU-44
71.3657,17.3668,ALA-45
-132.198,164.815,LYS-46
-75.6587,119.169,THR-47
-106.017,84.477,CYS-48
-71.3077,137.798,PRO-49
-129.122,140.003,VAL-50
-100.605,137.105,GLN-51
-131.881,169.547,LEU-52
-157.689,156.499,TRP-53
-146.411,130.99,VAL-54
-76.9012,-24.4454,ASP-55
-140.292,129.23,SER-56
-67.5557,123.14,THR-57
-70.8967,167.249,PRO-58
-66.2235,166.355,PRO-59
-53.7721,148.489,PRO-60
69.7336,13.3303,GLY-61
-84.6457,165.985,THR-62
-152.936,172.787,ARG-63
-141.012,108.074,VAL-64
-83.8421,130.804,ARG-65
-114.424,140.152,ALA-66
-151.837,151.035,MET-67
-147.523,126.536,ALA-68
-102.471,148.552,ILE-69
-113.132,126.995,TYR-70
-114.999,142.138,LYS-71
-142.36,175.098,GLN-72
-65.7019,-1.40316,SER-73
-141.451,7.15545,GLN-74
-154.572,147.46,HIS-75
-130.576,-17.6226,MET-76
-124.319,3.8452,THR-77
-75.9296,151.982,GLU-78
-102.66,160.347,VAL-79
-71.9818,117.326,VAL-80
-143.412,158.427,ARG-81
-61.8168,154.815,ARG-82
-65.2861,155.805,CYS-83
-57.8897,-40.3702,PRO-84
-76.1059,-27.0851,HIS-85
-78.4907,-42.9255,HIS-86
-50.6252,-42.5421,GLU-87
-79.1536,0.723748,ARG-88
-101.156,145.914,CYS-89
-66.385,0.574414,SER-90
-74.7503,-39.8814,ASP-91
-77.6646,-12.3364,SER-92
-85.0793,135.528,ASP-93
175.427,-150.951,GLY-94
-64.5098,-45.6455,LEU-95
-86.4761,139.065,ALA-96
-57.1101,146.225,PRO-97
-46.1285,-8.77758,PRO-98
-102.023,-26.7583,GLN-99
-57.6554,98.2343,HIS-100
-61.3304,-48.6381,LEU-101
-87.9187,122.052,ILE-102
-142.562,163.524,ARG-103
-130.591,143.601,VAL-104
-113.757,176.081,GLU-105
68.1916,-42.1666,GLY-106
-84.4708,130.256,ASN-107
-87.8758,-52.2001,LEU-108
-77.3489,1.97693,ARG-109
-50.5739,139.852,VAL-110
-138.711,166.212,GLU-111
-125.277,123.927,TYR-112
-147.804,145.301,LEU-113
-84.3717,118.482,ASP-114
-45.7869,133.061,ASP-115
-71.4489,-28.6868,ARG-116
-88.3814,-51.0142,ASN-117
-96.0304,-5.81904,THR-118
73.134,-16.1554,PHE-119
-66.7487,142.437,ARG-120
-79.3202,153.473,HIS-121
-176.468,158.961,SER-122
-104.243,123.225,VAL-123
-118.601,103.084,VAL-124
-82.482,137.408,VAL-125
-77.105,143.383,PRO-126
-76.9249,126.628,TYR-127
-111.385,108.114,GLU-128
-73.4734,168.478,PRO-129
-84.636,146.349,PRO-130
-87.1492,167,GLU-131
-62.7192,124.605,VAL-132
96.2824,-24.7288,GLY-133
-65.2495,164.342,SER-134
-100.004,-38.8749,ASP-135
-151.362,160.21,CYS-136
-69.3348,140.743,THR-137
-140.451,125.981,THR-138
-101.924,129.996,ILE-139
-97.8224,91.7774,HIS-140
-71.6186,177.047,TYR-141
-164.032,121.269,ASN-142
-119.969,-175.837,TYR-143
-143.249,154.869,MET-144
-143.004,149.01,CYS-145
-118.368,99.0497,ASN-146
-69.9809,-20.9578,SER-147
-58.3362,-18.0507,SER-148
-70.1364,154.882,CYS-149
-58.3514,-24.4623,MET-150
76.3857,30.449,GLY-151
79.3075,-172.271,GLY-152
-77.6776,-22.1999,ILE-153
-150.925,117.221,ASN-154
-56.6535,124.231,ARG-155
-149.937,159.992,ARG-156
-71.1941,161.914,PRO-157
-112.288,139.556,ILE-158
-108.446,145.482,LEU-159
-104.34,148.763,THR-160
-122.648,115.008,ILE-161
-121.994,105.668,ILE-162
-112.021,136.624,THR-163
-71.7833,141.488,LEU-164
-153.056,144.778,GLU-165
-69.7405,157.55,ASP-166
-61.4228,-21.819,SER-167
-75.0002,-12.2287,SER-168
92.4374,6.44144,GLY-169
-69.6281,123.635,ASN-170
-77.8251,122.469,LEU-171
-100.911,-41.8888,LEU-172
-161.257,158.829,GLY-173
-143.527,144.674,ARG-174
-148.816,145.225,ASN-175
-149.934,132.728,SER-176
-151.284,168.724,PHE-177
-92.4137,152.146,GLU-178
-131.587,141.238,VAL-179
-132.37,113.909,ARG-180
-95.655,127.032,VAL-181
-154.798,165.579,CYS-182
-71.7127,-39.1519,ALA-183
-132.019,96.1169,CYS-184
-48.1875,-40.979,PRO-185
-66.5068,-39.7983,GLY-186
-58.2042,-53.2495,ARG-187
-63.3102,-40.537,ASP-188
-53.2435,-59.4993,ARG-189
-59.4834,-36.7697,ARG-190
-54.2861,-52.3411,THR-191
-88.6693,-33.4798,GLU-192
-88.7394,-36.2443,GLU-193
-71.8389,0.143201,GLU-194
-105.914,20.8431,ASN-195
-118.556,158.272,LEU-196
-56.5553,-52.7559,ARG-197
-65.6161,172.265,LYS-198
-88.9294,114.008,LYS-199
-121.6,167.727,GLY-200
-97.9682,137.896,GLU-201
-79.3879,-179.383,PRO-202
-174.719,150.946,HIS-203
-54.8608,121.779,HIS-204
-101.774,48.4174,GLU-205
-96.7484,-58.247,LEU-206
-80.1685,159.136,PRO-207
-61.4657,174.162,PRO-208
-64.3699,173.104,GLY-209
-82.6178,176.839,SER-210
-78.0851,173.198,THR-211
-66.5065,97.8783,LYS-212
59.8197,-173.137,ARG-213
-88.3613,150.502,ALA-214
-54.6323,-38.8148,LEU-215
-63.3419,149.747,PRO-216
-83.672,10.9862,ASN-217
-54.4809,107.402,ASN-218
-109.332,157.758,SER-2
-67.3609,166.5,SER-3
-88.1587,156.069,VAL-4
-73.1417,133.309,PRO-5
-82.4527,137.945,SER-6
-85.1063,-17.744,GLN-7
-59.4538,112.001,LYS-8
-70.6349,125.822,THR-9
-142.216,140.909,TYR-10
-86.6873,-39.9257,GLN-11
83.6906,-174.754,GLY-12
-63.5536,-18.8238,SER-13
-97.0217,-15.8685,TYR-14
76.733,37.5584,GLY-15
-64.2079,136.341,PHE-16
-155.853,147.015,ARG-17
-113.049,141.963,LEU-18
-123.156,119.948,GLY-19
-81.6155,150.253,PHE-20
-118.265,98.8191,LEU-21
-73.2973,104.355,HIS-22
-101.298,2.483,SER-23
126.883,-147.387,GLY-24
-143.105,-18.7256,THR-25
-64.3065,167.729,ALA-26
-63.956,-11.6913,LYS-27
-53.0707,-34.5482,SER-28
-87.9606,123.154,VAL-29
-84.0709,-29.4185,THR-30
-158.579,155.973,CYS-31
-141.152,125.653,THR-32
-95.884,138.831,TYR-33
-118.32,102.541,SER-34
-55.8726,-47.7134,PRO-35
-58.4243,-15.5757,ALA-36
-117.29,-4.51859,LEU-37
37.7451,49.8092,ASN-38
-140.95,136.542,LYS-39
-100.095,158.425,MET-40
-116.065,131.756,PHE-41
-123.349,150.856,CYS-42
-96.9059,126.753,GLN-43
-64.0062,137.694,LEU-44
64.4306,-11.4359,ALA-45
-98.8354,132.916,LYS-46
-61.2698,130.115,THR-47
-126.643,100.626,CYS-48
-76.8422,145.244,PRO-49
-137.872,137.781,VAL-50
-112.061,143.835,GLN-51
-127.094,141.717,LEU-52
-138.389,160.226,TRP-53
-127.147,146.741,VAL-54
-81.3147,-27.8919,ASP-55
-132.582,145.547,SER-56
-66.0221,119.164,THR-57
-81.9738,169.684,PRO-58
-66.0025,162.927,PRO-59
-56.6952,128.423,PRO-60
93.008,-3.12844,GLY-61
-55.3424,153.54,THR-62
-162.446,144.769,ARG-63
-98.3695,123.53,VAL-64
-102.376,138.531,ARG-65
-137.95,130.467,ALA-66
-155.147,157.6,MET-67
-156.798,140.535,ALA-68
-106.918,156.716,ILE-69
-137.154,151.847,TYR-70
-136.625,150.621,LYS-71
-135.509,-172.575,GLN-72
-85.771,31.3819,SER-73
-169.155,-44.3614,GLN-74
-91.8329,142.22,HIS-75
-144.303,-14.6587,MET-76
-96.5795,18.0657,THR-77
-73.3766,156.697,GLU-78
-124.579,145.658,VAL-79
-54.8935,113.19,VAL-80
-119.485,152.226,ARG-81
-51.115,142.938,ARG-82
-52.0877,152.695,CYS-83
-71.2002,-29.8911,PRO-84
-66.3504,-31.5605,HIS-85
-78.4608,-31.3429,HIS-86
-62.135,-33.4839,GLU-87
-106.586,35.1724,ARG-88
-123.804,153.968,CYS-89
-49.0122,-30.9969,SER-90
-83.1032,14.6989,ASP-91
-114.545,-6.76466,SER-92
-81.5998,142.8,ASP-93
-158.168,-139.062,GLY-94
-75.4694,-29.1152,LEU-95
-74.4365,136.309,ALA-96
-61.5226,148.686,PRO-97
-68.396,-25.8127,PRO-98
-58.4035,-45.5748,GLN-99
-61.3601,128.113,HIS-100
-91.6028,-49.2561,LEU-101
-77.8038,112.854,ILE-102
-118.769,178.583,ARG-103
-138.145,132.456,VAL-104
-92.0251,155.26,GLU-105
74.8273,-44.1694,GLY-106
-68.3368,95.3761,ASN-107
-49.0541,-38.1839,LEU-108
-83.3993,10.1435,ARG-109
-53.1085,149.07,VAL-110
-151.243,156.356,GLU-111
-121.171,117.44,TYR-112
-137.398,152.85,LEU-113
-74.2121,161.455,ASP-114
-93.3397,128.122,ASP-115
-83.6025,16.6735,ARG-116
-122.745,-25.2976,ASN-117
-134.979,-12.1156,THR-118
76.0085,-10.1529,PHE-119
-57.3118,142.503,ARG-120
-85.5729,159.556,HIS-121
-178.534,152.149,SER-122
-96.1329,117.412,VAL-123
-102.382,128.673,VAL-124
-124.309,141.977,VAL-125
-71.5478,149.634,PRO-126
-64.4246,102.818,TYR-127
-85.6406,93.9868,GLU-128
-63.3575,154.286,PRO-129
-81.7374,143.157,PRO-130
-92.6678,157.559,GLU-131
-49.5136,133.778,VAL-132
90.3634,-16.9543,GLY-133
-82.5984,140.859,SER-134
-96.3988,-23.7446,ASP-135
-143.366,171.529,CYS-136
-79.3276,126.988,THR-137
-112.175,141.253,THR-138
-112.889,133.501,ILE-139
-91.4574,76.4127,HIS-140
-65.758,168.079,TYR-141
-146.588,151.219,ASN-142
-135.801,177.278,TYR-143
-139.713,153.402,MET-144
-131.131,141.453,CYS-145
-114.076,142.474,ASN-146
-133.967,-3.32503,SER-147
-90.5759,-3.26379,SER-148
-82.0318,173.553,CYS-149
-75.5038,-36.4188,MET-150
89.5544,-9.27868,GLY-151
72.3569,-146.933,GLY-152
-85.8611,-26.7307,ILE-153
-167.343,99.3032,ASN-154
-68.5139,131.793,ARG-155
-155.503,152.4,ARG-156
-79.7904,166.061,PRO-157
-150.691,147.971,ILE-158
-126.16,146.38,LEU-159
-101.074,151.947,THR-160
-128.248,103.862,ILE-161
-99.5895,133.18,ILE-162
-138.276,150.613,THR-163
-93.1227,135.772,LEU-164
-136.534,161.03,GLU-165
-93.1117,162.611,ASP-166
-55.8418,-29.5324,SER-167
-72.9631,-3.57718,SER-168
83.1279,7.93673,GLY-169
-60.6044,128.285,ASN-170
-83.9917,120.176,LEU-171
-100.566,-25.1316,LEU-172
-172.428,164.481,GLY-173
-144.396,150.223,ARG-174
-146.283,134.175,ASN-175
-134.743,152.511,SER-176
-153.116,148.141,PHE-177
-64.7041,126.894,GLU-178
-91.6241,131.484,VAL-179
-127.567,124.158,ARG-180
-107.381,134.845,VAL-181
-154.866,-175.359,CYS-182
-84.2914,-38.4893,ALA-183
-125.032,91.8713,CYS-184
-37.9129,-39.8633,PRO-185
-65.6408,-37.8,GLY-186
-70.5332,-53.1498,ARG-187
-60.883,-40.1018,ASP-188
-49.8824,-64.1397,ARG-189
-47.8697,-41.9294,ARG-190
-64.1609,-47.202,THR-191
-93.904,-9.35716,GLU-192
-98.106,-44.161,GLU-193
-71.1161,0.2708,GLU-194
-75.6456,-17.3134,ASN-195
-76.4365,177.665,LEU-196
-103.603,-47.8079,ARG-197
-40.9357,147.943,LYS-198
-55.9149,153.065,LYS-199
-142.593,166.372,GLY-200
-98.1447,132.045,GLU-201
-78.6679,167.52,PRO-202
-159.593,127.279,HIS-203
-60.7209,134.64,HIS-204
-88.3994,20.8811,GLU-205
-49.7906,-46.028,LEU-206
-79.0294,168.535,PRO-207
-69.8425,177.282,PRO-208
-67.3791,154.678,GLY-209
-69.5298,144.648,SER-210
-67.7498,147.43,THR-211
-52.7823,97.0712,LYS-212
73.4419,170.495,ARG-213
-55.0362,139.887,ALA-214
-57.053,-31.6929,LEU-215
-62.9307,145.521,PRO-216
-102.956,38.8418,ASN-217
-60.7572,116.141,ASN-218
-63.5778,126.004,SER-2
-52.1289,165.011,SER-3
-98.215,124.552,VAL-4
-54.196,143.745,PRO-5
-73.0218,149.597,SER-6
-95.1657,-19.946,GLN-7
-61.0043,138.363,LYS-8
-83.2115,130.254,THR-9
-158.146,152.611,TYR-10
-108.626,-24.6471,GLN-11
71.979,-175.06,GLY-12
-64.8076,16.1078,SER-13
-135.388,-33.2737,TYR-14
100.852,37.4868,GLY-15
-76.2635,105.313,PHE-16
-120.658,162.028,ARG-17
-142.408,144.993,LEU-18
-150.469,157.707,GLY-19
-114.487,107.688,PHE-20
-49.6043,119.09,LEU-21
-68.7742,116.563,HIS-22
-116.001,-2.11834,SER-23
131.655,-166.554,GLY-24
-113.01,-23.2232,THR-25
-50.5831,143.161,ALA-26
-50.6652,-21.6974,LYS-27
-73.7195,-33.6709,SER-28
-63.265,128.143,VAL-29
-77.4866,-13.9554,THR-30
-155.302,158.284,CYS-31
-159.923,153.956,THR-32
-126.476,132.413,TYR-33
-102.94,101.608,SER-34
-56.6843,-38.3294,PRO-35
-77.097,-2.18261,ALA-36
-111.648,-15.3078,LEU-37
47.9858,54.1639,ASN-38
-134.504,132.606,LYS-39
-95.9583,140.493,MET-40
-119.009,120.081,PHE-41
-120.391,147.878,CYS-42
-91.0366,118.958,GLN-43
-47.6734,139.714,LEU-44
71.5263,-26.588,ALA-45
-83.687,164.273,LYS-46
-80.7082,133.016,THR-47
-130.053,108.871,CYS-48
-67.1929,141.79,PRO-49
-129.343,132.149,VAL-50
-101.14,137.029,GLN-51
-136.946,155.871,LEU-52
-158.682,156.388,TRP-53
-143.923,149.978,VAL-54
-99.3645,-38.5223,ASP-55
-122.462,119.697,SER-56
-56.4834,121.093,THR-57
-71.2537,146.102,PRO-58
-63.7176,162.806,PRO-59
-54.0584,126.883,PRO-60
97.692,-8.05788,GLY-61
-66.5627,163.791,THR-62
-162.394,154.972,ARG-63
-104.785,117.918,VAL-64
-112.904,124.965,ARG-65
-112.64,140.945,ALA-66
-147.926,158.771,MET-67
-150.448,129.107,ALA-68
-118.327,143.294,ILE-69
-130.479,141.491,TYR-70
-144.899,154.281,LYS-71
-139.903,174.911,GLN-72
-70.2254,16.4327,SER-73
-151.581,-52.825,GLN-74
-91.9143,145.287,HIS-75
-141.783,0.853577,MET-76
-113.581,10.2704,THR-77
-77.0468,166.454,GLU-78
-114.442,148.482,VAL-79
-69.5883,125.303,VAL-80
-153.687,157.056,ARG-81
-61.3429,133.993,ARG-82
-58.5634,149.107,CYS-83
-57.5016,-29.1287,PRO-84
-75.1666,-35.1341,HIS-85
-71.2369,-26.7945,HIS-86
-60.4609,-36.1589,GLU-87
-78.9996,-22.146,ARG-88
-83.957,164.656,CYS-89
-76.5098,-28.2634,SER-90
-66.8557,-16.9231,ASP-91
-88.9193,-14.5517,SER-92
-65.5535,110.647,ASP-93
-114.57,-158.669,GLY-94
-71.7618,-38.2258,LEU-95
-48.4094,133.97,ALA-96
-49.3089,139.299,PRO-97
-72.7809,-1.28786,PRO-98
-68.9522,-43.4716,GLN-99
-61.1839,120.413,HIS-100
-83.6888,-42.7348,LEU-101
-84.7372,118.014,ILE-102
-127.203,170.151,ARG-103
-121.488,135.2,VAL-104
-105.279,159.962,GLU-105
73.6701,-24.8225,GLY-106
-94.4499,135.956,ASN-107
-117.02,-26.8478,LEU-108
-44.9333,-29.3736,ARG-109
-36.3429,132.534,VAL-110
-149.894,167.009,GLU-111
-134.594,110.127,TYR-112
-134.116,156.815,LEU-113
-93.4093,131.716,ASP-114
-48.1979,127.92,ASP-115
-51.4992,-32.9935,ARG-116
-108.915,-25.7744,ASN-117
-127.602,-12.7422,THR-118
62.8445,3.79543,PHE-119
-67.0183,119.576,ARG-120
-65.3008,143.369,HIS-121
-156.322,161.589,SER-122
-103.685,135.291,VAL-123
-128.104,132.47,VAL-124
-135.223,156.27,VAL-125
-62.2506,160.569,PRO-126
-83.879,107.967,TYR-127
-98.6923,106.521,GLU-128
-67.125,144.758,PRO-129
-82.1528,151.37,PRO-130
-91.7319,159.022,GLU-131
-58.7642,130.778,VAL-132
95.1606,0.645669,GLY-133
-101.349,129.375,SER-134
-59.6155,-24.23,ASP-135
-162.666,174.244,CYS-136
-71.75,135.44,THR-137
-125.104,139.235,THR-138
-120.848,128.67,ILE-139
-94.4768,114.119,HIS-140
-96.1031,169.67,TYR-141
-150.105,141.57,ASN-142
-141.24,165.695,TYR-143
-140.351,161.227,MET-144
-148.419,142.389,CYS-145
-128.883,100.016,ASN-146
-81.8125,-18.5177,SER-147
-75.7242,-7.64178,SER-148
-60.9171,-169.346,CYS-149
-85.4977,-53.6349,MET-150
112.508,-20.8252,GLY-151
71.4201,-161.263,GLY-152
-58.8453,-40.4101,ILE-153
-163.45,103.174,ASN-154
-56.262,113.752,ARG-155
-129.091,172.287,ARG-156
-82.8523,155.684,PRO-157
-133.66,150.361,ILE-158
-131.528,150.032,LEU-159
-127.807,152.053,THR-160
-125.54,129.342,ILE-161
-117.551,120.972,ILE-162
-117.808,133.311,THR-163
-75.6556,130.605,LEU-164
-133.883,158.655,GLU-165
-84.5921,155.849,ASP-166
-62.8812,-12.8127,SER-167
-87.9361,-17.8592,SER-168
113.57,-18.1452,GLY-169
-49.578,119.81,ASN-170
-87.4383,116.163,LEU-171
-95.7691,-25.9725,LEU-172
-168.821,172.813,GLY-173
-156.816,145.816,ARG-174
-138.894,142.653,ASN-175
-143.279,148.73,SER-176
-165.034,146.084,PHE-177
-67.5727,154.911,GLU-178
-130.573,162.699,VAL-179
-163.532,130.589,ARG-180
-103.023,136.621,VAL-181
-153.52,174.584,CYS-182
-82.8384,-31.933,ALA-183
-132.622,89.9667,CYS-184
-50.0924,-45.8813,PRO-185
-69.6893,-40.407,GLY-186
-57.5541,-49.9842,ARG-187
-72.9574,-43.9214,ASP-188
-49.976,-56.9896,ARG-189
-50.1604,-42.8334,ARG-190
-51.5625,-52.592,THR-191
-97.6054,-24.6957,GLU-192
-80.8305,-24.9992,GLU-193
-77.0218,-9.85393,GLU-194
-73.192,-20.1271,ASN-195
-83.0009,157.051,LEU-196
-72.6519,-34.2433,ARG-197
-66.4664,131.808,LYS-198
-59.6559,152.289,LYS-199
-139.043,166.779,GLY-200
-94.071,144.392,GLU-201
-82.4349,154.034,PRO-202
-163.604,159.12,HIS-203
-40.1083,137.808,HIS-204
-118.001,13.4435,GLU-205
-63.5963,-48.5606,LEU-206
-75.5705,151.02,PRO-207
-69.282,-154.861,PRO-208
-97.5226,142.495,GLY-209
-67.8708,153.188,SER-210
-45.1307,140.218,THR-211
-56.9223,110.053,LYS-212
67.4965,171.951,ARG-213
-64.3859,153.763,ALA-214
-77.1017,-34.7148,LEU-215
-52.031,136.416,PRO-216
-82.5092,21.2623,ASN-217
-43.6415,147.959,ASN-218
-43.97,135.084,SER-2
-74.6139,159.946,SER-3
-79.2235,145.549,VAL-4
-79.7725,173.454,PRO-5
-119.164,156.165,SER-6
-108.667,-12.8968,GLN-7
-61.6801,102.153,LYS-8
-56.7578,134.907,THR-9
-159.482,153.474,TYR-10
-87.6285,-39.3445,GLN-11
74.6884,172.748,GLY-12
-60.2308,-19.358,SER-13
-93.889,-27.8358,TYR-14
102.329,16.08,GLY-15
-37.4916,122.961,PHE-16
-148.427,154.74,ARG-17
-124.297,139.737,LEU-18
-153.976,168.034,GLY-19
-134.958,138.295,PHE-20
-85.22,117.357,LEU-21
-81.6936,90.0883,HIS-22
-89.0397,5.82484,SER-23
108.079,-144.721,GLY-24
-141.026,-15.856,THR-25
-55.3191,147.423,ALA-26
-44.2446,-30.3847,LYS-27
-47.713,-29.7392,SER-28
-77.0013,133.186,VAL-29
-79.2087,-35.9209,THR-30
-151.775,153.707,CYS-31
-147.984,149.668,THR-32
-125.119,127.92,TYR-33
-105.75,110.446,SER-34
-63.7408,-42.1324,PRO-35
-74.2147,-0.103228,ALA-36
-111.429,-5.77459,LEU-37
40.0295,49.536,ASN-38
-135.682,131.083,LYS-39
-92.4269,151.003,MET-40
-115.777,113.433,PHE-41
-98.2393,167.341,CYS-42
-101.609,132.28,GLN-43
-52.9883,121.775,LEU-44
59.486,10.9064,ALA-45
-91.9015,174.445,LYS-46
-101.307,126.141,THR-47
-122.36,96.8199,CYS-48
-68.3047,146.077,PRO-49
-125.94,145.72,VAL-50
-121.652,135.82,GLN-51
-139.685,149.294,LEU-52
-141.56,164.143,TRP-53
-131.849,154.071,VAL-54
-82.903,-26.5256,ASP-55
-140.734,131.188,SER-56
-62.3202,129.81,THR-57
-85.9226,163.656,PRO-58
-66.8367,154.002,PRO-59
-60.68,152.144,PRO-60
87.1621,-18.4368,GLY-61
-51.1433,136.54,THR-62
-135.39,171.093,ARG-63
-120.258,148.73,VAL-64
-133.699,121.324,ARG-65
-104.8,124.276,ALA-66
-129.756,156.289,MET-67
-151.762,139.789,ALA-68
-114.26,151.191,ILE-69
-132.354,85.5275,TYR-70
-68.4785,149.826,LYS-71
-135.104,-178.783,GLN-72
-74.23,9.21631,SER-73
-164.299,-49.4433,GLN-74
-82.7273,136.547,HIS-75
-128.142,9.46336,MET-76
-120.345,3.46534,THR-77
-82.9394,148.938,GLU-78
-98.3917,162.364,VAL-79
-69.8035,133.47,VAL-80
-149.636,159.498,ARG-81
-66.9549,128.637,ARG-82
-63.7893,155.336,CYS-83
-59.2558,-33.9576,PRO-84
-55.7187,-51.8074,HIS-85
-73.625,-8.25462,HIS-86
-76.6848,-42.15,GLU-87
-71.097,-12.3001,ARG-88
-85.505,150.36,CYS-89
-76.2584,-18.4631,SER-90
-80.3648,-18.5793,ASP-91
-88.8677,-23.1041,SER-92
-61.3869,142.922,ASP-93
-177.921,-151.619,GLY-94
-55.0188,-40.4222,LEU-95
-81.21,119.94,ALA-96
-53.2704,154.791,PRO-97
-67.8433,-20.1203,PRO-98
-69.8336,-25.1977,GLN-99
-70.2937,124.475,HIS-100
-75.0273,-46.8951,LEU-101
-88.1309,135.745,ILE-102
-155.924,167.033,ARG-103
-138.952,131.42,VAL-104
-113.493,156.178,GLU-105
88.1804,-32.4322,GLY-106
-92.3343,120.331,ASN-107
-93.1944,-17.5231,LEU-108
-88.5656,-5.93515,ARG-109
-27.4797,142.972,VAL-110
-164.804,-178.588,GLU-111
-144.068,99.1258,TYR-112
-126.744,135.384,LEU-113
-57.6007,145.455,ASP-114
-71.7265,128.15,ASP-115
-43.9904,-32.0676,ARG-116
-108,-40.5824,ASN-117
-103.614,-12.495,THR-118
64.087,2.00552,PHE-119
-55.0291,123.699,ARG-120
-70.3431,146.807,HIS-121
-160.971,146.265,SER-122
-74.747,138.616,VAL-123
-128.436,146.713,VAL-124
-138.936,143.043,VAL-125
-68.6972,134.215,PRO-126
-62.91,113.708,TYR-127
-91.2248,127.627,GLU-128
-77.3329,135.92,PRO-129
-65.0892,151.275,PRO-130
-81.3846,151.685,GLU-131
-59.5687,119.825,VAL-132
105.23,-29.6307,GLY-133
-73.46,129.307,SER-134
-81.8542,-0.91208,ASP-135
-169.096,158.165,CYS-136
-66.6293,134.522,THR-137
-124.058,140.482,THR-138
-131.597,140.032,ILE-139
-119.67,70.5083,HIS-140
-61.8292,144.551,TYR-141
-122.602,127.297,ASN-142
-121.909,-178.348,TYR-143
-153.907,146.876,MET-144
-126.163,115.359,CYS-145
-87.3277,109.993,ASN-146
-82.1736,-42.0021,SER-147
-77.4243,0.36427,SER-148
-71.3633,163.244,CYS-149
-75.8791,-20.7536,MET-150
73.5862,0.6185,GLY-151
75.1712,-102.224,GLY-152
-126.117,-8.06398,ILE-153
-173.245,112.638,ASN-154
-74.1794,128.567,ARG-155
-150.789,159.14,ARG-156
-74.4543,167.056,PRO-157
-134.743,137.722,ILE-158
-78.8607,137.341,LEU-159
-101.261,148.64,THR-160
-119.479,135.557,ILE-161
-135.604,124.644,ILE-162
-124.708,136.866,THR-163
-74.501,125.096,LEU-164
-145.628,152.637,GLU-165
-82.3686,156.081,ASP-166
-48.4331,-38.1534,SER-167
-79.0368,-15.0659,SER-168
110.981,16.1612,GLY-169
-84.9443,131.366,ASN-170
-88.3545,116.903,LEU-171
-101.9,-36.9077,LEU-172
-164.228,161.9,GLY-173
-147.094,147.313,ARG-174
-146.025,149.229,ASN-175
-150.745,133.89,SER-176
-163.691,161.235,PHE-177
-90.5111,139.411,GLU-178
-120.891,152.536,VAL-179
-148.866,131.656,ARG-180
-101.658,122.014,VAL-181
-134.947,-165.861,CYS-182
-90.8021,-39.7394,ALA-183
-130.187,90.4309,CYS-184
-47.4704,-32.7579,PRO-185
-67.6726,-31.8053,GLY-186
-86.9378,-49.8464,ARG-187
-51.4339,-45.2788,ASP-188
-60.9777,-61.0141,ARG-189
-46.0388,-44.3665,ARG-190
-60.4168,-46.8223,THR-191
-81.7782,-41.4603,GLU-192
-78.6941,-44.8149,GLU-193
-65.1798,0.413322,GLU-194
-72.8495,-18.1069,ASN-195
-97.9778,153.435,LEU-196
-77.7034,-23.9808,ARG-197
-73.2779,129.708,LYS-198
-59.7192,136.038,LYS-199
-120.568,-169.828,GLY-200
-90.9231,117.808,GLU-201
-75.2509,136.535,PRO-202
-142.382,154.741,HIS-203
-42.1609,139.829,HIS-204
-121.153,-18.6375,GLU-205
-66.743,-36.6965,LEU-206
-75.4716,137.924,PRO-207
-71.9065,-179.017,PRO-208
-81.1132,157.38,GLY-209
-69.2557,147.684,SER-210
-67.8828,166.703,THR-211
-63.9972,104.4,LYS-212
70.5591,162.257,ARG-213
-65.093,153.629,ALA-214
-78.8539,-7.10728,LEU-215
-66.6726,145.11,PRO-216
-81.5165,-6.0096,ASN-217
-19.1593,119.564,ASN-218
-59.7229,144.034,SER-2
-72.395,172.239,SER-3
-95.5136,115.91,VAL-4
-73.8827,144.195,PRO-5
-82.9212,154.743,SER-6
-97.576,-16.9782,GLN-7
-57.4266,130.536,LYS-8
-79.2147,154.254,THR-9
-174.155,143.524,TYR-10
-90.2214,-8.03359,GLN-11
69.4895,-158.681,GLY-12
-81.9233,-5.81024,SER-13
-109.214,-19.8693,TYR-14
96.2563,8.05935,GLY-15
-54.6258,101.716,PHE-16
-125.43,152.643,ARG-17
-126.145,139.017,LEU-18
-143.367,155.568,GLY-19
-106.429,124.289,PHE-20
-81.3598,106.558,LEU-21
-71.8045,126.65,HIS-22
-131.98,15.8779,SER-23
110.731,-154.284,GLY-24
-160.267,2.31645,THR-25
-65.4666,164.775,ALA-26
-67.1477,-10.1052,LYS-27
-65.067,-38.1732,SER-28
-82.1067,130.782,VAL-29
-86.8382,-14.2021,THR-30
-161.689,148.805,CYS-31
-147.959,162.174,THR-32
-131.682,128.047,TYR-33
-99.8001,115.199,SER-34
-75.1749,-28.2231,PRO-35
-77.3475,12.0979,ALA-36
-143.703,-14.675,LEU-37
52.1556,41.1667,ASN-38
-124.735,126.342,LYS-39
-96.0614,122.582,MET-40
-101.046,122.466,PHE-41
-128.085,138.871,CYS-42
-79.0175,125.414,GLN-43
-46.4796,136.373,LEU-44
66.5483,17.4666,ALA-45
-134.726,160.468,LYS-46
-77.1816,126.91,THR-47
-110.419,115.054,CYS-48
-87.869,136.578,PRO-49
-132.802,137.902,VAL-50
-107.126,131.533,GLN-51
-129.774,144.307,LEU-52
-144.54,157.021,TRP-53
-120.293,-159.053,VAL-54
-132.148,-43.6223,ASP-55
-117.021,140.046,SER-56
-88.6011,118.672,THR-57
-70.6997,174.82,PRO-58
-68.8008,166.46,PRO-59
-75.232,130.998,PRO-60
96.6297,-2.19035,GLY-61
-62.9103,146.336,THR-62
-130.776,161.465,ARG-63
-108.345,124.856,VAL-64
-102.301,123.283,ARG-65
-111.744,137.924,ALA-66
-146.591,153.826,MET-67
-158.548,123.38,ALA-68
-94.8805,150.737,ILE-69
-123.521,94.815,TYR-70
-72.2974,148.35,LYS-71
-140.459,148.343,GLN-72
-64.3583,-10.366,SER-73
-118.935,4.48311,GLN-74
-152.416,140.35,HIS-75
-117.536,-9.88004,MET-76
-105.478,-5.59161,THR-77
-83.6381,158.746,GLU-78
-117.13,166.352,VAL-79
-69.73,141.281,VAL-80
-165.414,153.795,ARG-81
-68.1115,137.281,ARG-82
-49.2982,153.804,CYS-83
-50.5022,-43.6745,PRO-84
-51.6579,-51.4134,HIS-85
-73.9523,-21.5176,HIS-86
-68.013,-31.8132,GLU-87
-63.8869,-39.1681,ARG-88
-87.4638,138.016,CYS-89
-44.2073,-28.2796,SER-90
-51.9149,-22.6435,ASP-91
-110.562,-15.8773,SER-92
-98.4866,121.181,ASP-93
-162.979,-138.661,GLY-94
-71.0559,-43.9649,LEU-95
-72.2803,139.904,ALA-96
-49.6724,144.939,PRO-97
-66.0152,-15.5503,PRO-98
-69.2119,-29.9872,GLN-99
-77.2298,125.386,HIS-100
-96.273,-27.7829,LEU-101
-97.3372,125.066,ILE-102
-136.56,179.99,ARG-103
-142.785,115.642,VAL-104
-103.728,152.702,GLU-105
69.6683,-4.77995,GLY-106
-98.3848,133.052,ASN-107
-96.7889,-35.3142,LEU-108
-72.7098,-5.33279,ARG-109
-54.1939,146.664,VAL-110
-150.957,174.966,GLU-111
-142.564,102.864,TYR-112
-139.546,156.147,LEU-113
-71.3826,143.7,ASP-114
-69.8756,142.843,ASP-115
-70.0281,-31.7572,ARG-116
-79.8978,-59.3086,ASN-117
-100.914,-6.86385,THR-118
75.7556,-13.361,PHE-119
-51.4823,114.807,ARG-120
-67.8562,155.053,HIS-121
-171.512,153.211,SER-122
-92.7107,116.056,VAL-123
-116.366,136.872,VAL-124
-147.218,152.397,VAL-125
-51.6366,164.191,PRO-126
-90.8562,130.76,TYR-127
-133.707,104.264,GLU-128
-45.4728,139.135,PRO-129
-66.1773,154.864,PRO-130
-74.1218,149.155,GLU-131
-56.3081,120.248,VAL-132
84.6137,16.0651,GLY-133
-106.666,157.989,SER-134
-85.1549,-51.1201,ASP-135
-151.215,158.008,CYS-136
-53.0674,131.709,THR-137
-138.595,134.374,THR-138
-110.705,120.755,ILE-139
-92.4416,72.3653,HIS-140
-61.8266,163.877,TYR-141
-146.411,138.875,ASN-142
-130.22,162.964,TYR-143
-131.515,156.559,MET-144
-137.852,138.469,CYS-145
-100.712,98.3518,ASN-146
-75.9394,-30.0678,SER-147
-82.4752,13.5427,SER-148
-69.8953,172.116,CYS-149
-80.0147,-38.668,MET-150
101.414,-9.54362,GLY-151
92.7962,-141.039,GLY-152
-108.704,-18.6027,ILE-153
-158.244,129.106,ASN-154
-79.6585,121.551,ARG-155
-151.51,157.281,ARG-156
-77.1994,166.484,PRO-157
-129.979,153.427,ILE-158
-109.648,160.89,LEU-159
-128.325,151.589,THR-160
-116.634,113.742,ILE-161
-102.602,135.465,ILE-162
-137.663,147.32,THR-163
-104.02,130.802,LEU-164
-151.904,147.143,GLU-165
-97.7742,164.269,ASP-166
-47.2093,-22.467,SER-167
-83.9464,-8.04194,SER-168
79.1158,1.71778,GLY-169
-60.4355,135.967,ASN-170
-76.3433,125.78,LEU-171
-96.2172,-54.4956,LEU-172
-153.303,161.723,GLY-173
-143.074,145.017,ARG-174
-145.838,139.024,ASN-175
-145.709,147.668,SER-176
-153.279,155.712,PHE-177
-80.1881,152.631,GLU-178
-118.265,134.69,VAL-179
-119.646,121.439,ARG-180
-102.311,134.316,VAL-181
-159.924,-164.846,CYS-182
-95.8988,-21.3319,ALA-183
-137.361,65.3786,CYS-184
-37.1182,-39.3776,PRO-185
-73.9202,-23.9245,GLY-186
-71.6795,-55.7724,ARG-187
-59.0022,-37.4481,ASP-188
-61.72,-61.3771,ARG-189
-53.5716,-29.4595,ARG-190
-68.4346,-46.9098,THR-191
-78.2867,-42.2549,GLU-192
-85.233,-27.2591,GLU-193
-79.1146,4.09195,GLU-194
-73.3651,-27.5883,ASN-195
-69.2931,152.946,LEU-196
-73.6704,-34.7555,ARG-197
-78.8843,151.765,LYS-198
-57.0424,135.431,LYS-199
-113.473,-167.997,GLY-200
-108.171,147.999,GLU-201
-79.489,-165.106,PRO-202
161.749,156.579,HIS-203
-43.5137,135.488,HIS-204
-121.512,-2.41516,GLU-205
-79.8485,-48.256,LEU-206
-70.1385,151.61,PRO-207
-73.3489,175.923,PRO-208
-85.7558,176.167,GLY-209
-80.4971,144.975,SER-210
-52.1586,166.765,THR-211
-81.3414,122.837,LYS-212
65.368,142.004,ARG-213
-61.5251,158.122,ALA-214
-65.7698,-24.5577,LEU-215
-50.1911,151.79,PRO-216
-81.6861,13.8459,ASN-217
-44.7171,130.518,ASN-218
-62.2603,170.33,SER-2
-59.9163,153.468,SER-3
-84.4432,125.509,VAL-4
-59.4628,148.05,PRO-5
-104.933,149.316,SER-6
-100.882,-12.3643,GLN-7
-55.1575,115.115,LYS-8
-64.2034,133.312,THR-9
-151.271,159.217,TYR-10
-115.165,-20.7881,GLN-11
66.9431,-155.147,GLY-12
-69.4314,-25.8714,SER-13
-96.1698,-14.9038,TYR-14
73.9415,15.0581,GLY-15
-49.8249,105.805,PHE-16
-125.027,160.076,ARG-17
-139.144,136.56,LEU-18
-139.2,-165.269,GLY-19
-155.13,147.761,PHE-20
-107.055,120.77,LEU-21
-77.1533,132.974,HIS-22
-133.168,16.7221,SER-23
108.631,-175.122,GLY-24
-132.039,-15.2947,THR-25
-54.0392,156.468,ALA-26
-62.0845,-13.4072,LYS-27
-64.6522,-18.7817,SER-28
-86.7104,138.531,VAL-29
-87.9489,-19.5834,THR-30
-160.739,168.22,CYS-31
-162.507,146.783,THR-32
-128.701,138.444,TYR-33
-111.877,100.351,SER-34
-60.0457,-19.4681,PRO-35
-86.3454,-8.67818,ALA-36
-118.922,-4.85487,LEU-37
49.2903,39.2892,ASN-38
-125.744,126.297,LYS-39
-93.5855,142.468,MET-40
-115.242,123.283,PHE-41
-115.49,142.189,CYS-42
-85.7826,136.123,GLN-43
-60.8988,148.402,LEU-44
58.2102,-1.84566,ALA-45
-78.1001,160.524,LYS-46
-66.4014,132.603,THR-47
-144.255,92.1691,CYS-48
-90.9585,160.945,PRO-49
-119.533,142.659,VAL-50
-112.981,140.54,GLN-51
-149.147,142.88,LEU-52
-139.632,157.237,TRP-53
-147.357,146.1,VAL-54
-104.357,-2.33967,ASP-55
-163.275,141.446,SER-56
-77.217,122.34,THR-57
-74.3315,155.289,PRO-58
-67.2573,166.093,PRO-59
-55.9948,130.769,PRO-60
94.4955,0.661096,GLY-61
-66.434,146.137,THR-62
-151.147,169.053,ARG-63
-117.354,134.161,VAL-64
-116.267,136.947,ARG-65
-110.363,138.926,ALA-66
-136.173,155.77,MET-67
-148.155,135.377,ALA-68
-99.5051,156.902,ILE-69
-130.079,86.3429,TYR-70
-69.0989,134.403,LYS-71
-127.965,164.861,GLN-72
-58.8109,-34.4203,SER-73
-106.113,11.1865,GLN-74
-140.675,103.002,HIS-75
-89.5941,-32.854,MET-76
-90.2386,-6.99569,THR-77
-60.273,156.694,GLU-78
-122.662,158.093,VAL-79
-65.043,122.235,VAL-80
-136.468,172.909,ARG-81
-73.5956,148.268,ARG-82
-60.4646,148.994,CYS-83
-51.3364,-55.6121,PRO-84
-53.4992,-22.5628,HIS-85
-103.348,-13.8336,HIS-86
-81.6291,-28.2778,GLU-87
-75.1916,-35.4548,ARG-88
-91.78,170.632,CYS-89
-79.4372,-9.92118,SER-90
-75.7085,-10.2267,ASP-91
-103.813,-15.4584,SER-92
-90.5075,103.389,ASP-93
-130.969,-133.707,GLY-94
-83.8383,-34.002,LEU-95
-69.614,142.585,ALA-96
-51.8514,141.107,PRO-97
-61.503,-19.7226,PRO-98
-44.5366,-41.91,GLN-99
-64.8083,118.531,HIS-100
-86.8889,-39.513,LEU-101
-94.8788,111.843,ILE-102
-118.97,165.846,ARG-103
-125.318,136.529,VAL-104
-84.4415,147.093,GLU-105
65.2479,0.987677,GLY-106
-80.811,164.441,ASN-107
-118.833,-46.6952,LEU-108
-74.9993,-10.9903,ARG-109
-36.5392,134.78,VAL-110
-152.884,157.154,GLU-111
-122.305,107.483,TYR-112
-126.01,155.634,LEU-113
-72.0032,149.477,ASP-114
-79.7094,133.705,ASP-115
-58.0977,-36.2214,ARG-116
-80.3011,-45.5232,ASN-117
-120.072,-1.48643,THR-118
60.5861,14.286,PHE-119
-86.2038,104.628,ARG-120
-46.4266,138.799,HIS-121
-165.044,-175.349,SER-122
-121.058,135.745,VAL-123
-121.975,130.612,VAL-124
-133.957,133.288,VAL-125
-63.9263,139.775,PRO-126
-76.1637,110.704,TYR-127
-98.285,110.731,GLU-128
-55.3833,136.651,PRO-129
-71.0918,136.215,PRO-130
-67.4882,175.313,GLU-131
-69.3204,120.131,VAL-132
96.4188,-1.09265,GLY-133
-84.1599,167.457,SER-134
-103.103,-30.5236,ASP-135
-162.184,166.796,CYS-136
-71.5676,137.067,THR-137
-136.285,131.208,THR-138
-116.417,138.816,ILE-139
-108.072,69.2042,HIS-140
-63.0899,164.925,TYR-141
-148.673,142.772,ASN-142
-140.075,-172.952,TYR-143
-146.302,152.883,MET-144
-148.803,104.229,CYS-145
-97.26,112.482,ASN-146
-81.2793,-28.8803,SER-147
-57.5299,0.451908,SER-148
-62.3536,157.203,CYS-149
-91.6366,-16.6864,MET-150
80.8157,-7.18295,GLY-151
81.3188,-95.9981,GLY-152
-141.032,-21.4201,ILE-153
-157.552,121.678,ASN-154
-83.6704,134.856,ARG-155
-154.65,160.838,ARG-156
-89.2032,160.73,PRO-157
-115.122,165.115,ILE-158
-128.283,139.269,LEU-159
-114.009,139.203,THR-160
-116.586,128.196,ILE-161
-119.05,126.116,ILE-162
-130.318,131.509,THR-163
-79.4904,132.315,LEU-164
-133.403,157.21,GLU-165
-74.5676,146.15,ASP-166
-55.3731,-31.9874,SER-167
-70.4357,-16.5171,SER-168
103.894,8.3556,GLY-169
-81.5263,118.749,ASN-170
-64.8523,143.424,LEU-171
-128.75,-15.7905,LEU-172
-174.685,160.21,GLY-173
-162.157,137.315,ARG-174
-132.567,147.422,ASN-175
-125.153,153.515,SER-176
-156.646,146.665,PHE-177
-67.3619,144.783,GLU-178
-127.842,127,VAL-179
-122.5,120.7,ARG-180
-109.365,139.147,VAL-181
-165.58,-177.735,CYS-182
-89.423,-39.1103,ALA-183
-140.469,105.134,CYS-184
-49.7759,-46.6077,PRO-185
-59.1206,-48.7029,GLY-186
-56.1265,-65.4651,ARG-187
-51.2213,-47.932,ASP-188
-56.6717,-63.2493,ARG-189
-56.8193,-40.0899,ARG-190
-55.9984,-43.2248,THR-191
-87.4049,-22.7895,GLU-192
-109.725,-18.6955,GLU-193
-69.9087,-21.4161,GLU-194
-61.2185,-28.4887,ASN-195
-77.2959,162.389,LEU-196
-71.1842,-38.4671,ARG-197
-74.9143,160.718,LYS-198
-75.0527,128.575,LYS-199
-118.721,-166.544,GLY-200
-109.059,145.722,GLU-201
-79.2993,-175.619,PRO-202
-176.548,148.413,HIS-203
-43.7893,112.581,HIS-204
-97.7666,-9.87541,GLU-205
-67.1515,-35.7144,LEU-206
-74.8807,148.614,PRO-207
-71.72,158.457,PRO-208
-71.3014,156.201,GLY-209
-73.4488,143.24,SER-210
-54.2137,159.783,THR-211
-69.3437,95.5517,LYS-212
79.101,171.982,ARG-213
-53.9979,165.86,ALA-214
-84.9328,-40.7126,LEU-215
-60.4402,139.089,PRO-216
-85.5176,32.7231,ASN-217
-58.767,125.578,ASN-218
-86.7823,137.636,SER-2
-62.4653,153.517,SER-3
-78.6406,137.407,VAL-4
-61.2169,140.822,PRO-5
-105.536,140.986,SER-6
-77.8422,-29.5368,GLN-7
-53.1396,124.381,LYS-8
-72.0742,114.008,THR-9
-132.863,140.29,TYR-10
-78.5519,-33.9978,GLN-11
75.6783,-158.209,GLY-12
-71.1139,-37.1468,SER-13
-79.5163,-2.89775,TYR-14
66.082,23.8972,GLY-15
-62.035,130.815,PHE-16
-164.474,159.36,ARG-17
-143.143,147.619,LEU-18
-160.958,159.526,GLY-19
-113.178,160.446,PHE-20
-117.269,131.557,LEU-21
-77.2529,116.009,HIS-22
-121.704,0.449152,SER-23
112.624,-171.783,GLY-24
-130.141,-5.04785,THR-25
-71.7877,156.575,ALA-26
-39.1524,-32.5978,LYS-27
-69.3592,-34.6892,SER-28
-63.0227,148.842,VAL-29
-100.819,-28.098,THR-30
-145.837,151.417,CYS-31
-151.028,158.336,THR-32
-141.332,142.618,TYR-33
-107.691,112.032,SER-34
-51.8387,-40.2194,PRO-35
-70.6455,-14.7283,ALA-36
-108.112,-15.4799,LEU-37
45.8901,56.7672,ASN-38
-130.548,134.668,LYS-39
-107.086,141.361,MET-40
-116.078,116.417,PHE-41
-122.901,133.221,CYS-42
-79.7584,120.767,GLN-43
-65.037,146.121,LEU-44
64.7628,-2.83017,ALA-45
-110.125,148.289,LYS-46
-49.7957,124.413,THR-47
-129.31,47.4451,CYS-48
-71.5506,164.447,PRO-49
-135.051,135.999,VAL-50
-86.439,144.147,GLN-51
-136.81,141.508,LEU-52
-138.054,155.797,TRP-53
-144.531,157.896,VAL-54
-86.5772,-22.3434,ASP-55
-155.489,150.605,SER-56
-72.1926,114.345,THR-57
-63.455,154.603,PRO-58
-59.1538,164.929,PRO-59
-52.8989,147.885,PRO-60
81.3456,-1.97125,GLY-61
-59.9244,140.099,THR-62
-149.071,148.087,ARG-63
-83.039,144.478,VAL-64
-119.186,137.018,ARG-65
-113.221,140.546,ALA-66
-138.286,155.587,MET-67
-147.842,145.814,ALA-68
-123.993,140.93,ILE-69
-116.073,121.786,TYR-70
-107.189,143.293,LYS-71
-140.044,-176.784,GLN-72
-82.724,15.0765,SER-73
-159.65,-57.4746,GLN-74
-86.0165,122.101,HIS-75
-89.3464,-40.5318,MET-76
-100.4,18.0615,THR-77
-72.9154,148.572,GLU-78
-94.6089,163.866,VAL-79
-74.6343,117.04,VAL-80
-142.593,154.438,ARG-81
-56.7685,151.625,ARG-82
-63.847,138.183,CYS-83
-47.6141,-32.7479,PRO-84
-83.3012,-9.339,HIS-85
-109.963,-31.1842,HIS-86
-57.2856,-34.3588,GLU-87
-71.8577,-47.0914,ARG-88
-74.8531,139.957,CYS-89
-66.4944,12.9932,SER-90
-70.6576,-10.7683,ASP-91
-101.888,-18.8455,SER-92
-86.4632,168.573,ASP-93
147.326,-164.142,GLY-94
-62.753,-31.5266,LEU-95
-83.1769,144.817,ALA-96
-58.5012,150.599,PRO-97
-85.5159,-5.36499,PRO-98
-69.8292,-38.6183,GLN-99
-55.015,122.628,HIS-100
-82.7625,-40.028,LEU-101
-89.424,125.011,ILE-102
-131.354,174.092,ARG-103
-124.193,162.983,VAL-104
-122.955,132.343,GLU-105
78.1378,-22.8644,GLY-106
-72.8661,119.714,ASN-107
-84.0249,-44.8414,LEU-108
-77.3796,-13.2581,ARG-109
-58.8881,157.344,VAL-110
-163.041,166.955,GLU-111
-133.963,103.336,TYR-112
-130.329,150.879,LEU-113
-73.5323,147.695,ASP-114
-78.8015,132.494,ASP-115
-46.7596,-44.6861,ARG-116
-71.7922,-86.7333,ASN-117
-69.7731,-11.6708,THR-118
65.0566,6.95106,PHE-119
-73.3208,116.401,ARG-120
-57.5316,118.631,HIS-121
-144.336,165.352,SER-122
-95.1502,140.405,VAL-123
-128.323,108.642,VAL-124
-117.577,141.697,VAL-125
-68.0541,139.981,PRO-126
-59.4385,71.2136,TYR-127
-48.2482,128.522,GLU-128
-51.7176,-177.855,PRO-129
-86.6558,157.467,PRO-130
-101.571,160.091,GLU-131
-50.3173,116.335,VAL-132
98.649,-12.3959,GLY-133
-83.5785,156.531,SER-134
-81.6215,-33.7097,ASP-135
-174.259,-171.784,CYS-136
-71.5848,150.325,THR-137
-151.24,143.622,THR-138
-122.858,136.837,ILE-139
-93.6021,74.6956,HIS-140
-77.4092,162.927,TYR-141
-155.596,147.021,ASN-142
-142.284,174.946,TYR-143
-137.004,150.875,MET-144
-144.366,128.217,CYS-145
-102.805,77.731,ASN-146
-56.3836,-22.6094,SER-147
-75.9912,-8.68219,SER-148
-68.6962,166.816,CYS-149
-49.7227,-43.3928,MET-150
94.9653,-2.28736,GLY-151
75.4056,-128.562,GLY-152
-137.092,-18.4,ILE-153
-150.378,117.428,ASN-154
-76.2292,117.736,ARG-155
-147.211,152.102,ARG-156
-62.1023,155.098,PRO-157
-122.417,153.132,ILE-158
-137.759,134.247,LEU-159
-87.9642,138.65,THR-160
-108.618,134.005,ILE-161
-128.175,110.953,ILE-162
-113.126,141.036,THR-163
-84.2242,123.104,LEU-164
-118.421,165.555,GLU-165
-94.0835,160.052,ASP-166
-59.927,-28.6281,SER-167
-74.3893,-1.23804,SER-168
91.4419,-1.42359,GLY-169
-77.2245,117.104,ASN-170
-67.8422,127.24,LEU-171
-120.533,-30.3139,LEU-172
-139.086,167.516,GLY-173
-149.178,138.727,ARG-174
-148.11,154.387,ASN-175
-147.205,159.777,SER-176
-155.816,148.359,PHE-177
-79.4081,130.603,GLU-178
-102.214,148.517,VAL-179
-139.995,127.399,ARG-180
-112.173,129.522,VAL-181
-165.678,169.477,CYS-182
-80.4498,-35.9301,ALA-183
-133.383,95.6859,CYS-184
-58.7021,-39.1454,PRO-185
-65.3524,-22.2161,GLY-186
-70.7093,-61.0136,ARG-187
-65.7427,-35.2494,ASP-188
-44.8568,-72.2471,ARG-189
-47.8723,-46.2024,ARG-190
-51.5223,-30.8104,THR-191
-108.688,-31.2492,GLU-192
-80.1814,-34.5627,GLU-193
-78.373,-2.52996,GLU-194
-65.67,-24.6437,ASN-195
-86.9645,151.754,LEU-196
-60.0562,-42.5613,ARG-197
-67.9106,131.551,LYS-198
-51.2781,127.016,LYS-199
-92.991,-169.555,GLY-200
-97.9831,157.954,GLU-201
-75.4261,175.054,PRO-202
176.035,145.749,HIS-203
-64.7109,106.261,HIS-204
-94.7268,12.7032,GLU-205
-73.4196,-43.2226,LEU-206
-77.338,144.235,PRO-207
-73.5412,-179.493,PRO-208
-76.9655,148.299,GLY-209
-75.4783,171.429,SER-210
-56.0732,150.688,THR-211
-71.8327,131.962,LYS-212
59.6179,175.641,ARG-213
-75.7992,153.96,ALA-214
-78.0331,-21.0906,LEU-215
-44.0339,119.771,PRO-216
-63.6762,6.57197,ASN-217
-39.2436,110.056,ASN-218
-81.7556,136.026,SER-2
-77.0488,163.641,SER-3
-86.5918,128.862,VAL-4
-63.0453,141.009,PRO-5
-80.1974,140.631,SER-6
-100.056,-4.56209,GLN-7
-84.724,145.883,LYS-8
-77.4378,128.867,THR-9
-149.795,141.647,TYR-10
-83.8895,-10.528,GLN-11
68.5171,-164.332,GLY-12
-79.4026,-1.89796,SER-13
-114.375,-3.55102,TYR-14
69.856,32.9474,GLY-15
-64.9502,112.11,PHE-16
-155.109,162.458,ARG-17
-146.771,127.491,LEU-18
-141.418,-170.715,GLY-19
-138.506,164.38,PHE-20
-106.527,129.911,LEU-21
-86.7182,102.548,HIS-22
-99.4274,16.6587,SER-23
94.9486,-155.001,GLY-24
-150.384,-1.87972,THR-25
-62.8009,146.683,ALA-26
-32.334,-34.8595,LYS-27
-71.7124,-21.4884,SER-28
-96.3069,121.864,VAL-29
-73.3728,-18.5958,THR-30
-160.214,161.023,CYS-31
-157.815,179.11,THR-32
-161.13,132.151,TYR-33
-102.705,103.208,SER-34
-69.3531,-30.7838,PRO-35
-66.7816,-1.38183,ALA-36
-127.106,-6.57515,LEU-37
41.0512,58.3023,ASN-38
-140.284,128.163,LYS-39
-97.2228,134.494,MET-40
-107.85,125.922,PHE-41
-118.023,147.641,CYS-42
-96.538,126.631,GLN-43
-64.7362,144.792,LEU-44
80.9706,-8.6544,ALA-45
-112.037,166.181,LYS-46
-68.5997,121.39,THR-47
-120.382,93.3754,CYS-48
-83.6123,143.3,PRO-49
-128.667,152.891,VAL-50
-121.479,140.87,GLN-51
-141.481,137.102,LEU-52
-124.298,151.716,TRP-53
-123.008,160.904,VAL-54
-120.113,-0.536983,ASP-55
-164.761,129.93,SER-56
-40.9284,110.482,THR-57
-54.8052,167.308,PRO-58
-61.5754,172.95,PRO-59
-78.5633,158.971,PRO-60
87.0476,4.36306,GLY-61
-73.0183,173.194,THR-62
-172.9,123.601,ARG-63
-85.8607,132.189,VAL-64
-117.039,126.208,ARG-65
-120.173,128.738,ALA-66
-131.741,173.413,MET-67
-161.723,125.355,ALA-68
-99.5871,145.981,ILE-69
-124.816,115.701,TYR-70
-103.343,132.186,LYS-71
-109.265,164.444,GLN-72
-70.4422,0.333239,SER-73
-136.323,0.798567,GLN-74
-147.854,111.124,HIS-75
-93.431,-18.0988,MET-76
-105.854,-5.08912,THR-77
-69.1052,151.491,GLU-78
-111.119,144.35,VAL-79
-48.6914,107.356,VAL-80
-117.324,157.492,ARG-81
-58.3812,144.069,ARG-82
-47.5208,142.434,CYS-83
-60.0829,-45.0449,PRO-84
-47.7457,-32.4726,HIS-85
-94.5723,-21.7833,HIS-86
-80.2726,-39.7711,GLU-87
-80.7296,24.3871,ARG-88
-128.266,167.473,CYS-89
-75.2838,16.3754,SER-90
-95.6594,-6.22919,ASP-91
-115.102,-23.1798,SER-92
-69.4574,118.13,ASP-93
-163.855,-146.533,GLY-94
-75.748,-32.0286,LEU-95
-81.3111,129.494,ALA-96
-68.1689,141.632,PRO-97
-46.7711,-45.1506,PRO-98
-53.2517,-36.7198,GLN-99
-56.6901,124.499,HIS-100
-90.8958,-38.7027,LEU-101
-87.742,114.95,ILE-102
-133.561,168.229,ARG-103
-115.266,161.661,VAL-104
-126.525,144.387,GLU-105
84.8054,-8.92822,GLY-106
-82.1469,155.874,ASN-107
-124.631,-35.7423,LEU-108
-78.2501,2.18971,ARG-109
-44.6094,137.267,VAL-110
-144.939,171.409,GLU-111
-126.684,120.762,TYR-112
-139.381,152.93,LEU-113
-99.1013,128.419,ASP-114
-57.2626,132.191,ASP-115
-56.3829,-40.1719,ARG-116
-81.5139,-58.813,ASN-117
-98.305,-1.06781,THR-118
72.411,3.98141,PHE-119
-70.8982,135.791,ARG-120
-82.8962,147.766,HIS-121
-172.197,152.73,SER-122
-83.5125,137.14,VAL-123
-127.525,132.062,VAL-124
-140.565,134.557,VAL-125
-53.1102,148.472,PRO-126
-78.9566,103.839,TYR-127
-109.012,132.884,GLU-128
-72.9636,158.337,PRO-129
-51.1925,145.675,PRO-130
-78.1427,148.567,GLU-131
-55.9148,105.625,VAL-132
99.1653,-5.94465,GLY-133
-81.9577,144.189,SER-134
-69.0231,-34.0191,ASP-135
-162.19,-179.601,CYS-136
-57.8883,130.222,THR-137
-132.886,144.99,THR-138
-133.359,140.561,ILE-139
-106.253,87.5491,HIS-140
-75.3034,-169.144,TYR-141
-173.664,135.274,ASN-142
-137.69,171.424,TYR-143
-133.12,167.954,MET-144
-155.692,115.117,CYS-145
-99.273,113.876,ASN-146
-70.4824,-34.1266,SER-147
-80.6075,29.5273,SER-148
-91.0885,174.368,CYS-149
-76.925,-28.2779,MET-150
91.4443,-21.7741,GLY-151
84.9234,171.024,GLY-152
-59.9021,-37.6706,ILE-153
-147.769,126.262,ASN-154
-57.5899,123.802,ARG-155
-149.086,158.736,ARG-156
-79.2492,176.319,PRO-157
-149.32,153.416,ILE-158
-142.4,130.479,LEU-159
-87.4493,127.141,THR-160
-101.692,121.443,ILE-161
-118.974,133.859,ILE-162
-136.323,149.807,THR-163
-101.499,134.597,LEU-164
-143.796,139.748,GLU-165
-82.824,157.301,ASP-166
-56.3985,-12.9495,SER-167
-79.2204,-9.36742,SER-168
81.0782,5.58975,GLY-169
-72.5231,138.127,ASN-170
-83.3808,127.719,LEU-171
-106.391,-48.8103,LEU-172
-158.971,161.779,GLY-173
-145.093,148.239,ARG-174
-152.297,149.591,ASN-175
-149.306,152.809,SER-176
-170.65,143.547,PHE-177
-74.0756,144.377,GLU-178
-118.353,141.886,VAL-179
-137.134,124.998,ARG-180
-97.6043,149.38,VAL-181
-164.388,-163.597,CYS-182
-109.424,-17.0211,ALA-183
-145.456,81.1785,CYS-184
-41.879,-37.0184,PRO-185
-53.6109,-57.6492,GLY-186
-57.9616,-44.7231,ARG-187
-60.8636,-61.7355,ASP-188
-56.4846,-45.9542,ARG-189
-51.2952,-58.1153,ARG-190
-55.2804,-37.7178,THR-191
-78.6384,-28.5519,GLU-192
-115.043,-31.0589,GLU-193
-62.5365,-25.4659,GLU-194
-72.6257,-21.5846,ASN-195
-62.6678,156.969,LEU-196
-68.7086,-37.6957,ARG-197
-71.2721,140.973,LYS-198
-55.7637,167.383,LYS-199
-142.078,-129.601,GLY-200
-130.187,147.258,GLU-201
-65.8896,166.025,PRO-202
-166.777,134.758,HIS-203
-55.1557,127.053,HIS-204
-91.3008,32.1965,GLU-205
-58.7145,-47.1035,LEU-206
-85.8006,171.734,PRO-207
-75.7073,-175.89,PRO-208
-58.3098,145.174,GLY-209
-74.8076,153.435,SER-210
-70.5226,162.318,THR-211
-67.8375,128.663,LYS-212
59.3331,149.569,ARG-213
-64.9075,150.169,ALA-214
-72.2075,-23.475,LEU-215
-60.815,136.855,PRO-216
-84.3313,23.5588,ASN-217
-51.9105,130.999,ASN-218
